==177796== NVPROF is profiling process 177796, command: ./cuCOSMA
==177796== Profiling application: ./cuCOSMA
==177796== Profiling result:
"Start","Duration","Grid X","Grid Y","Grid Z","Block X","Block Y","Block Z","Registers Per Thread","Static SMem","Dynamic SMem","Size","Throughput","SrcMemType","DstMemType","Device","Context","Stream","Name","Correlation_ID"
s,ms,,,,,,,,KB,KB,B,MB/s,,,,,,,
5.987637,87.472440,64,127,1,128,1,1,122,12.250000,0.000000,,,,,"Tesla V100-PCIE-32GB (0)","1","7","volta_sgemm_128x64_tt",17
6.075120,0.001888,,,,,,,,,,112,56.573899,"Pageable","Device","Tesla V100-PCIE-32GB (0)","1","7","[CUDA memcpy HtoD]",37
6.076146,0.019040,2048,1,1,384,1,1,16,0.000000,0.000000,,,,,"Tesla V100-PCIE-32GB (0)","1","7","void scal_kernel_val<double, double>(cublasScalParamsVal<double, double>)",151
6.076858,87.458808,64,127,1,128,1,1,122,12.250000,0.000000,,,,,"Tesla V100-PCIE-32GB (0)","1","7","volta_sgemm_128x64_tt",182
6.164326,0.001856,,,,,,,,,,112,57.549312,"Pageable","Device","Tesla V100-PCIE-32GB (0)","1","7","[CUDA memcpy HtoD]",202
6.165184,0.018592,2048,1,1,384,1,1,16,0.000000,0.000000,,,,,"Tesla V100-PCIE-32GB (0)","1","7","void scal_kernel_val<double, double>(cublasScalParamsVal<double, double>)",316
6.165762,87.462457,64,127,1,128,1,1,122,12.250000,0.000000,,,,,"Tesla V100-PCIE-32GB (0)","1","7","volta_sgemm_128x64_tt",347
6.253234,0.001888,,,,,,,,,,112,56.573899,"Pageable","Device","Tesla V100-PCIE-32GB (0)","1","7","[CUDA memcpy HtoD]",367
6.253891,0.018304,2048,1,1,384,1,1,16,0.000000,0.000000,,,,,"Tesla V100-PCIE-32GB (0)","1","7","void scal_kernel_val<double, double>(cublasScalParamsVal<double, double>)",481
6.255446,87.459929,64,127,1,128,1,1,122,12.250000,0.000000,,,,,"Tesla V100-PCIE-32GB (0)","1","7","volta_sgemm_128x64_tt",512
6.342915,0.001888,,,,,,,,,,112,56.573899,"Pageable","Device","Tesla V100-PCIE-32GB (0)","1","7","[CUDA memcpy HtoD]",532
6.343586,0.018048,2048,1,1,384,1,1,16,0.000000,0.000000,,,,,"Tesla V100-PCIE-32GB (0)","1","7","void scal_kernel_val<double, double>(cublasScalParamsVal<double, double>)",646
6.344069,87.463480,64,127,1,128,1,1,122,12.250000,0.000000,,,,,"Tesla V100-PCIE-32GB (0)","1","7","volta_sgemm_128x64_tt",677
6.431572,0.001856,,,,,,,,,,112,57.549312,"Pageable","Device","Tesla V100-PCIE-32GB (0)","1","7","[CUDA memcpy HtoD]",697
6.432389,0.018336,2048,1,1,384,1,1,16,0.000000,0.000000,,,,,"Tesla V100-PCIE-32GB (0)","1","7","void scal_kernel_val<double, double>(cublasScalParamsVal<double, double>)",811
6.432951,87.460729,64,127,1,128,1,1,122,12.250000,0.000000,,,,,"Tesla V100-PCIE-32GB (0)","1","7","volta_sgemm_128x64_tt",842
6.520421,0.001888,,,,,,,,,,112,56.573899,"Pageable","Device","Tesla V100-PCIE-32GB (0)","1","7","[CUDA memcpy HtoD]",862
6.521055,0.018431,2048,1,1,384,1,1,16,0.000000,0.000000,,,,,"Tesla V100-PCIE-32GB (0)","1","7","void scal_kernel_val<double, double>(cublasScalParamsVal<double, double>)",976
6.521512,87.460505,64,127,1,128,1,1,122,12.250000,0.000000,,,,,"Tesla V100-PCIE-32GB (0)","1","7","volta_sgemm_128x64_tt",1007
6.608981,0.001888,,,,,,,,,,112,56.573899,"Pageable","Device","Tesla V100-PCIE-32GB (0)","1","7","[CUDA memcpy HtoD]",1027
6.609624,0.018176,2048,1,1,384,1,1,16,0.000000,0.000000,,,,,"Tesla V100-PCIE-32GB (0)","1","7","void scal_kernel_val<double, double>(cublasScalParamsVal<double, double>)",1141
6.610085,87.459417,64,127,1,128,1,1,122,12.250000,0.000000,,,,,"Tesla V100-PCIE-32GB (0)","1","7","volta_sgemm_128x64_tt",1172
6.697554,0.001856,,,,,,,,,,112,57.549312,"Pageable","Device","Tesla V100-PCIE-32GB (0)","1","7","[CUDA memcpy HtoD]",1192
6.698183,0.017856,2048,1,1,384,1,1,16,0.000000,0.000000,,,,,"Tesla V100-PCIE-32GB (0)","1","7","void scal_kernel_val<double, double>(cublasScalParamsVal<double, double>)",1306
6.698646,87.462777,64,127,1,128,1,1,122,12.250000,0.000000,,,,,"Tesla V100-PCIE-32GB (0)","1","7","volta_sgemm_128x64_tt",1337
6.786118,0.001856,,,,,,,,,,112,57.549312,"Pageable","Device","Tesla V100-PCIE-32GB (0)","1","7","[CUDA memcpy HtoD]",1357
6.786787,0.018144,2048,1,1,384,1,1,16,0.000000,0.000000,,,,,"Tesla V100-PCIE-32GB (0)","1","7","void scal_kernel_val<double, double>(cublasScalParamsVal<double, double>)",1471
6.787263,87.459416,64,127,1,128,1,1,122,12.250000,0.000000,,,,,"Tesla V100-PCIE-32GB (0)","1","7","volta_sgemm_128x64_tt",1502
6.874731,0.001888,,,,,,,,,,112,56.573899,"Pageable","Device","Tesla V100-PCIE-32GB (0)","1","7","[CUDA memcpy HtoD]",1522
6.875366,0.018016,2048,1,1,384,1,1,16,0.000000,0.000000,,,,,"Tesla V100-PCIE-32GB (0)","1","7","void scal_kernel_val<double, double>(cublasScalParamsVal<double, double>)",1636
6.875838,87.459801,64,127,1,128,1,1,122,12.250000,0.000000,,,,,"Tesla V100-PCIE-32GB (0)","1","7","volta_sgemm_128x64_tt",1667
6.963307,0.001856,,,,,,,,,,112,57.549312,"Pageable","Device","Tesla V100-PCIE-32GB (0)","1","7","[CUDA memcpy HtoD]",1687
6.967622,0.017727,2048,1,1,384,1,1,16,0.000000,0.000000,,,,,"Tesla V100-PCIE-32GB (0)","1","7","void scal_kernel_val<double, double>(cublasScalParamsVal<double, double>)",1801
6.968085,87.765047,64,127,1,128,1,1,122,12.250000,0.000000,,,,,"Tesla V100-PCIE-32GB (0)","1","7","volta_sgemm_128x64_tt",1832
7.055860,0.001888,,,,,,,,,,112,56.573899,"Pageable","Device","Tesla V100-PCIE-32GB (0)","1","7","[CUDA memcpy HtoD]",1852
7.056487,0.018144,2048,1,1,384,1,1,16,0.000000,0.000000,,,,,"Tesla V100-PCIE-32GB (0)","1","7","void scal_kernel_val<double, double>(cublasScalParamsVal<double, double>)",1966
7.056957,87.460793,64,127,1,128,1,1,122,12.250000,0.000000,,,,,"Tesla V100-PCIE-32GB (0)","1","7","volta_sgemm_128x64_tt",1997
7.144427,0.002016,,,,,,,,,,112,52.981906,"Pageable","Device","Tesla V100-PCIE-32GB (0)","1","7","[CUDA memcpy HtoD]",2017
7.145063,0.018112,2048,1,1,384,1,1,16,0.000000,0.000000,,,,,"Tesla V100-PCIE-32GB (0)","1","7","void scal_kernel_val<double, double>(cublasScalParamsVal<double, double>)",2131
7.145528,87.470648,64,127,1,128,1,1,122,12.250000,0.000000,,,,,"Tesla V100-PCIE-32GB (0)","1","7","volta_sgemm_128x64_tt",2162
7.233010,0.001888,,,,,,,,,,112,56.573899,"Pageable","Device","Tesla V100-PCIE-32GB (0)","1","7","[CUDA memcpy HtoD]",2182
7.233674,0.018656,2048,1,1,384,1,1,16,0.000000,0.000000,,,,,"Tesla V100-PCIE-32GB (0)","1","7","void scal_kernel_val<double, double>(cublasScalParamsVal<double, double>)",2296
7.234157,87.462617,64,127,1,128,1,1,122,12.250000,0.000000,,,,,"Tesla V100-PCIE-32GB (0)","1","7","volta_sgemm_128x64_tt",2327
7.321629,0.001888,,,,,,,,,,112,56.573899,"Pageable","Device","Tesla V100-PCIE-32GB (0)","1","7","[CUDA memcpy HtoD]",2347
7.324718,0.017600,2048,1,1,384,1,1,16,0.000000,0.000000,,,,,"Tesla V100-PCIE-32GB (0)","1","7","void scal_kernel_val<double, double>(cublasScalParamsVal<double, double>)",2461
7.325181,87.454521,64,127,1,128,1,1,122,12.250000,0.000000,,,,,"Tesla V100-PCIE-32GB (0)","1","7","volta_sgemm_128x64_tt",2492
7.412644,0.001888,,,,,,,,,,112,56.573899,"Pageable","Device","Tesla V100-PCIE-32GB (0)","1","7","[CUDA memcpy HtoD]",2512
7.413299,0.017888,2048,1,1,384,1,1,16,0.000000,0.000000,,,,,"Tesla V100-PCIE-32GB (0)","1","7","void scal_kernel_val<double, double>(cublasScalParamsVal<double, double>)",2626
7.413775,87.449272,64,127,1,128,1,1,122,12.250000,0.000000,,,,,"Tesla V100-PCIE-32GB (0)","1","7","volta_sgemm_128x64_tt",2657
7.501233,0.002208,,,,,,,,,,112,48.374784,"Pageable","Device","Tesla V100-PCIE-32GB (0)","1","7","[CUDA memcpy HtoD]",2677
7.501964,0.017312,2048,1,1,384,1,1,16,0.000000,0.000000,,,,,"Tesla V100-PCIE-32GB (0)","1","7","void scal_kernel_val<double, double>(cublasScalParamsVal<double, double>)",2791
7.504714,87.459928,64,127,1,128,1,1,122,12.250000,0.000000,,,,,"Tesla V100-PCIE-32GB (0)","1","7","volta_sgemm_128x64_tt",2822
7.592182,0.002016,,,,,,,,,,112,52.981906,"Pageable","Device","Tesla V100-PCIE-32GB (0)","1","7","[CUDA memcpy HtoD]",2842
7.592823,0.017152,2048,1,1,384,1,1,16,0.000000,0.000000,,,,,"Tesla V100-PCIE-32GB (0)","1","7","void scal_kernel_val<double, double>(cublasScalParamsVal<double, double>)",2956
7.593277,87.459000,64,127,1,128,1,1,122,12.250000,0.000000,,,,,"Tesla V100-PCIE-32GB (0)","1","7","volta_sgemm_128x64_tt",2987
7.680744,0.001888,,,,,,,,,,112,56.573899,"Pageable","Device","Tesla V100-PCIE-32GB (0)","1","7","[CUDA memcpy HtoD]",3007
7.681375,0.018144,2048,1,1,384,1,1,16,0.000000,0.000000,,,,,"Tesla V100-PCIE-32GB (0)","1","7","void scal_kernel_val<double, double>(cublasScalParamsVal<double, double>)",3121
7.681863,87.687959,64,127,1,128,1,1,122,12.250000,0.000000,,,,,"Tesla V100-PCIE-32GB (0)","1","7","volta_sgemm_128x64_tt",3152
7.769560,0.001856,,,,,,,,,,112,57.549312,"Pageable","Device","Tesla V100-PCIE-32GB (0)","1","7","[CUDA memcpy HtoD]",3172
7.770188,0.018688,2048,1,1,384,1,1,16,0.000000,0.000000,,,,,"Tesla V100-PCIE-32GB (0)","1","7","void scal_kernel_val<double, double>(cublasScalParamsVal<double, double>)",3286
7.770667,87.654551,64,127,1,128,1,1,122,12.250000,0.000000,,,,,"Tesla V100-PCIE-32GB (0)","1","7","volta_sgemm_128x64_tt",3317
7.858331,0.002112,,,,,,,,,,112,50.573638,"Pageable","Device","Tesla V100-PCIE-32GB (0)","1","7","[CUDA memcpy HtoD]",3337
7.858970,0.018720,2048,1,1,384,1,1,16,0.000000,0.000000,,,,,"Tesla V100-PCIE-32GB (0)","1","7","void scal_kernel_val<double, double>(cublasScalParamsVal<double, double>)",3451
7.859435,87.460217,64,127,1,128,1,1,122,12.250000,0.000000,,,,,"Tesla V100-PCIE-32GB (0)","1","7","volta_sgemm_128x64_tt",3482
7.946905,0.001984,,,,,,,,,,112,53.836452,"Pageable","Device","Tesla V100-PCIE-32GB (0)","1","7","[CUDA memcpy HtoD]",3502
7.947540,0.017952,2048,1,1,384,1,1,16,0.000000,0.000000,,,,,"Tesla V100-PCIE-32GB (0)","1","7","void scal_kernel_val<double, double>(cublasScalParamsVal<double, double>)",3616
7.948010,87.662935,64,127,1,128,1,1,122,12.250000,0.000000,,,,,"Tesla V100-PCIE-32GB (0)","1","7","volta_sgemm_128x64_tt",3647
8.035684,0.001888,,,,,,,,,,112,56.573899,"Pageable","Device","Tesla V100-PCIE-32GB (0)","1","7","[CUDA memcpy HtoD]",3667
8.036326,0.018624,2048,1,1,384,1,1,16,0.000000,0.000000,,,,,"Tesla V100-PCIE-32GB (0)","1","7","void scal_kernel_val<double, double>(cublasScalParamsVal<double, double>)",3781
8.036824,87.686551,64,127,1,128,1,1,122,12.250000,0.000000,,,,,"Tesla V100-PCIE-32GB (0)","1","7","volta_sgemm_128x64_tt",3812
8.124536,0.001888,,,,,,,,,,112,56.573899,"Pageable","Device","Tesla V100-PCIE-32GB (0)","1","7","[CUDA memcpy HtoD]",3832
8.125324,0.018208,2048,1,1,384,1,1,16,0.000000,0.000000,,,,,"Tesla V100-PCIE-32GB (0)","1","7","void scal_kernel_val<double, double>(cublasScalParamsVal<double, double>)",3946
8.125800,87.668375,64,127,1,128,1,1,122,12.250000,0.000000,,,,,"Tesla V100-PCIE-32GB (0)","1","7","volta_sgemm_128x64_tt",3977
8.213478,0.001888,,,,,,,,,,112,56.573899,"Pageable","Device","Tesla V100-PCIE-32GB (0)","1","7","[CUDA memcpy HtoD]",3997
8.214162,0.017920,2048,1,1,384,1,1,16,0.000000,0.000000,,,,,"Tesla V100-PCIE-32GB (0)","1","7","void scal_kernel_val<double, double>(cublasScalParamsVal<double, double>)",4111
8.214631,87.688439,64,127,1,128,1,1,122,12.250000,0.000000,,,,,"Tesla V100-PCIE-32GB (0)","1","7","volta_sgemm_128x64_tt",4142
8.302328,0.001856,,,,,,,,,,112,57.549312,"Pageable","Device","Tesla V100-PCIE-32GB (0)","1","7","[CUDA memcpy HtoD]",4162
8.302975,0.017728,2048,1,1,384,1,1,16,0.000000,0.000000,,,,,"Tesla V100-PCIE-32GB (0)","1","7","void scal_kernel_val<double, double>(cublasScalParamsVal<double, double>)",4276
8.303452,87.685847,64,127,1,128,1,1,122,12.250000,0.000000,,,,,"Tesla V100-PCIE-32GB (0)","1","7","volta_sgemm_128x64_tt",4307
8.391149,0.001888,,,,,,,,,,112,56.573899,"Pageable","Device","Tesla V100-PCIE-32GB (0)","1","7","[CUDA memcpy HtoD]",4327
8.391789,0.017695,2048,1,1,384,1,1,16,0.000000,0.000000,,,,,"Tesla V100-PCIE-32GB (0)","1","7","void scal_kernel_val<double, double>(cublasScalParamsVal<double, double>)",4441
8.392392,87.463385,64,127,1,128,1,1,122,12.250000,0.000000,,,,,"Tesla V100-PCIE-32GB (0)","1","7","volta_sgemm_128x64_tt",4472
8.479864,0.001888,,,,,,,,,,112,56.573899,"Pageable","Device","Tesla V100-PCIE-32GB (0)","1","7","[CUDA memcpy HtoD]",4492
8.480500,0.018112,2048,1,1,384,1,1,16,0.000000,0.000000,,,,,"Tesla V100-PCIE-32GB (0)","1","7","void scal_kernel_val<double, double>(cublasScalParamsVal<double, double>)",4606
8.480967,87.700887,64,127,1,128,1,1,122,12.250000,0.000000,,,,,"Tesla V100-PCIE-32GB (0)","1","7","volta_sgemm_128x64_tt",4637
8.568677,0.001888,,,,,,,,,,112,56.573899,"Pageable","Device","Tesla V100-PCIE-32GB (0)","1","7","[CUDA memcpy HtoD]",4657
8.569345,0.017696,2048,1,1,384,1,1,16,0.000000,0.000000,,,,,"Tesla V100-PCIE-32GB (0)","1","7","void scal_kernel_val<double, double>(cublasScalParamsVal<double, double>)",4771
8.569829,87.636727,64,127,1,128,1,1,122,12.250000,0.000000,,,,,"Tesla V100-PCIE-32GB (0)","1","7","volta_sgemm_128x64_tt",4802
8.657475,0.001888,,,,,,,,,,112,56.573899,"Pageable","Device","Tesla V100-PCIE-32GB (0)","1","7","[CUDA memcpy HtoD]",4822
8.658151,0.018368,2048,1,1,384,1,1,16,0.000000,0.000000,,,,,"Tesla V100-PCIE-32GB (0)","1","7","void scal_kernel_val<double, double>(cublasScalParamsVal<double, double>)",4936
8.658813,87.462552,64,127,1,128,1,1,122,12.250000,0.000000,,,,,"Tesla V100-PCIE-32GB (0)","1","7","volta_sgemm_128x64_tt",4967
8.746284,0.001888,,,,,,,,,,112,56.573899,"Pageable","Device","Tesla V100-PCIE-32GB (0)","1","7","[CUDA memcpy HtoD]",4987
8.747090,0.018272,2048,1,1,384,1,1,16,0.000000,0.000000,,,,,"Tesla V100-PCIE-32GB (0)","1","7","void scal_kernel_val<double, double>(cublasScalParamsVal<double, double>)",5101
8.748911,87.461977,64,127,1,128,1,1,122,12.250000,0.000000,,,,,"Tesla V100-PCIE-32GB (0)","1","7","volta_sgemm_128x64_tt",5132
8.836383,0.001888,,,,,,,,,,112,56.573899,"Pageable","Device","Tesla V100-PCIE-32GB (0)","1","7","[CUDA memcpy HtoD]",5152
8.837025,0.018304,2048,1,1,384,1,1,16,0.000000,0.000000,,,,,"Tesla V100-PCIE-32GB (0)","1","7","void scal_kernel_val<double, double>(cublasScalParamsVal<double, double>)",5266
8.837642,87.698647,64,127,1,128,1,1,122,12.250000,0.000000,,,,,"Tesla V100-PCIE-32GB (0)","1","7","volta_sgemm_128x64_tt",5297
8.925350,0.002016,,,,,,,,,,112,52.981906,"Pageable","Device","Tesla V100-PCIE-32GB (0)","1","7","[CUDA memcpy HtoD]",5317
8.926052,0.018271,2048,1,1,384,1,1,16,0.000000,0.000000,,,,,"Tesla V100-PCIE-32GB (0)","1","7","void scal_kernel_val<double, double>(cublasScalParamsVal<double, double>)",5431
8.926551,87.457305,64,127,1,128,1,1,122,12.250000,0.000000,,,,,"Tesla V100-PCIE-32GB (0)","1","7","volta_sgemm_128x64_tt",5462
9.014017,0.001888,,,,,,,,,,112,56.573899,"Pageable","Device","Tesla V100-PCIE-32GB (0)","1","7","[CUDA memcpy HtoD]",5482
9.014654,0.017312,2048,1,1,384,1,1,16,0.000000,0.000000,,,,,"Tesla V100-PCIE-32GB (0)","1","7","void scal_kernel_val<double, double>(cublasScalParamsVal<double, double>)",5596
9.015111,87.459449,64,127,1,128,1,1,122,12.250000,0.000000,,,,,"Tesla V100-PCIE-32GB (0)","1","7","volta_sgemm_128x64_tt",5627
9.102580,0.001888,,,,,,,,,,112,56.573899,"Pageable","Device","Tesla V100-PCIE-32GB (0)","1","7","[CUDA memcpy HtoD]",5647
9.103213,0.018080,2048,1,1,384,1,1,16,0.000000,0.000000,,,,,"Tesla V100-PCIE-32GB (0)","1","7","void scal_kernel_val<double, double>(cublasScalParamsVal<double, double>)",5761
9.103676,87.455577,64,127,1,128,1,1,122,12.250000,0.000000,,,,,"Tesla V100-PCIE-32GB (0)","1","7","volta_sgemm_128x64_tt",5792
9.191141,0.001856,,,,,,,,,,112,57.549312,"Pageable","Device","Tesla V100-PCIE-32GB (0)","1","7","[CUDA memcpy HtoD]",5812
9.191779,0.018624,2048,1,1,384,1,1,16,0.000000,0.000000,,,,,"Tesla V100-PCIE-32GB (0)","1","7","void scal_kernel_val<double, double>(cublasScalParamsVal<double, double>)",5926
9.192239,87.463768,64,127,1,128,1,1,122,12.250000,0.000000,,,,,"Tesla V100-PCIE-32GB (0)","1","7","volta_sgemm_128x64_tt",5957
9.279713,0.001888,,,,,,,,,,112,56.573899,"Pageable","Device","Tesla V100-PCIE-32GB (0)","1","7","[CUDA memcpy HtoD]",5977
9.280349,0.018880,2048,1,1,384,1,1,16,0.000000,0.000000,,,,,"Tesla V100-PCIE-32GB (0)","1","7","void scal_kernel_val<double, double>(cublasScalParamsVal<double, double>)",6091
9.280823,87.450936,64,127,1,128,1,1,122,12.250000,0.000000,,,,,"Tesla V100-PCIE-32GB (0)","1","7","volta_sgemm_128x64_tt",6122
9.368283,0.001888,,,,,,,,,,112,56.573899,"Pageable","Device","Tesla V100-PCIE-32GB (0)","1","7","[CUDA memcpy HtoD]",6142
9.378252,0.018304,2048,1,1,384,1,1,16,0.000000,0.000000,,,,,"Tesla V100-PCIE-32GB (0)","1","7","void scal_kernel_val<double, double>(cublasScalParamsVal<double, double>)",6256
9.378733,88.008340,64,127,1,128,1,1,122,12.250000,0.000000,,,,,"Tesla V100-PCIE-32GB (0)","1","7","volta_sgemm_128x64_tt",6287
9.466750,0.001856,,,,,,,,,,112,57.549312,"Pageable","Device","Tesla V100-PCIE-32GB (0)","1","7","[CUDA memcpy HtoD]",6307
9.467379,0.018240,2048,1,1,384,1,1,16,0.000000,0.000000,,,,,"Tesla V100-PCIE-32GB (0)","1","7","void scal_kernel_val<double, double>(cublasScalParamsVal<double, double>)",6421
9.467843,87.462584,64,127,1,128,1,1,122,12.250000,0.000000,,,,,"Tesla V100-PCIE-32GB (0)","1","7","volta_sgemm_128x64_tt",6452
9.555315,0.001888,,,,,,,,,,112,56.573899,"Pageable","Device","Tesla V100-PCIE-32GB (0)","1","7","[CUDA memcpy HtoD]",6472
9.555985,0.017535,2048,1,1,384,1,1,16,0.000000,0.000000,,,,,"Tesla V100-PCIE-32GB (0)","1","7","void scal_kernel_val<double, double>(cublasScalParamsVal<double, double>)",6586
9.557596,87.446649,64,127,1,128,1,1,122,12.250000,0.000000,,,,,"Tesla V100-PCIE-32GB (0)","1","7","volta_sgemm_128x64_tt",6617
9.645052,0.001888,,,,,,,,,,112,56.573899,"Pageable","Device","Tesla V100-PCIE-32GB (0)","1","7","[CUDA memcpy HtoD]",6637
9.645687,0.017664,2048,1,1,384,1,1,16,0.000000,0.000000,,,,,"Tesla V100-PCIE-32GB (0)","1","7","void scal_kernel_val<double, double>(cublasScalParamsVal<double, double>)",6751
9.646142,87.687831,64,127,1,128,1,1,122,12.250000,0.000000,,,,,"Tesla V100-PCIE-32GB (0)","1","7","volta_sgemm_128x64_tt",6782
9.733840,0.001888,,,,,,,,,,112,56.573899,"Pageable","Device","Tesla V100-PCIE-32GB (0)","1","7","[CUDA memcpy HtoD]",6802
9.734482,0.018272,2048,1,1,384,1,1,16,0.000000,0.000000,,,,,"Tesla V100-PCIE-32GB (0)","1","7","void scal_kernel_val<double, double>(cublasScalParamsVal<double, double>)",6916
9.734992,87.461625,64,127,1,128,1,1,122,12.250000,0.000000,,,,,"Tesla V100-PCIE-32GB (0)","1","7","volta_sgemm_128x64_tt",6947
9.822463,0.001888,,,,,,,,,,112,56.573899,"Pageable","Device","Tesla V100-PCIE-32GB (0)","1","7","[CUDA memcpy HtoD]",6967
9.823099,0.017952,2048,1,1,384,1,1,16,0.000000,0.000000,,,,,"Tesla V100-PCIE-32GB (0)","1","7","void scal_kernel_val<double, double>(cublasScalParamsVal<double, double>)",7081
9.823563,87.468985,64,127,1,128,1,1,122,12.250000,0.000000,,,,,"Tesla V100-PCIE-32GB (0)","1","7","volta_sgemm_128x64_tt",7112
9.911041,0.001888,,,,,,,,,,112,56.573899,"Pageable","Device","Tesla V100-PCIE-32GB (0)","1","7","[CUDA memcpy HtoD]",7132
9.911689,0.017664,2048,1,1,384,1,1,16,0.000000,0.000000,,,,,"Tesla V100-PCIE-32GB (0)","1","7","void scal_kernel_val<double, double>(cublasScalParamsVal<double, double>)",7246
9.912158,87.471128,64,127,1,128,1,1,122,12.250000,0.000000,,,,,"Tesla V100-PCIE-32GB (0)","1","7","volta_sgemm_128x64_tt",7277
9.999638,0.001856,,,,,,,,,,112,57.549312,"Pageable","Device","Tesla V100-PCIE-32GB (0)","1","7","[CUDA memcpy HtoD]",7297
10.000268,0.018112,2048,1,1,384,1,1,16,0.000000,0.000000,,,,,"Tesla V100-PCIE-32GB (0)","1","7","void scal_kernel_val<double, double>(cublasScalParamsVal<double, double>)",7411
10.000731,87.728535,64,127,1,128,1,1,122,12.250000,0.000000,,,,,"Tesla V100-PCIE-32GB (0)","1","7","volta_sgemm_128x64_tt",7442
10.088468,0.001888,,,,,,,,,,112,56.573899,"Pageable","Device","Tesla V100-PCIE-32GB (0)","1","7","[CUDA memcpy HtoD]",7462
10.089106,0.018272,2048,1,1,384,1,1,16,0.000000,0.000000,,,,,"Tesla V100-PCIE-32GB (0)","1","7","void scal_kernel_val<double, double>(cublasScalParamsVal<double, double>)",7576
10.089579,87.467833,64,127,1,128,1,1,122,12.250000,0.000000,,,,,"Tesla V100-PCIE-32GB (0)","1","7","volta_sgemm_128x64_tt",7607
10.177057,0.001888,,,,,,,,,,112,56.573899,"Pageable","Device","Tesla V100-PCIE-32GB (0)","1","7","[CUDA memcpy HtoD]",7627
10.177707,0.018240,2048,1,1,384,1,1,16,0.000000,0.000000,,,,,"Tesla V100-PCIE-32GB (0)","1","7","void scal_kernel_val<double, double>(cublasScalParamsVal<double, double>)",7741
10.178174,87.680375,64,127,1,128,1,1,122,12.250000,0.000000,,,,,"Tesla V100-PCIE-32GB (0)","1","7","volta_sgemm_128x64_tt",7772
10.265864,0.001888,,,,,,,,,,112,56.573899,"Pageable","Device","Tesla V100-PCIE-32GB (0)","1","7","[CUDA memcpy HtoD]",7792
10.266494,0.017631,2048,1,1,384,1,1,16,0.000000,0.000000,,,,,"Tesla V100-PCIE-32GB (0)","1","7","void scal_kernel_val<double, double>(cublasScalParamsVal<double, double>)",7906
10.266958,87.451065,64,127,1,128,1,1,122,12.250000,0.000000,,,,,"Tesla V100-PCIE-32GB (0)","1","7","volta_sgemm_128x64_tt",7937
10.354418,0.001888,,,,,,,,,,112,56.573899,"Pageable","Device","Tesla V100-PCIE-32GB (0)","1","7","[CUDA memcpy HtoD]",7957
10.355078,0.017472,2048,1,1,384,1,1,16,0.000000,0.000000,,,,,"Tesla V100-PCIE-32GB (0)","1","7","void scal_kernel_val<double, double>(cublasScalParamsVal<double, double>)",8071
10.355555,87.458233,64,127,1,128,1,1,122,12.250000,0.000000,,,,,"Tesla V100-PCIE-32GB (0)","1","7","volta_sgemm_128x64_tt",8102
10.443023,0.001888,,,,,,,,,,112,56.573899,"Pageable","Device","Tesla V100-PCIE-32GB (0)","1","7","[CUDA memcpy HtoD]",8122
10.444313,0.019167,2048,1,1,384,1,1,16,0.000000,0.000000,,,,,"Tesla V100-PCIE-32GB (0)","1","7","void scal_kernel_val<double, double>(cublasScalParamsVal<double, double>)",8236
10.444778,87.464153,64,127,1,128,1,1,122,12.250000,0.000000,,,,,"Tesla V100-PCIE-32GB (0)","1","7","volta_sgemm_128x64_tt",8267
10.532250,0.001888,,,,,,,,,,112,56.573899,"Pageable","Device","Tesla V100-PCIE-32GB (0)","1","7","[CUDA memcpy HtoD]",8287
10.532892,0.018464,2048,1,1,384,1,1,16,0.000000,0.000000,,,,,"Tesla V100-PCIE-32GB (0)","1","7","void scal_kernel_val<double, double>(cublasScalParamsVal<double, double>)",8401
10.533359,87.693847,64,127,1,128,1,1,122,12.250000,0.000000,,,,,"Tesla V100-PCIE-32GB (0)","1","7","volta_sgemm_128x64_tt",8432
10.621061,0.001888,,,,,,,,,,112,56.573899,"Pageable","Device","Tesla V100-PCIE-32GB (0)","1","7","[CUDA memcpy HtoD]",8452
10.621701,0.017760,2048,1,1,384,1,1,16,0.000000,0.000000,,,,,"Tesla V100-PCIE-32GB (0)","1","7","void scal_kernel_val<double, double>(cublasScalParamsVal<double, double>)",8566
10.622160,87.475289,64,127,1,128,1,1,122,12.250000,0.000000,,,,,"Tesla V100-PCIE-32GB (0)","1","7","volta_sgemm_128x64_tt",8597
10.709644,0.001888,,,,,,,,,,112,56.573899,"Pageable","Device","Tesla V100-PCIE-32GB (0)","1","7","[CUDA memcpy HtoD]",8617
10.710303,0.019328,2048,1,1,384,1,1,16,0.000000,0.000000,,,,,"Tesla V100-PCIE-32GB (0)","1","7","void scal_kernel_val<double, double>(cublasScalParamsVal<double, double>)",8731
10.710782,87.690327,64,127,1,128,1,1,122,12.250000,0.000000,,,,,"Tesla V100-PCIE-32GB (0)","1","7","volta_sgemm_128x64_tt",8762
10.798481,0.001888,,,,,,,,,,112,56.573899,"Pageable","Device","Tesla V100-PCIE-32GB (0)","1","7","[CUDA memcpy HtoD]",8782
10.799118,0.018176,2048,1,1,384,1,1,16,0.000000,0.000000,,,,,"Tesla V100-PCIE-32GB (0)","1","7","void scal_kernel_val<double, double>(cublasScalParamsVal<double, double>)",8896
10.799595,87.703319,64,127,1,128,1,1,122,12.250000,0.000000,,,,,"Tesla V100-PCIE-32GB (0)","1","7","volta_sgemm_128x64_tt",8927
10.887307,0.001888,,,,,,,,,,112,56.573899,"Pageable","Device","Tesla V100-PCIE-32GB (0)","1","7","[CUDA memcpy HtoD]",8947
10.887969,0.018784,2048,1,1,384,1,1,16,0.000000,0.000000,,,,,"Tesla V100-PCIE-32GB (0)","1","7","void scal_kernel_val<double, double>(cublasScalParamsVal<double, double>)",9061
10.888443,87.663351,64,127,1,128,1,1,122,12.250000,0.000000,,,,,"Tesla V100-PCIE-32GB (0)","1","7","volta_sgemm_128x64_tt",9092
10.976115,0.001856,,,,,,,,,,112,57.549312,"Pageable","Device","Tesla V100-PCIE-32GB (0)","1","7","[CUDA memcpy HtoD]",9112
10.976777,0.018464,2048,1,1,384,1,1,16,0.000000,0.000000,,,,,"Tesla V100-PCIE-32GB (0)","1","7","void scal_kernel_val<double, double>(cublasScalParamsVal<double, double>)",9226
10.977251,87.472024,64,127,1,128,1,1,122,12.250000,0.000000,,,,,"Tesla V100-PCIE-32GB (0)","1","7","volta_sgemm_128x64_tt",9257
11.064732,0.001888,,,,,,,,,,112,56.573899,"Pageable","Device","Tesla V100-PCIE-32GB (0)","1","7","[CUDA memcpy HtoD]",9277
11.065368,0.017376,2048,1,1,384,1,1,16,0.000000,0.000000,,,,,"Tesla V100-PCIE-32GB (0)","1","7","void scal_kernel_val<double, double>(cublasScalParamsVal<double, double>)",9391
11.065844,87.469912,64,127,1,128,1,1,122,12.250000,0.000000,,,,,"Tesla V100-PCIE-32GB (0)","1","7","volta_sgemm_128x64_tt",9422
11.153324,0.001952,,,,,,,,,,112,54.719018,"Pageable","Device","Tesla V100-PCIE-32GB (0)","1","7","[CUDA memcpy HtoD]",9442
11.153965,0.018591,2048,1,1,384,1,1,16,0.000000,0.000000,,,,,"Tesla V100-PCIE-32GB (0)","1","7","void scal_kernel_val<double, double>(cublasScalParamsVal<double, double>)",9556
11.154429,87.632600,64,127,1,128,1,1,122,12.250000,0.000000,,,,,"Tesla V100-PCIE-32GB (0)","1","7","volta_sgemm_128x64_tt",9587
11.242070,0.001856,,,,,,,,,,112,57.549312,"Pageable","Device","Tesla V100-PCIE-32GB (0)","1","7","[CUDA memcpy HtoD]",9607
11.242705,0.018080,2048,1,1,384,1,1,16,0.000000,0.000000,,,,,"Tesla V100-PCIE-32GB (0)","1","7","void scal_kernel_val<double, double>(cublasScalParamsVal<double, double>)",9721
11.243186,87.472088,64,127,1,128,1,1,122,12.250000,0.000000,,,,,"Tesla V100-PCIE-32GB (0)","1","7","volta_sgemm_128x64_tt",9752
11.330670,0.001888,,,,,,,,,,112,56.573899,"Pageable","Device","Tesla V100-PCIE-32GB (0)","1","7","[CUDA memcpy HtoD]",9772
11.331331,0.018912,2048,1,1,384,1,1,16,0.000000,0.000000,,,,,"Tesla V100-PCIE-32GB (0)","1","7","void scal_kernel_val<double, double>(cublasScalParamsVal<double, double>)",9886
11.335031,87.470072,64,127,1,128,1,1,122,12.250000,0.000000,,,,,"Tesla V100-PCIE-32GB (0)","1","7","volta_sgemm_128x64_tt",9917
11.422511,0.001888,,,,,,,,,,112,56.573899,"Pageable","Device","Tesla V100-PCIE-32GB (0)","1","7","[CUDA memcpy HtoD]",9937
11.423159,0.018880,2048,1,1,384,1,1,16,0.000000,0.000000,,,,,"Tesla V100-PCIE-32GB (0)","1","7","void scal_kernel_val<double, double>(cublasScalParamsVal<double, double>)",10051
11.423623,87.674488,64,127,1,128,1,1,122,12.250000,0.000000,,,,,"Tesla V100-PCIE-32GB (0)","1","7","volta_sgemm_128x64_tt",10082
11.511307,0.002048,,,,,,,,,,112,52.154064,"Pageable","Device","Tesla V100-PCIE-32GB (0)","1","7","[CUDA memcpy HtoD]",10102
11.511990,0.018112,2048,1,1,384,1,1,16,0.000000,0.000000,,,,,"Tesla V100-PCIE-32GB (0)","1","7","void scal_kernel_val<double, double>(cublasScalParamsVal<double, double>)",10216
11.512467,87.680119,64,127,1,128,1,1,122,12.250000,0.000000,,,,,"Tesla V100-PCIE-32GB (0)","1","7","volta_sgemm_128x64_tt",10247
11.600156,0.001888,,,,,,,,,,112,56.573899,"Pageable","Device","Tesla V100-PCIE-32GB (0)","1","7","[CUDA memcpy HtoD]",10267
11.600801,0.017312,2048,1,1,384,1,1,16,0.000000,0.000000,,,,,"Tesla V100-PCIE-32GB (0)","1","7","void scal_kernel_val<double, double>(cublasScalParamsVal<double, double>)",10381
11.601259,87.656407,64,127,1,128,1,1,122,12.250000,0.000000,,,,,"Tesla V100-PCIE-32GB (0)","1","7","volta_sgemm_128x64_tt",10412
11.688925,0.001888,,,,,,,,,,112,56.573899,"Pageable","Device","Tesla V100-PCIE-32GB (0)","1","7","[CUDA memcpy HtoD]",10432
11.689601,0.018208,2048,1,1,384,1,1,16,0.000000,0.000000,,,,,"Tesla V100-PCIE-32GB (0)","1","7","void scal_kernel_val<double, double>(cublasScalParamsVal<double, double>)",10546
11.690057,87.470104,64,127,1,128,1,1,122,12.250000,0.000000,,,,,"Tesla V100-PCIE-32GB (0)","1","7","volta_sgemm_128x64_tt",10577
11.777542,0.001888,,,,,,,,,,112,56.573899,"Pageable","Device","Tesla V100-PCIE-32GB (0)","1","7","[CUDA memcpy HtoD]",10597
11.779892,0.018944,2048,1,1,384,1,1,16,0.000000,0.000000,,,,,"Tesla V100-PCIE-32GB (0)","1","7","void scal_kernel_val<double, double>(cublasScalParamsVal<double, double>)",10711
11.780350,87.463000,64,127,1,128,1,1,122,12.250000,0.000000,,,,,"Tesla V100-PCIE-32GB (0)","1","7","volta_sgemm_128x64_tt",10742
11.867822,0.001888,,,,,,,,,,112,56.573899,"Pageable","Device","Tesla V100-PCIE-32GB (0)","1","7","[CUDA memcpy HtoD]",10762
11.868464,0.018207,2048,1,1,384,1,1,16,0.000000,0.000000,,,,,"Tesla V100-PCIE-32GB (0)","1","7","void scal_kernel_val<double, double>(cublasScalParamsVal<double, double>)",10876
11.868941,87.466041,64,127,1,128,1,1,122,12.250000,0.000000,,,,,"Tesla V100-PCIE-32GB (0)","1","7","volta_sgemm_128x64_tt",10907
11.956416,0.001888,,,,,,,,,,112,56.573899,"Pageable","Device","Tesla V100-PCIE-32GB (0)","1","7","[CUDA memcpy HtoD]",10927
11.957089,0.018240,2048,1,1,384,1,1,16,0.000000,0.000000,,,,,"Tesla V100-PCIE-32GB (0)","1","7","void scal_kernel_val<double, double>(cublasScalParamsVal<double, double>)",11041
11.957581,87.678199,64,127,1,128,1,1,122,12.250000,0.000000,,,,,"Tesla V100-PCIE-32GB (0)","1","7","volta_sgemm_128x64_tt",11072
12.045268,0.001888,,,,,,,,,,112,56.573899,"Pageable","Device","Tesla V100-PCIE-32GB (0)","1","7","[CUDA memcpy HtoD]",11092
12.045966,0.017152,2048,1,1,384,1,1,16,0.000000,0.000000,,,,,"Tesla V100-PCIE-32GB (0)","1","7","void scal_kernel_val<double, double>(cublasScalParamsVal<double, double>)",11206
12.046435,87.475801,64,127,1,128,1,1,122,12.250000,0.000000,,,,,"Tesla V100-PCIE-32GB (0)","1","7","volta_sgemm_128x64_tt",11237
12.133919,0.001888,,,,,,,,,,112,56.573899,"Pageable","Device","Tesla V100-PCIE-32GB (0)","1","7","[CUDA memcpy HtoD]",11257
12.134558,0.018304,2048,1,1,384,1,1,16,0.000000,0.000000,,,,,"Tesla V100-PCIE-32GB (0)","1","7","void scal_kernel_val<double, double>(cublasScalParamsVal<double, double>)",11371
12.135019,87.471417,64,127,1,128,1,1,122,12.250000,0.000000,,,,,"Tesla V100-PCIE-32GB (0)","1","7","volta_sgemm_128x64_tt",11402
12.222502,0.002208,,,,,,,,,,112,48.374784,"Pageable","Device","Tesla V100-PCIE-32GB (0)","1","7","[CUDA memcpy HtoD]",11422
12.223167,0.017600,2048,1,1,384,1,1,16,0.000000,0.000000,,,,,"Tesla V100-PCIE-32GB (0)","1","7","void scal_kernel_val<double, double>(cublasScalParamsVal<double, double>)",11536
12.223627,87.452568,64,127,1,128,1,1,122,12.250000,0.000000,,,,,"Tesla V100-PCIE-32GB (0)","1","7","volta_sgemm_128x64_tt",11567
12.311090,0.001888,,,,,,,,,,112,56.573899,"Pageable","Device","Tesla V100-PCIE-32GB (0)","1","7","[CUDA memcpy HtoD]",11587
12.311771,0.017279,2048,1,1,384,1,1,16,0.000000,0.000000,,,,,"Tesla V100-PCIE-32GB (0)","1","7","void scal_kernel_val<double, double>(cublasScalParamsVal<double, double>)",11701
12.312257,87.460121,64,127,1,128,1,1,122,12.250000,0.000000,,,,,"Tesla V100-PCIE-32GB (0)","1","7","volta_sgemm_128x64_tt",11732
12.399727,0.001888,,,,,,,,,,112,56.573899,"Pageable","Device","Tesla V100-PCIE-32GB (0)","1","7","[CUDA memcpy HtoD]",11752
12.400385,0.017792,2048,1,1,384,1,1,16,0.000000,0.000000,,,,,"Tesla V100-PCIE-32GB (0)","1","7","void scal_kernel_val<double, double>(cublasScalParamsVal<double, double>)",11866
12.400864,87.636119,64,127,1,128,1,1,122,12.250000,0.000000,,,,,"Tesla V100-PCIE-32GB (0)","1","7","volta_sgemm_128x64_tt",11897
12.488511,0.001888,,,,,,,,,,112,56.573899,"Pageable","Device","Tesla V100-PCIE-32GB (0)","1","7","[CUDA memcpy HtoD]",11917
12.489146,0.018368,2048,1,1,384,1,1,16,0.000000,0.000000,,,,,"Tesla V100-PCIE-32GB (0)","1","7","void scal_kernel_val<double, double>(cublasScalParamsVal<double, double>)",12031
12.490872,87.653592,64,127,1,128,1,1,122,12.250000,0.000000,,,,,"Tesla V100-PCIE-32GB (0)","1","7","volta_sgemm_128x64_tt",12062
12.578542,0.001888,,,,,,,,,,112,56.573899,"Pageable","Device","Tesla V100-PCIE-32GB (0)","1","7","[CUDA memcpy HtoD]",12082
12.579181,0.018656,2048,1,1,384,1,1,16,0.000000,0.000000,,,,,"Tesla V100-PCIE-32GB (0)","1","7","void scal_kernel_val<double, double>(cublasScalParamsVal<double, double>)",12196
12.579647,87.675543,64,127,1,128,1,1,122,12.250000,0.000000,,,,,"Tesla V100-PCIE-32GB (0)","1","7","volta_sgemm_128x64_tt",12227
12.667331,0.001888,,,,,,,,,,112,56.573899,"Pageable","Device","Tesla V100-PCIE-32GB (0)","1","7","[CUDA memcpy HtoD]",12247
12.667977,0.018304,2048,1,1,384,1,1,16,0.000000,0.000000,,,,,"Tesla V100-PCIE-32GB (0)","1","7","void scal_kernel_val<double, double>(cublasScalParamsVal<double, double>)",12361
12.668454,87.702743,64,127,1,128,1,1,122,12.250000,0.000000,,,,,"Tesla V100-PCIE-32GB (0)","1","7","volta_sgemm_128x64_tt",12392
12.756166,0.001888,,,,,,,,,,112,56.573899,"Pageable","Device","Tesla V100-PCIE-32GB (0)","1","7","[CUDA memcpy HtoD]",12412
12.756807,0.017440,2048,1,1,384,1,1,16,0.000000,0.000000,,,,,"Tesla V100-PCIE-32GB (0)","1","7","void scal_kernel_val<double, double>(cublasScalParamsVal<double, double>)",12526
12.757269,87.697559,64,127,1,128,1,1,122,12.250000,0.000000,,,,,"Tesla V100-PCIE-32GB (0)","1","7","volta_sgemm_128x64_tt",12557
12.844976,0.001888,,,,,,,,,,112,56.573899,"Pageable","Device","Tesla V100-PCIE-32GB (0)","1","7","[CUDA memcpy HtoD]",12577
12.845615,0.017919,2048,1,1,384,1,1,16,0.000000,0.000000,,,,,"Tesla V100-PCIE-32GB (0)","1","7","void scal_kernel_val<double, double>(cublasScalParamsVal<double, double>)",12691
12.846072,87.458041,64,127,1,128,1,1,122,12.250000,0.000000,,,,,"Tesla V100-PCIE-32GB (0)","1","7","volta_sgemm_128x64_tt",12722
12.933541,0.001888,,,,,,,,,,112,56.573899,"Pageable","Device","Tesla V100-PCIE-32GB (0)","1","7","[CUDA memcpy HtoD]",12742
12.934176,0.017887,2048,1,1,384,1,1,16,0.000000,0.000000,,,,,"Tesla V100-PCIE-32GB (0)","1","7","void scal_kernel_val<double, double>(cublasScalParamsVal<double, double>)",12856
12.934649,87.460089,64,127,1,128,1,1,122,12.250000,0.000000,,,,,"Tesla V100-PCIE-32GB (0)","1","7","volta_sgemm_128x64_tt",12887
13.022118,0.001888,,,,,,,,,,112,56.573899,"Pageable","Device","Tesla V100-PCIE-32GB (0)","1","7","[CUDA memcpy HtoD]",12907
13.022782,0.018752,2048,1,1,384,1,1,16,0.000000,0.000000,,,,,"Tesla V100-PCIE-32GB (0)","1","7","void scal_kernel_val<double, double>(cublasScalParamsVal<double, double>)",13021
13.023259,87.714327,64,127,1,128,1,1,122,12.250000,0.000000,,,,,"Tesla V100-PCIE-32GB (0)","1","7","volta_sgemm_128x64_tt",13052
13.110982,0.001984,,,,,,,,,,112,53.836452,"Pageable","Device","Tesla V100-PCIE-32GB (0)","1","7","[CUDA memcpy HtoD]",13072
13.111647,0.017600,2048,1,1,384,1,1,16,0.000000,0.000000,,,,,"Tesla V100-PCIE-32GB (0)","1","7","void scal_kernel_val<double, double>(cublasScalParamsVal<double, double>)",13186
13.112118,87.463768,64,127,1,128,1,1,122,12.250000,0.000000,,,,,"Tesla V100-PCIE-32GB (0)","1","7","volta_sgemm_128x64_tt",13217
13.199591,0.001888,,,,,,,,,,112,56.573899,"Pageable","Device","Tesla V100-PCIE-32GB (0)","1","7","[CUDA memcpy HtoD]",13237
13.200236,0.018271,2048,1,1,384,1,1,16,0.000000,0.000000,,,,,"Tesla V100-PCIE-32GB (0)","1","7","void scal_kernel_val<double, double>(cublasScalParamsVal<double, double>)",13351
13.200714,87.468185,64,127,1,128,1,1,122,12.250000,0.000000,,,,,"Tesla V100-PCIE-32GB (0)","1","7","volta_sgemm_128x64_tt",13382
13.288200,0.001888,,,,,,,,,,112,56.573899,"Pageable","Device","Tesla V100-PCIE-32GB (0)","1","7","[CUDA memcpy HtoD]",13402
13.289009,0.017664,2048,1,1,384,1,1,16,0.000000,0.000000,,,,,"Tesla V100-PCIE-32GB (0)","1","7","void scal_kernel_val<double, double>(cublasScalParamsVal<double, double>)",13516
13.289494,87.461144,64,127,1,128,1,1,122,12.250000,0.000000,,,,,"Tesla V100-PCIE-32GB (0)","1","7","volta_sgemm_128x64_tt",13547
13.376966,0.001856,,,,,,,,,,112,57.549312,"Pageable","Device","Tesla V100-PCIE-32GB (0)","1","7","[CUDA memcpy HtoD]",13567
13.377605,0.018464,2048,1,1,384,1,1,16,0.000000,0.000000,,,,,"Tesla V100-PCIE-32GB (0)","1","7","void scal_kernel_val<double, double>(cublasScalParamsVal<double, double>)",13681
13.378071,87.672504,64,127,1,128,1,1,122,12.250000,0.000000,,,,,"Tesla V100-PCIE-32GB (0)","1","7","volta_sgemm_128x64_tt",13712
13.465752,0.001887,,,,,,,,,,112,56.603881,"Pageable","Device","Tesla V100-PCIE-32GB (0)","1","7","[CUDA memcpy HtoD]",13732
13.469744,0.017696,2048,1,1,384,1,1,16,0.000000,0.000000,,,,,"Tesla V100-PCIE-32GB (0)","1","7","void scal_kernel_val<double, double>(cublasScalParamsVal<double, double>)",13846
13.470213,87.459993,64,127,1,128,1,1,122,12.250000,0.000000,,,,,"Tesla V100-PCIE-32GB (0)","1","7","volta_sgemm_128x64_tt",13877
13.557682,0.001856,,,,,,,,,,112,57.549312,"Pageable","Device","Tesla V100-PCIE-32GB (0)","1","7","[CUDA memcpy HtoD]",13897
13.558321,0.017376,2048,1,1,384,1,1,16,0.000000,0.000000,,,,,"Tesla V100-PCIE-32GB (0)","1","7","void scal_kernel_val<double, double>(cublasScalParamsVal<double, double>)",14011
13.558786,87.670007,64,127,1,128,1,1,122,12.250000,0.000000,,,,,"Tesla V100-PCIE-32GB (0)","1","7","volta_sgemm_128x64_tt",14042
13.646468,0.001888,,,,,,,,,,112,56.573899,"Pageable","Device","Tesla V100-PCIE-32GB (0)","1","7","[CUDA memcpy HtoD]",14062
13.647111,0.018015,2048,1,1,384,1,1,16,0.000000,0.000000,,,,,"Tesla V100-PCIE-32GB (0)","1","7","void scal_kernel_val<double, double>(cublasScalParamsVal<double, double>)",14176
13.647578,87.651864,64,127,1,128,1,1,122,12.250000,0.000000,,,,,"Tesla V100-PCIE-32GB (0)","1","7","volta_sgemm_128x64_tt",14207
13.735238,0.001888,,,,,,,,,,112,56.573899,"Pageable","Device","Tesla V100-PCIE-32GB (0)","1","7","[CUDA memcpy HtoD]",14227
13.735879,0.017280,2048,1,1,384,1,1,16,0.000000,0.000000,,,,,"Tesla V100-PCIE-32GB (0)","1","7","void scal_kernel_val<double, double>(cublasScalParamsVal<double, double>)",14341
13.736337,87.658327,64,127,1,128,1,1,122,12.250000,0.000000,,,,,"Tesla V100-PCIE-32GB (0)","1","7","volta_sgemm_128x64_tt",14372
13.824004,0.001888,,,,,,,,,,112,56.573899,"Pageable","Device","Tesla V100-PCIE-32GB (0)","1","7","[CUDA memcpy HtoD]",14392
13.824669,0.017696,2048,1,1,384,1,1,16,0.000000,0.000000,,,,,"Tesla V100-PCIE-32GB (0)","1","7","void scal_kernel_val<double, double>(cublasScalParamsVal<double, double>)",14506
13.825130,87.669879,64,127,1,128,1,1,122,12.250000,0.000000,,,,,"Tesla V100-PCIE-32GB (0)","1","7","volta_sgemm_128x64_tt",14537
13.912810,0.001888,,,,,,,,,,112,56.573899,"Pageable","Device","Tesla V100-PCIE-32GB (0)","1","7","[CUDA memcpy HtoD]",14557
13.913444,0.018112,2048,1,1,384,1,1,16,0.000000,0.000000,,,,,"Tesla V100-PCIE-32GB (0)","1","7","void scal_kernel_val<double, double>(cublasScalParamsVal<double, double>)",14671
13.913923,87.463385,64,127,1,128,1,1,122,12.250000,0.000000,,,,,"Tesla V100-PCIE-32GB (0)","1","7","volta_sgemm_128x64_tt",14702
14.001396,0.001888,,,,,,,,,,112,56.573899,"Pageable","Device","Tesla V100-PCIE-32GB (0)","1","7","[CUDA memcpy HtoD]",14722
14.002630,0.018080,2048,1,1,384,1,1,16,0.000000,0.000000,,,,,"Tesla V100-PCIE-32GB (0)","1","7","void scal_kernel_val<double, double>(cublasScalParamsVal<double, double>)",14836
14.003098,87.640151,64,127,1,128,1,1,122,12.250000,0.000000,,,,,"Tesla V100-PCIE-32GB (0)","1","7","volta_sgemm_128x64_tt",14867
14.090747,0.001888,,,,,,,,,,112,56.573899,"Pageable","Device","Tesla V100-PCIE-32GB (0)","1","7","[CUDA memcpy HtoD]",14887
14.091380,0.018688,2048,1,1,384,1,1,16,0.000000,0.000000,,,,,"Tesla V100-PCIE-32GB (0)","1","7","void scal_kernel_val<double, double>(cublasScalParamsVal<double, double>)",15001
14.091849,87.650008,64,127,1,128,1,1,122,12.250000,0.000000,,,,,"Tesla V100-PCIE-32GB (0)","1","7","volta_sgemm_128x64_tt",15032
14.179508,0.001888,,,,,,,,,,112,56.573899,"Pageable","Device","Tesla V100-PCIE-32GB (0)","1","7","[CUDA memcpy HtoD]",15052
14.180158,0.017632,2048,1,1,384,1,1,16,0.000000,0.000000,,,,,"Tesla V100-PCIE-32GB (0)","1","7","void scal_kernel_val<double, double>(cublasScalParamsVal<double, double>)",15166
14.180640,87.456504,64,127,1,128,1,1,122,12.250000,0.000000,,,,,"Tesla V100-PCIE-32GB (0)","1","7","volta_sgemm_128x64_tt",15197
14.268105,0.001888,,,,,,,,,,112,56.573899,"Pageable","Device","Tesla V100-PCIE-32GB (0)","1","7","[CUDA memcpy HtoD]",15217
14.268743,0.017184,2048,1,1,384,1,1,16,0.000000,0.000000,,,,,"Tesla V100-PCIE-32GB (0)","1","7","void scal_kernel_val<double, double>(cublasScalParamsVal<double, double>)",15331
14.269199,87.465464,64,127,1,128,1,1,122,12.250000,0.000000,,,,,"Tesla V100-PCIE-32GB (0)","1","7","volta_sgemm_128x64_tt",15362
14.356673,0.001856,,,,,,,,,,112,57.549312,"Pageable","Device","Tesla V100-PCIE-32GB (0)","1","7","[CUDA memcpy HtoD]",15382
14.357305,0.018336,2048,1,1,384,1,1,16,0.000000,0.000000,,,,,"Tesla V100-PCIE-32GB (0)","1","7","void scal_kernel_val<double, double>(cublasScalParamsVal<double, double>)",15496
14.357770,87.461784,64,127,1,128,1,1,122,12.250000,0.000000,,,,,"Tesla V100-PCIE-32GB (0)","1","7","volta_sgemm_128x64_tt",15527
14.445240,0.001888,,,,,,,,,,112,56.573899,"Pageable","Device","Tesla V100-PCIE-32GB (0)","1","7","[CUDA memcpy HtoD]",15547
14.445886,0.018175,2048,1,1,384,1,1,16,0.000000,0.000000,,,,,"Tesla V100-PCIE-32GB (0)","1","7","void scal_kernel_val<double, double>(cublasScalParamsVal<double, double>)",15661
14.446362,87.655895,64,127,1,128,1,1,122,12.250000,0.000000,,,,,"Tesla V100-PCIE-32GB (0)","1","7","volta_sgemm_128x64_tt",15692
14.534028,0.001856,,,,,,,,,,112,57.549312,"Pageable","Device","Tesla V100-PCIE-32GB (0)","1","7","[CUDA memcpy HtoD]",15712
14.534663,0.017824,2048,1,1,384,1,1,16,0.000000,0.000000,,,,,"Tesla V100-PCIE-32GB (0)","1","7","void scal_kernel_val<double, double>(cublasScalParamsVal<double, double>)",15826
14.535118,87.664311,64,127,1,128,1,1,122,12.250000,0.000000,,,,,"Tesla V100-PCIE-32GB (0)","1","7","volta_sgemm_128x64_tt",15857
14.622791,0.001888,,,,,,,,,,112,56.573899,"Pageable","Device","Tesla V100-PCIE-32GB (0)","1","7","[CUDA memcpy HtoD]",15877
14.623423,0.018400,2048,1,1,384,1,1,16,0.000000,0.000000,,,,,"Tesla V100-PCIE-32GB (0)","1","7","void scal_kernel_val<double, double>(cublasScalParamsVal<double, double>)",15991
14.623889,87.654071,64,127,1,128,1,1,122,12.250000,0.000000,,,,,"Tesla V100-PCIE-32GB (0)","1","7","volta_sgemm_128x64_tt",16022
14.711552,0.001888,,,,,,,,,,112,56.573899,"Pageable","Device","Tesla V100-PCIE-32GB (0)","1","7","[CUDA memcpy HtoD]",16042
14.712190,0.018688,2048,1,1,384,1,1,16,0.000000,0.000000,,,,,"Tesla V100-PCIE-32GB (0)","1","7","void scal_kernel_val<double, double>(cublasScalParamsVal<double, double>)",16156
14.712655,87.641303,64,127,1,128,1,1,122,12.250000,0.000000,,,,,"Tesla V100-PCIE-32GB (0)","1","7","volta_sgemm_128x64_tt",16187
14.800306,0.001888,,,,,,,,,,112,56.573899,"Pageable","Device","Tesla V100-PCIE-32GB (0)","1","7","[CUDA memcpy HtoD]",16207
14.801088,0.017664,2048,1,1,384,1,1,16,0.000000,0.000000,,,,,"Tesla V100-PCIE-32GB (0)","1","7","void scal_kernel_val<double, double>(cublasScalParamsVal<double, double>)",16321
14.801821,87.619160,64,127,1,128,1,1,122,12.250000,0.000000,,,,,"Tesla V100-PCIE-32GB (0)","1","7","volta_sgemm_128x64_tt",16352
14.889449,0.001856,,,,,,,,,,112,57.549312,"Pageable","Device","Tesla V100-PCIE-32GB (0)","1","7","[CUDA memcpy HtoD]",16372
14.890094,0.018208,2048,1,1,384,1,1,16,0.000000,0.000000,,,,,"Tesla V100-PCIE-32GB (0)","1","7","void scal_kernel_val<double, double>(cublasScalParamsVal<double, double>)",16486
17.821095,91.723927,64,64,1,256,1,1,124,0.000000,16.250000,,,,,"Tesla V100-PCIE-32GB (0)","1","7","void cutlass::Kernel<cutlass::gemm::kernel::Gemm<cutlass::gemm::threadblock::MmaPipelined<cutlass::gemm::GemmShape<int=128, int=128, int=8>, cutlass::transform::threadblock::PredicatedTileIterator<cutlass::MatrixShape<int=128, int=8>, float, cutlass::layout::RowMajor, int=1, cutlass::transform::PitchLinearStripminedThreadMap<cutlass::layout::PitchLinearShape<int=8, int=128>, int=256, int=1>, int=1>, cutlass::transform::threadblock::RegularTileIterator<cutlass::MatrixShape<int=128, int=8>, float, cutlass::layout::ColumnMajor, int=1, cutlass::transform::TransposePitchLinearThreadMapSimt<cutlass::transform::PitchLinearStripminedThreadMap<cutlass::layout::PitchLinearShape<int=8, int=128>, int=256, int=1>>, int=4>, cutlass::transform::threadblock::PredicatedTileIterator<cutlass::MatrixShape<int=8, int=128>, float, cutlass::layout::RowMajor, int=0, cutlass::transform::PitchLinearStripminedThreadMap<cutlass::layout::PitchLinearShape<int=128, int=8>, int=256, int=1>, int=1>, cutlass::transform::threadblock::RegularTileIterator<cutlass::MatrixShape<int=8, int=128>, float, cutlass::layout::RowMajor, int=0, cutlass::transform::PitchLinearStripminedThreadMap<cutlass::layout::PitchLinearShape<int=128, int=8>, int=256, int=1>, int=4>, float, cutlass::layout::RowMajor, cutlass::gemm::threadblock::MmaPolicy<cutlass::gemm::warp::MmaSimt<cutlass::gemm::GemmShape<int=32, int=64, int=8>, float, cutlass::layout::ColumnMajor, float, cutlass::layout::RowMajor, float, cutlass::layout::RowMajor, cutlass::gemm::warp::MmaSimtPolicy<cutlass::MatrixShape<int=4, int=8>, cutlass::layout::RowMajorInterleaved<int=2>, cutlass::gemm::GemmShape<int=4, int=4, int=1>>, int=1, bool>, cutlass::MatrixShape<int=4, int=0>, cutlass::MatrixShape<int=0, int=0>, int=1>, cutlass::NumericArrayConverter<float, float, int=4, cutlass::FloatRoundStyle>, cutlass::NumericArrayConverter<float, float, int=4, cutlass::FloatRoundStyle>, bool>, cutlass::epilogue::threadblock::Epilogue<cutlass::gemm::GemmShape<int=128, int=128, int=8>, cutlass::gemm::warp::MmaSimt<cutlass::gemm::GemmShape<int=32, int=64, int=8>, float, cutlass::layout::ColumnMajor, float, cutlass::layout::RowMajor, float, cutlass::layout::RowMajor, cutlass::gemm::warp::MmaSimtPolicy<cutlass::MatrixShape<int=4, int=8>, cutlass::layout::RowMajorInterleaved<int=2>, cutlass::gemm::GemmShape<int=4, int=4, int=1>>, int=1, bool>, int=1, cutlass::epilogue::threadblock::PredicatedTileIterator<cutlass::epilogue::threadblock::OutputTileOptimalThreadMap<cutlass::epilogue::threadblock::OutputTileShape<int=128, int=1, int=4, int=4, int=1>, cutlass::epilogue::threadblock::OutputTileShape<int=1, int=4, int=2, int=1, int=8>, int=256, int=1, int=32>, float>, cutlass::epilogue::warp::FragmentIteratorSimt<cutlass::gemm::GemmShape<int=32, int=64, int=8>, cutlass::gemm::thread::Mma<cutlass::gemm::GemmShape<int=8, int=8, int=1>, float, cutlass::layout::ColumnMajor, float, cutlass::layout::RowMajor, float, cutlass::layout::RowMajor, cutlass::arch::OpMultiplyAdd, bool>, cutlass::layout::RowMajor, cutlass::gemm::warp::MmaSimtPolicy<cutlass::MatrixShape<int=4, int=8>, cutlass::layout::RowMajorInterleaved<int=2>, cutlass::gemm::GemmShape<int=4, int=4, int=1>>>, cutlass::epilogue::warp::TileIteratorSimt<cutlass::gemm::GemmShape<int=32, int=64, int=8>, cutlass::gemm::thread::Mma<cutlass::gemm::GemmShape<int=8, int=8, int=1>, float, cutlass::layout::ColumnMajor, float, cutlass::layout::RowMajor, float, cutlass::layout::RowMajor, cutlass::arch::OpMultiplyAdd, bool>, float, cutlass::layout::RowMajor, cutlass::gemm::warp::MmaSimtPolicy<cutlass::MatrixShape<int=4, int=8>, cutlass::layout::RowMajorInterleaved<int=2>, cutlass::gemm::GemmShape<int=4, int=4, int=1>>>, cutlass::epilogue::threadblock::SharedLoadIterator<cutlass::epilogue::threadblock::OutputTileOptimalThreadMap<cutlass::epilogue::threadblock::OutputTileShape<int=128, int=1, int=4, int=4, int=1>::CompactedThreadMap, cutlass::epilogue::threadblock::OutputTileShape<int=1, int=4, int=2, int=1, int=8>, int=256, int=1, int=32>, float, int=4>, cutlass::epilogue::thread::LinearCombination<float",16557
17.912830,0.001888,,,,,,,,,,112,56.573899,"Pageable","Device","Tesla V100-PCIE-32GB (0)","1","7","[CUDA memcpy HtoD]",16577
17.914135,0.019455,2048,1,1,384,1,1,16,0.000000,0.000000,,,,,"Tesla V100-PCIE-32GB (0)","1","7","void scal_kernel_val<double, double>(cublasScalParamsVal<double, double>)",16691
17.914582,91.712023,64,64,1,256,1,1,124,0.000000,16.250000,,,,,"Tesla V100-PCIE-32GB (0)","1","7","void cutlass::Kernel<cutlass::gemm::kernel::Gemm<cutlass::gemm::threadblock::MmaPipelined<cutlass::gemm::GemmShape<int=128, int=128, int=8>, cutlass::transform::threadblock::PredicatedTileIterator<cutlass::MatrixShape<int=128, int=8>, float, cutlass::layout::RowMajor, int=1, cutlass::transform::PitchLinearStripminedThreadMap<cutlass::layout::PitchLinearShape<int=8, int=128>, int=256, int=1>, int=1>, cutlass::transform::threadblock::RegularTileIterator<cutlass::MatrixShape<int=128, int=8>, float, cutlass::layout::ColumnMajor, int=1, cutlass::transform::TransposePitchLinearThreadMapSimt<cutlass::transform::PitchLinearStripminedThreadMap<cutlass::layout::PitchLinearShape<int=8, int=128>, int=256, int=1>>, int=4>, cutlass::transform::threadblock::PredicatedTileIterator<cutlass::MatrixShape<int=8, int=128>, float, cutlass::layout::RowMajor, int=0, cutlass::transform::PitchLinearStripminedThreadMap<cutlass::layout::PitchLinearShape<int=128, int=8>, int=256, int=1>, int=1>, cutlass::transform::threadblock::RegularTileIterator<cutlass::MatrixShape<int=8, int=128>, float, cutlass::layout::RowMajor, int=0, cutlass::transform::PitchLinearStripminedThreadMap<cutlass::layout::PitchLinearShape<int=128, int=8>, int=256, int=1>, int=4>, float, cutlass::layout::RowMajor, cutlass::gemm::threadblock::MmaPolicy<cutlass::gemm::warp::MmaSimt<cutlass::gemm::GemmShape<int=32, int=64, int=8>, float, cutlass::layout::ColumnMajor, float, cutlass::layout::RowMajor, float, cutlass::layout::RowMajor, cutlass::gemm::warp::MmaSimtPolicy<cutlass::MatrixShape<int=4, int=8>, cutlass::layout::RowMajorInterleaved<int=2>, cutlass::gemm::GemmShape<int=4, int=4, int=1>>, int=1, bool>, cutlass::MatrixShape<int=4, int=0>, cutlass::MatrixShape<int=0, int=0>, int=1>, cutlass::NumericArrayConverter<float, float, int=4, cutlass::FloatRoundStyle>, cutlass::NumericArrayConverter<float, float, int=4, cutlass::FloatRoundStyle>, bool>, cutlass::epilogue::threadblock::Epilogue<cutlass::gemm::GemmShape<int=128, int=128, int=8>, cutlass::gemm::warp::MmaSimt<cutlass::gemm::GemmShape<int=32, int=64, int=8>, float, cutlass::layout::ColumnMajor, float, cutlass::layout::RowMajor, float, cutlass::layout::RowMajor, cutlass::gemm::warp::MmaSimtPolicy<cutlass::MatrixShape<int=4, int=8>, cutlass::layout::RowMajorInterleaved<int=2>, cutlass::gemm::GemmShape<int=4, int=4, int=1>>, int=1, bool>, int=1, cutlass::epilogue::threadblock::PredicatedTileIterator<cutlass::epilogue::threadblock::OutputTileOptimalThreadMap<cutlass::epilogue::threadblock::OutputTileShape<int=128, int=1, int=4, int=4, int=1>, cutlass::epilogue::threadblock::OutputTileShape<int=1, int=4, int=2, int=1, int=8>, int=256, int=1, int=32>, float>, cutlass::epilogue::warp::FragmentIteratorSimt<cutlass::gemm::GemmShape<int=32, int=64, int=8>, cutlass::gemm::thread::Mma<cutlass::gemm::GemmShape<int=8, int=8, int=1>, float, cutlass::layout::ColumnMajor, float, cutlass::layout::RowMajor, float, cutlass::layout::RowMajor, cutlass::arch::OpMultiplyAdd, bool>, cutlass::layout::RowMajor, cutlass::gemm::warp::MmaSimtPolicy<cutlass::MatrixShape<int=4, int=8>, cutlass::layout::RowMajorInterleaved<int=2>, cutlass::gemm::GemmShape<int=4, int=4, int=1>>>, cutlass::epilogue::warp::TileIteratorSimt<cutlass::gemm::GemmShape<int=32, int=64, int=8>, cutlass::gemm::thread::Mma<cutlass::gemm::GemmShape<int=8, int=8, int=1>, float, cutlass::layout::ColumnMajor, float, cutlass::layout::RowMajor, float, cutlass::layout::RowMajor, cutlass::arch::OpMultiplyAdd, bool>, float, cutlass::layout::RowMajor, cutlass::gemm::warp::MmaSimtPolicy<cutlass::MatrixShape<int=4, int=8>, cutlass::layout::RowMajorInterleaved<int=2>, cutlass::gemm::GemmShape<int=4, int=4, int=1>>>, cutlass::epilogue::threadblock::SharedLoadIterator<cutlass::epilogue::threadblock::OutputTileOptimalThreadMap<cutlass::epilogue::threadblock::OutputTileShape<int=128, int=1, int=4, int=4, int=1>::CompactedThreadMap, cutlass::epilogue::threadblock::OutputTileShape<int=1, int=4, int=2, int=1, int=8>, int=256, int=1, int=32>, float, int=4>, cutlass::epilogue::thread::LinearCombination<float",16720
18.006303,0.002176,,,,,,,,,,112,49.086178,"Pageable","Device","Tesla V100-PCIE-32GB (0)","1","7","[CUDA memcpy HtoD]",16740
18.006971,0.020000,2048,1,1,384,1,1,16,0.000000,0.000000,,,,,"Tesla V100-PCIE-32GB (0)","1","7","void scal_kernel_val<double, double>(cublasScalParamsVal<double, double>)",16854
18.007419,91.732438,64,64,1,256,1,1,124,0.000000,16.250000,,,,,"Tesla V100-PCIE-32GB (0)","1","7","void cutlass::Kernel<cutlass::gemm::kernel::Gemm<cutlass::gemm::threadblock::MmaPipelined<cutlass::gemm::GemmShape<int=128, int=128, int=8>, cutlass::transform::threadblock::PredicatedTileIterator<cutlass::MatrixShape<int=128, int=8>, float, cutlass::layout::RowMajor, int=1, cutlass::transform::PitchLinearStripminedThreadMap<cutlass::layout::PitchLinearShape<int=8, int=128>, int=256, int=1>, int=1>, cutlass::transform::threadblock::RegularTileIterator<cutlass::MatrixShape<int=128, int=8>, float, cutlass::layout::ColumnMajor, int=1, cutlass::transform::TransposePitchLinearThreadMapSimt<cutlass::transform::PitchLinearStripminedThreadMap<cutlass::layout::PitchLinearShape<int=8, int=128>, int=256, int=1>>, int=4>, cutlass::transform::threadblock::PredicatedTileIterator<cutlass::MatrixShape<int=8, int=128>, float, cutlass::layout::RowMajor, int=0, cutlass::transform::PitchLinearStripminedThreadMap<cutlass::layout::PitchLinearShape<int=128, int=8>, int=256, int=1>, int=1>, cutlass::transform::threadblock::RegularTileIterator<cutlass::MatrixShape<int=8, int=128>, float, cutlass::layout::RowMajor, int=0, cutlass::transform::PitchLinearStripminedThreadMap<cutlass::layout::PitchLinearShape<int=128, int=8>, int=256, int=1>, int=4>, float, cutlass::layout::RowMajor, cutlass::gemm::threadblock::MmaPolicy<cutlass::gemm::warp::MmaSimt<cutlass::gemm::GemmShape<int=32, int=64, int=8>, float, cutlass::layout::ColumnMajor, float, cutlass::layout::RowMajor, float, cutlass::layout::RowMajor, cutlass::gemm::warp::MmaSimtPolicy<cutlass::MatrixShape<int=4, int=8>, cutlass::layout::RowMajorInterleaved<int=2>, cutlass::gemm::GemmShape<int=4, int=4, int=1>>, int=1, bool>, cutlass::MatrixShape<int=4, int=0>, cutlass::MatrixShape<int=0, int=0>, int=1>, cutlass::NumericArrayConverter<float, float, int=4, cutlass::FloatRoundStyle>, cutlass::NumericArrayConverter<float, float, int=4, cutlass::FloatRoundStyle>, bool>, cutlass::epilogue::threadblock::Epilogue<cutlass::gemm::GemmShape<int=128, int=128, int=8>, cutlass::gemm::warp::MmaSimt<cutlass::gemm::GemmShape<int=32, int=64, int=8>, float, cutlass::layout::ColumnMajor, float, cutlass::layout::RowMajor, float, cutlass::layout::RowMajor, cutlass::gemm::warp::MmaSimtPolicy<cutlass::MatrixShape<int=4, int=8>, cutlass::layout::RowMajorInterleaved<int=2>, cutlass::gemm::GemmShape<int=4, int=4, int=1>>, int=1, bool>, int=1, cutlass::epilogue::threadblock::PredicatedTileIterator<cutlass::epilogue::threadblock::OutputTileOptimalThreadMap<cutlass::epilogue::threadblock::OutputTileShape<int=128, int=1, int=4, int=4, int=1>, cutlass::epilogue::threadblock::OutputTileShape<int=1, int=4, int=2, int=1, int=8>, int=256, int=1, int=32>, float>, cutlass::epilogue::warp::FragmentIteratorSimt<cutlass::gemm::GemmShape<int=32, int=64, int=8>, cutlass::gemm::thread::Mma<cutlass::gemm::GemmShape<int=8, int=8, int=1>, float, cutlass::layout::ColumnMajor, float, cutlass::layout::RowMajor, float, cutlass::layout::RowMajor, cutlass::arch::OpMultiplyAdd, bool>, cutlass::layout::RowMajor, cutlass::gemm::warp::MmaSimtPolicy<cutlass::MatrixShape<int=4, int=8>, cutlass::layout::RowMajorInterleaved<int=2>, cutlass::gemm::GemmShape<int=4, int=4, int=1>>>, cutlass::epilogue::warp::TileIteratorSimt<cutlass::gemm::GemmShape<int=32, int=64, int=8>, cutlass::gemm::thread::Mma<cutlass::gemm::GemmShape<int=8, int=8, int=1>, float, cutlass::layout::ColumnMajor, float, cutlass::layout::RowMajor, float, cutlass::layout::RowMajor, cutlass::arch::OpMultiplyAdd, bool>, float, cutlass::layout::RowMajor, cutlass::gemm::warp::MmaSimtPolicy<cutlass::MatrixShape<int=4, int=8>, cutlass::layout::RowMajorInterleaved<int=2>, cutlass::gemm::GemmShape<int=4, int=4, int=1>>>, cutlass::epilogue::threadblock::SharedLoadIterator<cutlass::epilogue::threadblock::OutputTileOptimalThreadMap<cutlass::epilogue::threadblock::OutputTileShape<int=128, int=1, int=4, int=4, int=1>::CompactedThreadMap, cutlass::epilogue::threadblock::OutputTileShape<int=1, int=4, int=2, int=1, int=8>, int=256, int=1, int=32>, float, int=4>, cutlass::epilogue::thread::LinearCombination<float",16883
18.099159,0.001888,,,,,,,,,,112,56.573899,"Pageable","Device","Tesla V100-PCIE-32GB (0)","1","7","[CUDA memcpy HtoD]",16903
18.099820,0.019231,2048,1,1,384,1,1,16,0.000000,0.000000,,,,,"Tesla V100-PCIE-32GB (0)","1","7","void scal_kernel_val<double, double>(cublasScalParamsVal<double, double>)",17017
18.100264,91.719959,64,64,1,256,1,1,124,0.000000,16.250000,,,,,"Tesla V100-PCIE-32GB (0)","1","7","void cutlass::Kernel<cutlass::gemm::kernel::Gemm<cutlass::gemm::threadblock::MmaPipelined<cutlass::gemm::GemmShape<int=128, int=128, int=8>, cutlass::transform::threadblock::PredicatedTileIterator<cutlass::MatrixShape<int=128, int=8>, float, cutlass::layout::RowMajor, int=1, cutlass::transform::PitchLinearStripminedThreadMap<cutlass::layout::PitchLinearShape<int=8, int=128>, int=256, int=1>, int=1>, cutlass::transform::threadblock::RegularTileIterator<cutlass::MatrixShape<int=128, int=8>, float, cutlass::layout::ColumnMajor, int=1, cutlass::transform::TransposePitchLinearThreadMapSimt<cutlass::transform::PitchLinearStripminedThreadMap<cutlass::layout::PitchLinearShape<int=8, int=128>, int=256, int=1>>, int=4>, cutlass::transform::threadblock::PredicatedTileIterator<cutlass::MatrixShape<int=8, int=128>, float, cutlass::layout::RowMajor, int=0, cutlass::transform::PitchLinearStripminedThreadMap<cutlass::layout::PitchLinearShape<int=128, int=8>, int=256, int=1>, int=1>, cutlass::transform::threadblock::RegularTileIterator<cutlass::MatrixShape<int=8, int=128>, float, cutlass::layout::RowMajor, int=0, cutlass::transform::PitchLinearStripminedThreadMap<cutlass::layout::PitchLinearShape<int=128, int=8>, int=256, int=1>, int=4>, float, cutlass::layout::RowMajor, cutlass::gemm::threadblock::MmaPolicy<cutlass::gemm::warp::MmaSimt<cutlass::gemm::GemmShape<int=32, int=64, int=8>, float, cutlass::layout::ColumnMajor, float, cutlass::layout::RowMajor, float, cutlass::layout::RowMajor, cutlass::gemm::warp::MmaSimtPolicy<cutlass::MatrixShape<int=4, int=8>, cutlass::layout::RowMajorInterleaved<int=2>, cutlass::gemm::GemmShape<int=4, int=4, int=1>>, int=1, bool>, cutlass::MatrixShape<int=4, int=0>, cutlass::MatrixShape<int=0, int=0>, int=1>, cutlass::NumericArrayConverter<float, float, int=4, cutlass::FloatRoundStyle>, cutlass::NumericArrayConverter<float, float, int=4, cutlass::FloatRoundStyle>, bool>, cutlass::epilogue::threadblock::Epilogue<cutlass::gemm::GemmShape<int=128, int=128, int=8>, cutlass::gemm::warp::MmaSimt<cutlass::gemm::GemmShape<int=32, int=64, int=8>, float, cutlass::layout::ColumnMajor, float, cutlass::layout::RowMajor, float, cutlass::layout::RowMajor, cutlass::gemm::warp::MmaSimtPolicy<cutlass::MatrixShape<int=4, int=8>, cutlass::layout::RowMajorInterleaved<int=2>, cutlass::gemm::GemmShape<int=4, int=4, int=1>>, int=1, bool>, int=1, cutlass::epilogue::threadblock::PredicatedTileIterator<cutlass::epilogue::threadblock::OutputTileOptimalThreadMap<cutlass::epilogue::threadblock::OutputTileShape<int=128, int=1, int=4, int=4, int=1>, cutlass::epilogue::threadblock::OutputTileShape<int=1, int=4, int=2, int=1, int=8>, int=256, int=1, int=32>, float>, cutlass::epilogue::warp::FragmentIteratorSimt<cutlass::gemm::GemmShape<int=32, int=64, int=8>, cutlass::gemm::thread::Mma<cutlass::gemm::GemmShape<int=8, int=8, int=1>, float, cutlass::layout::ColumnMajor, float, cutlass::layout::RowMajor, float, cutlass::layout::RowMajor, cutlass::arch::OpMultiplyAdd, bool>, cutlass::layout::RowMajor, cutlass::gemm::warp::MmaSimtPolicy<cutlass::MatrixShape<int=4, int=8>, cutlass::layout::RowMajorInterleaved<int=2>, cutlass::gemm::GemmShape<int=4, int=4, int=1>>>, cutlass::epilogue::warp::TileIteratorSimt<cutlass::gemm::GemmShape<int=32, int=64, int=8>, cutlass::gemm::thread::Mma<cutlass::gemm::GemmShape<int=8, int=8, int=1>, float, cutlass::layout::ColumnMajor, float, cutlass::layout::RowMajor, float, cutlass::layout::RowMajor, cutlass::arch::OpMultiplyAdd, bool>, float, cutlass::layout::RowMajor, cutlass::gemm::warp::MmaSimtPolicy<cutlass::MatrixShape<int=4, int=8>, cutlass::layout::RowMajorInterleaved<int=2>, cutlass::gemm::GemmShape<int=4, int=4, int=1>>>, cutlass::epilogue::threadblock::SharedLoadIterator<cutlass::epilogue::threadblock::OutputTileOptimalThreadMap<cutlass::epilogue::threadblock::OutputTileShape<int=128, int=1, int=4, int=4, int=1>::CompactedThreadMap, cutlass::epilogue::threadblock::OutputTileShape<int=1, int=4, int=2, int=1, int=8>, int=256, int=1, int=32>, float, int=4>, cutlass::epilogue::thread::LinearCombination<float",17046
18.191992,0.001888,,,,,,,,,,112,56.573899,"Pageable","Device","Tesla V100-PCIE-32GB (0)","1","7","[CUDA memcpy HtoD]",17066
18.192650,0.019936,2048,1,1,384,1,1,16,0.000000,0.000000,,,,,"Tesla V100-PCIE-32GB (0)","1","7","void scal_kernel_val<double, double>(cublasScalParamsVal<double, double>)",17180
18.193112,91.724374,64,64,1,256,1,1,124,0.000000,16.250000,,,,,"Tesla V100-PCIE-32GB (0)","1","7","void cutlass::Kernel<cutlass::gemm::kernel::Gemm<cutlass::gemm::threadblock::MmaPipelined<cutlass::gemm::GemmShape<int=128, int=128, int=8>, cutlass::transform::threadblock::PredicatedTileIterator<cutlass::MatrixShape<int=128, int=8>, float, cutlass::layout::RowMajor, int=1, cutlass::transform::PitchLinearStripminedThreadMap<cutlass::layout::PitchLinearShape<int=8, int=128>, int=256, int=1>, int=1>, cutlass::transform::threadblock::RegularTileIterator<cutlass::MatrixShape<int=128, int=8>, float, cutlass::layout::ColumnMajor, int=1, cutlass::transform::TransposePitchLinearThreadMapSimt<cutlass::transform::PitchLinearStripminedThreadMap<cutlass::layout::PitchLinearShape<int=8, int=128>, int=256, int=1>>, int=4>, cutlass::transform::threadblock::PredicatedTileIterator<cutlass::MatrixShape<int=8, int=128>, float, cutlass::layout::RowMajor, int=0, cutlass::transform::PitchLinearStripminedThreadMap<cutlass::layout::PitchLinearShape<int=128, int=8>, int=256, int=1>, int=1>, cutlass::transform::threadblock::RegularTileIterator<cutlass::MatrixShape<int=8, int=128>, float, cutlass::layout::RowMajor, int=0, cutlass::transform::PitchLinearStripminedThreadMap<cutlass::layout::PitchLinearShape<int=128, int=8>, int=256, int=1>, int=4>, float, cutlass::layout::RowMajor, cutlass::gemm::threadblock::MmaPolicy<cutlass::gemm::warp::MmaSimt<cutlass::gemm::GemmShape<int=32, int=64, int=8>, float, cutlass::layout::ColumnMajor, float, cutlass::layout::RowMajor, float, cutlass::layout::RowMajor, cutlass::gemm::warp::MmaSimtPolicy<cutlass::MatrixShape<int=4, int=8>, cutlass::layout::RowMajorInterleaved<int=2>, cutlass::gemm::GemmShape<int=4, int=4, int=1>>, int=1, bool>, cutlass::MatrixShape<int=4, int=0>, cutlass::MatrixShape<int=0, int=0>, int=1>, cutlass::NumericArrayConverter<float, float, int=4, cutlass::FloatRoundStyle>, cutlass::NumericArrayConverter<float, float, int=4, cutlass::FloatRoundStyle>, bool>, cutlass::epilogue::threadblock::Epilogue<cutlass::gemm::GemmShape<int=128, int=128, int=8>, cutlass::gemm::warp::MmaSimt<cutlass::gemm::GemmShape<int=32, int=64, int=8>, float, cutlass::layout::ColumnMajor, float, cutlass::layout::RowMajor, float, cutlass::layout::RowMajor, cutlass::gemm::warp::MmaSimtPolicy<cutlass::MatrixShape<int=4, int=8>, cutlass::layout::RowMajorInterleaved<int=2>, cutlass::gemm::GemmShape<int=4, int=4, int=1>>, int=1, bool>, int=1, cutlass::epilogue::threadblock::PredicatedTileIterator<cutlass::epilogue::threadblock::OutputTileOptimalThreadMap<cutlass::epilogue::threadblock::OutputTileShape<int=128, int=1, int=4, int=4, int=1>, cutlass::epilogue::threadblock::OutputTileShape<int=1, int=4, int=2, int=1, int=8>, int=256, int=1, int=32>, float>, cutlass::epilogue::warp::FragmentIteratorSimt<cutlass::gemm::GemmShape<int=32, int=64, int=8>, cutlass::gemm::thread::Mma<cutlass::gemm::GemmShape<int=8, int=8, int=1>, float, cutlass::layout::ColumnMajor, float, cutlass::layout::RowMajor, float, cutlass::layout::RowMajor, cutlass::arch::OpMultiplyAdd, bool>, cutlass::layout::RowMajor, cutlass::gemm::warp::MmaSimtPolicy<cutlass::MatrixShape<int=4, int=8>, cutlass::layout::RowMajorInterleaved<int=2>, cutlass::gemm::GemmShape<int=4, int=4, int=1>>>, cutlass::epilogue::warp::TileIteratorSimt<cutlass::gemm::GemmShape<int=32, int=64, int=8>, cutlass::gemm::thread::Mma<cutlass::gemm::GemmShape<int=8, int=8, int=1>, float, cutlass::layout::ColumnMajor, float, cutlass::layout::RowMajor, float, cutlass::layout::RowMajor, cutlass::arch::OpMultiplyAdd, bool>, float, cutlass::layout::RowMajor, cutlass::gemm::warp::MmaSimtPolicy<cutlass::MatrixShape<int=4, int=8>, cutlass::layout::RowMajorInterleaved<int=2>, cutlass::gemm::GemmShape<int=4, int=4, int=1>>>, cutlass::epilogue::threadblock::SharedLoadIterator<cutlass::epilogue::threadblock::OutputTileOptimalThreadMap<cutlass::epilogue::threadblock::OutputTileShape<int=128, int=1, int=4, int=4, int=1>::CompactedThreadMap, cutlass::epilogue::threadblock::OutputTileShape<int=1, int=4, int=2, int=1, int=8>, int=256, int=1, int=32>, float, int=4>, cutlass::epilogue::thread::LinearCombination<float",17209
18.284845,0.001856,,,,,,,,,,112,57.549312,"Pageable","Device","Tesla V100-PCIE-32GB (0)","1","7","[CUDA memcpy HtoD]",17229
18.285466,0.019520,2048,1,1,384,1,1,16,0.000000,0.000000,,,,,"Tesla V100-PCIE-32GB (0)","1","7","void scal_kernel_val<double, double>(cublasScalParamsVal<double, double>)",17343
18.285902,91.732310,64,64,1,256,1,1,124,0.000000,16.250000,,,,,"Tesla V100-PCIE-32GB (0)","1","7","void cutlass::Kernel<cutlass::gemm::kernel::Gemm<cutlass::gemm::threadblock::MmaPipelined<cutlass::gemm::GemmShape<int=128, int=128, int=8>, cutlass::transform::threadblock::PredicatedTileIterator<cutlass::MatrixShape<int=128, int=8>, float, cutlass::layout::RowMajor, int=1, cutlass::transform::PitchLinearStripminedThreadMap<cutlass::layout::PitchLinearShape<int=8, int=128>, int=256, int=1>, int=1>, cutlass::transform::threadblock::RegularTileIterator<cutlass::MatrixShape<int=128, int=8>, float, cutlass::layout::ColumnMajor, int=1, cutlass::transform::TransposePitchLinearThreadMapSimt<cutlass::transform::PitchLinearStripminedThreadMap<cutlass::layout::PitchLinearShape<int=8, int=128>, int=256, int=1>>, int=4>, cutlass::transform::threadblock::PredicatedTileIterator<cutlass::MatrixShape<int=8, int=128>, float, cutlass::layout::RowMajor, int=0, cutlass::transform::PitchLinearStripminedThreadMap<cutlass::layout::PitchLinearShape<int=128, int=8>, int=256, int=1>, int=1>, cutlass::transform::threadblock::RegularTileIterator<cutlass::MatrixShape<int=8, int=128>, float, cutlass::layout::RowMajor, int=0, cutlass::transform::PitchLinearStripminedThreadMap<cutlass::layout::PitchLinearShape<int=128, int=8>, int=256, int=1>, int=4>, float, cutlass::layout::RowMajor, cutlass::gemm::threadblock::MmaPolicy<cutlass::gemm::warp::MmaSimt<cutlass::gemm::GemmShape<int=32, int=64, int=8>, float, cutlass::layout::ColumnMajor, float, cutlass::layout::RowMajor, float, cutlass::layout::RowMajor, cutlass::gemm::warp::MmaSimtPolicy<cutlass::MatrixShape<int=4, int=8>, cutlass::layout::RowMajorInterleaved<int=2>, cutlass::gemm::GemmShape<int=4, int=4, int=1>>, int=1, bool>, cutlass::MatrixShape<int=4, int=0>, cutlass::MatrixShape<int=0, int=0>, int=1>, cutlass::NumericArrayConverter<float, float, int=4, cutlass::FloatRoundStyle>, cutlass::NumericArrayConverter<float, float, int=4, cutlass::FloatRoundStyle>, bool>, cutlass::epilogue::threadblock::Epilogue<cutlass::gemm::GemmShape<int=128, int=128, int=8>, cutlass::gemm::warp::MmaSimt<cutlass::gemm::GemmShape<int=32, int=64, int=8>, float, cutlass::layout::ColumnMajor, float, cutlass::layout::RowMajor, float, cutlass::layout::RowMajor, cutlass::gemm::warp::MmaSimtPolicy<cutlass::MatrixShape<int=4, int=8>, cutlass::layout::RowMajorInterleaved<int=2>, cutlass::gemm::GemmShape<int=4, int=4, int=1>>, int=1, bool>, int=1, cutlass::epilogue::threadblock::PredicatedTileIterator<cutlass::epilogue::threadblock::OutputTileOptimalThreadMap<cutlass::epilogue::threadblock::OutputTileShape<int=128, int=1, int=4, int=4, int=1>, cutlass::epilogue::threadblock::OutputTileShape<int=1, int=4, int=2, int=1, int=8>, int=256, int=1, int=32>, float>, cutlass::epilogue::warp::FragmentIteratorSimt<cutlass::gemm::GemmShape<int=32, int=64, int=8>, cutlass::gemm::thread::Mma<cutlass::gemm::GemmShape<int=8, int=8, int=1>, float, cutlass::layout::ColumnMajor, float, cutlass::layout::RowMajor, float, cutlass::layout::RowMajor, cutlass::arch::OpMultiplyAdd, bool>, cutlass::layout::RowMajor, cutlass::gemm::warp::MmaSimtPolicy<cutlass::MatrixShape<int=4, int=8>, cutlass::layout::RowMajorInterleaved<int=2>, cutlass::gemm::GemmShape<int=4, int=4, int=1>>>, cutlass::epilogue::warp::TileIteratorSimt<cutlass::gemm::GemmShape<int=32, int=64, int=8>, cutlass::gemm::thread::Mma<cutlass::gemm::GemmShape<int=8, int=8, int=1>, float, cutlass::layout::ColumnMajor, float, cutlass::layout::RowMajor, float, cutlass::layout::RowMajor, cutlass::arch::OpMultiplyAdd, bool>, float, cutlass::layout::RowMajor, cutlass::gemm::warp::MmaSimtPolicy<cutlass::MatrixShape<int=4, int=8>, cutlass::layout::RowMajorInterleaved<int=2>, cutlass::gemm::GemmShape<int=4, int=4, int=1>>>, cutlass::epilogue::threadblock::SharedLoadIterator<cutlass::epilogue::threadblock::OutputTileOptimalThreadMap<cutlass::epilogue::threadblock::OutputTileShape<int=128, int=1, int=4, int=4, int=1>::CompactedThreadMap, cutlass::epilogue::threadblock::OutputTileShape<int=1, int=4, int=2, int=1, int=8>, int=256, int=1, int=32>, float, int=4>, cutlass::epilogue::thread::LinearCombination<float",17372
18.377645,0.001888,,,,,,,,,,112,56.573899,"Pageable","Device","Tesla V100-PCIE-32GB (0)","1","7","[CUDA memcpy HtoD]",17392
18.378277,0.019584,2048,1,1,384,1,1,16,0.000000,0.000000,,,,,"Tesla V100-PCIE-32GB (0)","1","7","void scal_kernel_val<double, double>(cublasScalParamsVal<double, double>)",17506
18.378723,91.746582,64,64,1,256,1,1,124,0.000000,16.250000,,,,,"Tesla V100-PCIE-32GB (0)","1","7","void cutlass::Kernel<cutlass::gemm::kernel::Gemm<cutlass::gemm::threadblock::MmaPipelined<cutlass::gemm::GemmShape<int=128, int=128, int=8>, cutlass::transform::threadblock::PredicatedTileIterator<cutlass::MatrixShape<int=128, int=8>, float, cutlass::layout::RowMajor, int=1, cutlass::transform::PitchLinearStripminedThreadMap<cutlass::layout::PitchLinearShape<int=8, int=128>, int=256, int=1>, int=1>, cutlass::transform::threadblock::RegularTileIterator<cutlass::MatrixShape<int=128, int=8>, float, cutlass::layout::ColumnMajor, int=1, cutlass::transform::TransposePitchLinearThreadMapSimt<cutlass::transform::PitchLinearStripminedThreadMap<cutlass::layout::PitchLinearShape<int=8, int=128>, int=256, int=1>>, int=4>, cutlass::transform::threadblock::PredicatedTileIterator<cutlass::MatrixShape<int=8, int=128>, float, cutlass::layout::RowMajor, int=0, cutlass::transform::PitchLinearStripminedThreadMap<cutlass::layout::PitchLinearShape<int=128, int=8>, int=256, int=1>, int=1>, cutlass::transform::threadblock::RegularTileIterator<cutlass::MatrixShape<int=8, int=128>, float, cutlass::layout::RowMajor, int=0, cutlass::transform::PitchLinearStripminedThreadMap<cutlass::layout::PitchLinearShape<int=128, int=8>, int=256, int=1>, int=4>, float, cutlass::layout::RowMajor, cutlass::gemm::threadblock::MmaPolicy<cutlass::gemm::warp::MmaSimt<cutlass::gemm::GemmShape<int=32, int=64, int=8>, float, cutlass::layout::ColumnMajor, float, cutlass::layout::RowMajor, float, cutlass::layout::RowMajor, cutlass::gemm::warp::MmaSimtPolicy<cutlass::MatrixShape<int=4, int=8>, cutlass::layout::RowMajorInterleaved<int=2>, cutlass::gemm::GemmShape<int=4, int=4, int=1>>, int=1, bool>, cutlass::MatrixShape<int=4, int=0>, cutlass::MatrixShape<int=0, int=0>, int=1>, cutlass::NumericArrayConverter<float, float, int=4, cutlass::FloatRoundStyle>, cutlass::NumericArrayConverter<float, float, int=4, cutlass::FloatRoundStyle>, bool>, cutlass::epilogue::threadblock::Epilogue<cutlass::gemm::GemmShape<int=128, int=128, int=8>, cutlass::gemm::warp::MmaSimt<cutlass::gemm::GemmShape<int=32, int=64, int=8>, float, cutlass::layout::ColumnMajor, float, cutlass::layout::RowMajor, float, cutlass::layout::RowMajor, cutlass::gemm::warp::MmaSimtPolicy<cutlass::MatrixShape<int=4, int=8>, cutlass::layout::RowMajorInterleaved<int=2>, cutlass::gemm::GemmShape<int=4, int=4, int=1>>, int=1, bool>, int=1, cutlass::epilogue::threadblock::PredicatedTileIterator<cutlass::epilogue::threadblock::OutputTileOptimalThreadMap<cutlass::epilogue::threadblock::OutputTileShape<int=128, int=1, int=4, int=4, int=1>, cutlass::epilogue::threadblock::OutputTileShape<int=1, int=4, int=2, int=1, int=8>, int=256, int=1, int=32>, float>, cutlass::epilogue::warp::FragmentIteratorSimt<cutlass::gemm::GemmShape<int=32, int=64, int=8>, cutlass::gemm::thread::Mma<cutlass::gemm::GemmShape<int=8, int=8, int=1>, float, cutlass::layout::ColumnMajor, float, cutlass::layout::RowMajor, float, cutlass::layout::RowMajor, cutlass::arch::OpMultiplyAdd, bool>, cutlass::layout::RowMajor, cutlass::gemm::warp::MmaSimtPolicy<cutlass::MatrixShape<int=4, int=8>, cutlass::layout::RowMajorInterleaved<int=2>, cutlass::gemm::GemmShape<int=4, int=4, int=1>>>, cutlass::epilogue::warp::TileIteratorSimt<cutlass::gemm::GemmShape<int=32, int=64, int=8>, cutlass::gemm::thread::Mma<cutlass::gemm::GemmShape<int=8, int=8, int=1>, float, cutlass::layout::ColumnMajor, float, cutlass::layout::RowMajor, float, cutlass::layout::RowMajor, cutlass::arch::OpMultiplyAdd, bool>, float, cutlass::layout::RowMajor, cutlass::gemm::warp::MmaSimtPolicy<cutlass::MatrixShape<int=4, int=8>, cutlass::layout::RowMajorInterleaved<int=2>, cutlass::gemm::GemmShape<int=4, int=4, int=1>>>, cutlass::epilogue::threadblock::SharedLoadIterator<cutlass::epilogue::threadblock::OutputTileOptimalThreadMap<cutlass::epilogue::threadblock::OutputTileShape<int=128, int=1, int=4, int=4, int=1>::CompactedThreadMap, cutlass::epilogue::threadblock::OutputTileShape<int=1, int=4, int=2, int=1, int=8>, int=256, int=1, int=32>, float, int=4>, cutlass::epilogue::thread::LinearCombination<float",17535
18.470478,0.002080,,,,,,,,,,112,51.351693,"Pageable","Device","Tesla V100-PCIE-32GB (0)","1","7","[CUDA memcpy HtoD]",17555
18.471107,0.019584,2048,1,1,384,1,1,16,0.000000,0.000000,,,,,"Tesla V100-PCIE-32GB (0)","1","7","void scal_kernel_val<double, double>(cublasScalParamsVal<double, double>)",17669
18.471543,91.702999,64,64,1,256,1,1,124,0.000000,16.250000,,,,,"Tesla V100-PCIE-32GB (0)","1","7","void cutlass::Kernel<cutlass::gemm::kernel::Gemm<cutlass::gemm::threadblock::MmaPipelined<cutlass::gemm::GemmShape<int=128, int=128, int=8>, cutlass::transform::threadblock::PredicatedTileIterator<cutlass::MatrixShape<int=128, int=8>, float, cutlass::layout::RowMajor, int=1, cutlass::transform::PitchLinearStripminedThreadMap<cutlass::layout::PitchLinearShape<int=8, int=128>, int=256, int=1>, int=1>, cutlass::transform::threadblock::RegularTileIterator<cutlass::MatrixShape<int=128, int=8>, float, cutlass::layout::ColumnMajor, int=1, cutlass::transform::TransposePitchLinearThreadMapSimt<cutlass::transform::PitchLinearStripminedThreadMap<cutlass::layout::PitchLinearShape<int=8, int=128>, int=256, int=1>>, int=4>, cutlass::transform::threadblock::PredicatedTileIterator<cutlass::MatrixShape<int=8, int=128>, float, cutlass::layout::RowMajor, int=0, cutlass::transform::PitchLinearStripminedThreadMap<cutlass::layout::PitchLinearShape<int=128, int=8>, int=256, int=1>, int=1>, cutlass::transform::threadblock::RegularTileIterator<cutlass::MatrixShape<int=8, int=128>, float, cutlass::layout::RowMajor, int=0, cutlass::transform::PitchLinearStripminedThreadMap<cutlass::layout::PitchLinearShape<int=128, int=8>, int=256, int=1>, int=4>, float, cutlass::layout::RowMajor, cutlass::gemm::threadblock::MmaPolicy<cutlass::gemm::warp::MmaSimt<cutlass::gemm::GemmShape<int=32, int=64, int=8>, float, cutlass::layout::ColumnMajor, float, cutlass::layout::RowMajor, float, cutlass::layout::RowMajor, cutlass::gemm::warp::MmaSimtPolicy<cutlass::MatrixShape<int=4, int=8>, cutlass::layout::RowMajorInterleaved<int=2>, cutlass::gemm::GemmShape<int=4, int=4, int=1>>, int=1, bool>, cutlass::MatrixShape<int=4, int=0>, cutlass::MatrixShape<int=0, int=0>, int=1>, cutlass::NumericArrayConverter<float, float, int=4, cutlass::FloatRoundStyle>, cutlass::NumericArrayConverter<float, float, int=4, cutlass::FloatRoundStyle>, bool>, cutlass::epilogue::threadblock::Epilogue<cutlass::gemm::GemmShape<int=128, int=128, int=8>, cutlass::gemm::warp::MmaSimt<cutlass::gemm::GemmShape<int=32, int=64, int=8>, float, cutlass::layout::ColumnMajor, float, cutlass::layout::RowMajor, float, cutlass::layout::RowMajor, cutlass::gemm::warp::MmaSimtPolicy<cutlass::MatrixShape<int=4, int=8>, cutlass::layout::RowMajorInterleaved<int=2>, cutlass::gemm::GemmShape<int=4, int=4, int=1>>, int=1, bool>, int=1, cutlass::epilogue::threadblock::PredicatedTileIterator<cutlass::epilogue::threadblock::OutputTileOptimalThreadMap<cutlass::epilogue::threadblock::OutputTileShape<int=128, int=1, int=4, int=4, int=1>, cutlass::epilogue::threadblock::OutputTileShape<int=1, int=4, int=2, int=1, int=8>, int=256, int=1, int=32>, float>, cutlass::epilogue::warp::FragmentIteratorSimt<cutlass::gemm::GemmShape<int=32, int=64, int=8>, cutlass::gemm::thread::Mma<cutlass::gemm::GemmShape<int=8, int=8, int=1>, float, cutlass::layout::ColumnMajor, float, cutlass::layout::RowMajor, float, cutlass::layout::RowMajor, cutlass::arch::OpMultiplyAdd, bool>, cutlass::layout::RowMajor, cutlass::gemm::warp::MmaSimtPolicy<cutlass::MatrixShape<int=4, int=8>, cutlass::layout::RowMajorInterleaved<int=2>, cutlass::gemm::GemmShape<int=4, int=4, int=1>>>, cutlass::epilogue::warp::TileIteratorSimt<cutlass::gemm::GemmShape<int=32, int=64, int=8>, cutlass::gemm::thread::Mma<cutlass::gemm::GemmShape<int=8, int=8, int=1>, float, cutlass::layout::ColumnMajor, float, cutlass::layout::RowMajor, float, cutlass::layout::RowMajor, cutlass::arch::OpMultiplyAdd, bool>, float, cutlass::layout::RowMajor, cutlass::gemm::warp::MmaSimtPolicy<cutlass::MatrixShape<int=4, int=8>, cutlass::layout::RowMajorInterleaved<int=2>, cutlass::gemm::GemmShape<int=4, int=4, int=1>>>, cutlass::epilogue::threadblock::SharedLoadIterator<cutlass::epilogue::threadblock::OutputTileOptimalThreadMap<cutlass::epilogue::threadblock::OutputTileShape<int=128, int=1, int=4, int=4, int=1>::CompactedThreadMap, cutlass::epilogue::threadblock::OutputTileShape<int=1, int=4, int=2, int=1, int=8>, int=256, int=1, int=32>, float, int=4>, cutlass::epilogue::thread::LinearCombination<float",17698
18.563255,0.001888,,,,,,,,,,112,56.573899,"Pageable","Device","Tesla V100-PCIE-32GB (0)","1","7","[CUDA memcpy HtoD]",17718
18.563912,0.020064,2048,1,1,384,1,1,16,0.000000,0.000000,,,,,"Tesla V100-PCIE-32GB (0)","1","7","void scal_kernel_val<double, double>(cublasScalParamsVal<double, double>)",17832
18.566344,91.696439,64,64,1,256,1,1,124,0.000000,16.250000,,,,,"Tesla V100-PCIE-32GB (0)","1","7","void cutlass::Kernel<cutlass::gemm::kernel::Gemm<cutlass::gemm::threadblock::MmaPipelined<cutlass::gemm::GemmShape<int=128, int=128, int=8>, cutlass::transform::threadblock::PredicatedTileIterator<cutlass::MatrixShape<int=128, int=8>, float, cutlass::layout::RowMajor, int=1, cutlass::transform::PitchLinearStripminedThreadMap<cutlass::layout::PitchLinearShape<int=8, int=128>, int=256, int=1>, int=1>, cutlass::transform::threadblock::RegularTileIterator<cutlass::MatrixShape<int=128, int=8>, float, cutlass::layout::ColumnMajor, int=1, cutlass::transform::TransposePitchLinearThreadMapSimt<cutlass::transform::PitchLinearStripminedThreadMap<cutlass::layout::PitchLinearShape<int=8, int=128>, int=256, int=1>>, int=4>, cutlass::transform::threadblock::PredicatedTileIterator<cutlass::MatrixShape<int=8, int=128>, float, cutlass::layout::RowMajor, int=0, cutlass::transform::PitchLinearStripminedThreadMap<cutlass::layout::PitchLinearShape<int=128, int=8>, int=256, int=1>, int=1>, cutlass::transform::threadblock::RegularTileIterator<cutlass::MatrixShape<int=8, int=128>, float, cutlass::layout::RowMajor, int=0, cutlass::transform::PitchLinearStripminedThreadMap<cutlass::layout::PitchLinearShape<int=128, int=8>, int=256, int=1>, int=4>, float, cutlass::layout::RowMajor, cutlass::gemm::threadblock::MmaPolicy<cutlass::gemm::warp::MmaSimt<cutlass::gemm::GemmShape<int=32, int=64, int=8>, float, cutlass::layout::ColumnMajor, float, cutlass::layout::RowMajor, float, cutlass::layout::RowMajor, cutlass::gemm::warp::MmaSimtPolicy<cutlass::MatrixShape<int=4, int=8>, cutlass::layout::RowMajorInterleaved<int=2>, cutlass::gemm::GemmShape<int=4, int=4, int=1>>, int=1, bool>, cutlass::MatrixShape<int=4, int=0>, cutlass::MatrixShape<int=0, int=0>, int=1>, cutlass::NumericArrayConverter<float, float, int=4, cutlass::FloatRoundStyle>, cutlass::NumericArrayConverter<float, float, int=4, cutlass::FloatRoundStyle>, bool>, cutlass::epilogue::threadblock::Epilogue<cutlass::gemm::GemmShape<int=128, int=128, int=8>, cutlass::gemm::warp::MmaSimt<cutlass::gemm::GemmShape<int=32, int=64, int=8>, float, cutlass::layout::ColumnMajor, float, cutlass::layout::RowMajor, float, cutlass::layout::RowMajor, cutlass::gemm::warp::MmaSimtPolicy<cutlass::MatrixShape<int=4, int=8>, cutlass::layout::RowMajorInterleaved<int=2>, cutlass::gemm::GemmShape<int=4, int=4, int=1>>, int=1, bool>, int=1, cutlass::epilogue::threadblock::PredicatedTileIterator<cutlass::epilogue::threadblock::OutputTileOptimalThreadMap<cutlass::epilogue::threadblock::OutputTileShape<int=128, int=1, int=4, int=4, int=1>, cutlass::epilogue::threadblock::OutputTileShape<int=1, int=4, int=2, int=1, int=8>, int=256, int=1, int=32>, float>, cutlass::epilogue::warp::FragmentIteratorSimt<cutlass::gemm::GemmShape<int=32, int=64, int=8>, cutlass::gemm::thread::Mma<cutlass::gemm::GemmShape<int=8, int=8, int=1>, float, cutlass::layout::ColumnMajor, float, cutlass::layout::RowMajor, float, cutlass::layout::RowMajor, cutlass::arch::OpMultiplyAdd, bool>, cutlass::layout::RowMajor, cutlass::gemm::warp::MmaSimtPolicy<cutlass::MatrixShape<int=4, int=8>, cutlass::layout::RowMajorInterleaved<int=2>, cutlass::gemm::GemmShape<int=4, int=4, int=1>>>, cutlass::epilogue::warp::TileIteratorSimt<cutlass::gemm::GemmShape<int=32, int=64, int=8>, cutlass::gemm::thread::Mma<cutlass::gemm::GemmShape<int=8, int=8, int=1>, float, cutlass::layout::ColumnMajor, float, cutlass::layout::RowMajor, float, cutlass::layout::RowMajor, cutlass::arch::OpMultiplyAdd, bool>, float, cutlass::layout::RowMajor, cutlass::gemm::warp::MmaSimtPolicy<cutlass::MatrixShape<int=4, int=8>, cutlass::layout::RowMajorInterleaved<int=2>, cutlass::gemm::GemmShape<int=4, int=4, int=1>>>, cutlass::epilogue::threadblock::SharedLoadIterator<cutlass::epilogue::threadblock::OutputTileOptimalThreadMap<cutlass::epilogue::threadblock::OutputTileShape<int=128, int=1, int=4, int=4, int=1>::CompactedThreadMap, cutlass::epilogue::threadblock::OutputTileShape<int=1, int=4, int=2, int=1, int=8>, int=256, int=1, int=32>, float, int=4>, cutlass::epilogue::thread::LinearCombination<float",17861
18.658052,0.001887,,,,,,,,,,112,56.603881,"Pageable","Device","Tesla V100-PCIE-32GB (0)","1","7","[CUDA memcpy HtoD]",17881
18.658710,0.019392,2048,1,1,384,1,1,16,0.000000,0.000000,,,,,"Tesla V100-PCIE-32GB (0)","1","7","void scal_kernel_val<double, double>(cublasScalParamsVal<double, double>)",17995
18.659153,91.722262,64,64,1,256,1,1,124,0.000000,16.250000,,,,,"Tesla V100-PCIE-32GB (0)","1","7","void cutlass::Kernel<cutlass::gemm::kernel::Gemm<cutlass::gemm::threadblock::MmaPipelined<cutlass::gemm::GemmShape<int=128, int=128, int=8>, cutlass::transform::threadblock::PredicatedTileIterator<cutlass::MatrixShape<int=128, int=8>, float, cutlass::layout::RowMajor, int=1, cutlass::transform::PitchLinearStripminedThreadMap<cutlass::layout::PitchLinearShape<int=8, int=128>, int=256, int=1>, int=1>, cutlass::transform::threadblock::RegularTileIterator<cutlass::MatrixShape<int=128, int=8>, float, cutlass::layout::ColumnMajor, int=1, cutlass::transform::TransposePitchLinearThreadMapSimt<cutlass::transform::PitchLinearStripminedThreadMap<cutlass::layout::PitchLinearShape<int=8, int=128>, int=256, int=1>>, int=4>, cutlass::transform::threadblock::PredicatedTileIterator<cutlass::MatrixShape<int=8, int=128>, float, cutlass::layout::RowMajor, int=0, cutlass::transform::PitchLinearStripminedThreadMap<cutlass::layout::PitchLinearShape<int=128, int=8>, int=256, int=1>, int=1>, cutlass::transform::threadblock::RegularTileIterator<cutlass::MatrixShape<int=8, int=128>, float, cutlass::layout::RowMajor, int=0, cutlass::transform::PitchLinearStripminedThreadMap<cutlass::layout::PitchLinearShape<int=128, int=8>, int=256, int=1>, int=4>, float, cutlass::layout::RowMajor, cutlass::gemm::threadblock::MmaPolicy<cutlass::gemm::warp::MmaSimt<cutlass::gemm::GemmShape<int=32, int=64, int=8>, float, cutlass::layout::ColumnMajor, float, cutlass::layout::RowMajor, float, cutlass::layout::RowMajor, cutlass::gemm::warp::MmaSimtPolicy<cutlass::MatrixShape<int=4, int=8>, cutlass::layout::RowMajorInterleaved<int=2>, cutlass::gemm::GemmShape<int=4, int=4, int=1>>, int=1, bool>, cutlass::MatrixShape<int=4, int=0>, cutlass::MatrixShape<int=0, int=0>, int=1>, cutlass::NumericArrayConverter<float, float, int=4, cutlass::FloatRoundStyle>, cutlass::NumericArrayConverter<float, float, int=4, cutlass::FloatRoundStyle>, bool>, cutlass::epilogue::threadblock::Epilogue<cutlass::gemm::GemmShape<int=128, int=128, int=8>, cutlass::gemm::warp::MmaSimt<cutlass::gemm::GemmShape<int=32, int=64, int=8>, float, cutlass::layout::ColumnMajor, float, cutlass::layout::RowMajor, float, cutlass::layout::RowMajor, cutlass::gemm::warp::MmaSimtPolicy<cutlass::MatrixShape<int=4, int=8>, cutlass::layout::RowMajorInterleaved<int=2>, cutlass::gemm::GemmShape<int=4, int=4, int=1>>, int=1, bool>, int=1, cutlass::epilogue::threadblock::PredicatedTileIterator<cutlass::epilogue::threadblock::OutputTileOptimalThreadMap<cutlass::epilogue::threadblock::OutputTileShape<int=128, int=1, int=4, int=4, int=1>, cutlass::epilogue::threadblock::OutputTileShape<int=1, int=4, int=2, int=1, int=8>, int=256, int=1, int=32>, float>, cutlass::epilogue::warp::FragmentIteratorSimt<cutlass::gemm::GemmShape<int=32, int=64, int=8>, cutlass::gemm::thread::Mma<cutlass::gemm::GemmShape<int=8, int=8, int=1>, float, cutlass::layout::ColumnMajor, float, cutlass::layout::RowMajor, float, cutlass::layout::RowMajor, cutlass::arch::OpMultiplyAdd, bool>, cutlass::layout::RowMajor, cutlass::gemm::warp::MmaSimtPolicy<cutlass::MatrixShape<int=4, int=8>, cutlass::layout::RowMajorInterleaved<int=2>, cutlass::gemm::GemmShape<int=4, int=4, int=1>>>, cutlass::epilogue::warp::TileIteratorSimt<cutlass::gemm::GemmShape<int=32, int=64, int=8>, cutlass::gemm::thread::Mma<cutlass::gemm::GemmShape<int=8, int=8, int=1>, float, cutlass::layout::ColumnMajor, float, cutlass::layout::RowMajor, float, cutlass::layout::RowMajor, cutlass::arch::OpMultiplyAdd, bool>, float, cutlass::layout::RowMajor, cutlass::gemm::warp::MmaSimtPolicy<cutlass::MatrixShape<int=4, int=8>, cutlass::layout::RowMajorInterleaved<int=2>, cutlass::gemm::GemmShape<int=4, int=4, int=1>>>, cutlass::epilogue::threadblock::SharedLoadIterator<cutlass::epilogue::threadblock::OutputTileOptimalThreadMap<cutlass::epilogue::threadblock::OutputTileShape<int=128, int=1, int=4, int=4, int=1>::CompactedThreadMap, cutlass::epilogue::threadblock::OutputTileShape<int=1, int=4, int=2, int=1, int=8>, int=256, int=1, int=32>, float, int=4>, cutlass::epilogue::thread::LinearCombination<float",18024
18.750884,0.001888,,,,,,,,,,112,56.573899,"Pageable","Device","Tesla V100-PCIE-32GB (0)","1","7","[CUDA memcpy HtoD]",18044
18.751541,0.018816,2048,1,1,384,1,1,16,0.000000,0.000000,,,,,"Tesla V100-PCIE-32GB (0)","1","7","void scal_kernel_val<double, double>(cublasScalParamsVal<double, double>)",18158
18.751971,91.701847,64,64,1,256,1,1,124,0.000000,16.250000,,,,,"Tesla V100-PCIE-32GB (0)","1","7","void cutlass::Kernel<cutlass::gemm::kernel::Gemm<cutlass::gemm::threadblock::MmaPipelined<cutlass::gemm::GemmShape<int=128, int=128, int=8>, cutlass::transform::threadblock::PredicatedTileIterator<cutlass::MatrixShape<int=128, int=8>, float, cutlass::layout::RowMajor, int=1, cutlass::transform::PitchLinearStripminedThreadMap<cutlass::layout::PitchLinearShape<int=8, int=128>, int=256, int=1>, int=1>, cutlass::transform::threadblock::RegularTileIterator<cutlass::MatrixShape<int=128, int=8>, float, cutlass::layout::ColumnMajor, int=1, cutlass::transform::TransposePitchLinearThreadMapSimt<cutlass::transform::PitchLinearStripminedThreadMap<cutlass::layout::PitchLinearShape<int=8, int=128>, int=256, int=1>>, int=4>, cutlass::transform::threadblock::PredicatedTileIterator<cutlass::MatrixShape<int=8, int=128>, float, cutlass::layout::RowMajor, int=0, cutlass::transform::PitchLinearStripminedThreadMap<cutlass::layout::PitchLinearShape<int=128, int=8>, int=256, int=1>, int=1>, cutlass::transform::threadblock::RegularTileIterator<cutlass::MatrixShape<int=8, int=128>, float, cutlass::layout::RowMajor, int=0, cutlass::transform::PitchLinearStripminedThreadMap<cutlass::layout::PitchLinearShape<int=128, int=8>, int=256, int=1>, int=4>, float, cutlass::layout::RowMajor, cutlass::gemm::threadblock::MmaPolicy<cutlass::gemm::warp::MmaSimt<cutlass::gemm::GemmShape<int=32, int=64, int=8>, float, cutlass::layout::ColumnMajor, float, cutlass::layout::RowMajor, float, cutlass::layout::RowMajor, cutlass::gemm::warp::MmaSimtPolicy<cutlass::MatrixShape<int=4, int=8>, cutlass::layout::RowMajorInterleaved<int=2>, cutlass::gemm::GemmShape<int=4, int=4, int=1>>, int=1, bool>, cutlass::MatrixShape<int=4, int=0>, cutlass::MatrixShape<int=0, int=0>, int=1>, cutlass::NumericArrayConverter<float, float, int=4, cutlass::FloatRoundStyle>, cutlass::NumericArrayConverter<float, float, int=4, cutlass::FloatRoundStyle>, bool>, cutlass::epilogue::threadblock::Epilogue<cutlass::gemm::GemmShape<int=128, int=128, int=8>, cutlass::gemm::warp::MmaSimt<cutlass::gemm::GemmShape<int=32, int=64, int=8>, float, cutlass::layout::ColumnMajor, float, cutlass::layout::RowMajor, float, cutlass::layout::RowMajor, cutlass::gemm::warp::MmaSimtPolicy<cutlass::MatrixShape<int=4, int=8>, cutlass::layout::RowMajorInterleaved<int=2>, cutlass::gemm::GemmShape<int=4, int=4, int=1>>, int=1, bool>, int=1, cutlass::epilogue::threadblock::PredicatedTileIterator<cutlass::epilogue::threadblock::OutputTileOptimalThreadMap<cutlass::epilogue::threadblock::OutputTileShape<int=128, int=1, int=4, int=4, int=1>, cutlass::epilogue::threadblock::OutputTileShape<int=1, int=4, int=2, int=1, int=8>, int=256, int=1, int=32>, float>, cutlass::epilogue::warp::FragmentIteratorSimt<cutlass::gemm::GemmShape<int=32, int=64, int=8>, cutlass::gemm::thread::Mma<cutlass::gemm::GemmShape<int=8, int=8, int=1>, float, cutlass::layout::ColumnMajor, float, cutlass::layout::RowMajor, float, cutlass::layout::RowMajor, cutlass::arch::OpMultiplyAdd, bool>, cutlass::layout::RowMajor, cutlass::gemm::warp::MmaSimtPolicy<cutlass::MatrixShape<int=4, int=8>, cutlass::layout::RowMajorInterleaved<int=2>, cutlass::gemm::GemmShape<int=4, int=4, int=1>>>, cutlass::epilogue::warp::TileIteratorSimt<cutlass::gemm::GemmShape<int=32, int=64, int=8>, cutlass::gemm::thread::Mma<cutlass::gemm::GemmShape<int=8, int=8, int=1>, float, cutlass::layout::ColumnMajor, float, cutlass::layout::RowMajor, float, cutlass::layout::RowMajor, cutlass::arch::OpMultiplyAdd, bool>, float, cutlass::layout::RowMajor, cutlass::gemm::warp::MmaSimtPolicy<cutlass::MatrixShape<int=4, int=8>, cutlass::layout::RowMajorInterleaved<int=2>, cutlass::gemm::GemmShape<int=4, int=4, int=1>>>, cutlass::epilogue::threadblock::SharedLoadIterator<cutlass::epilogue::threadblock::OutputTileOptimalThreadMap<cutlass::epilogue::threadblock::OutputTileShape<int=128, int=1, int=4, int=4, int=1>::CompactedThreadMap, cutlass::epilogue::threadblock::OutputTileShape<int=1, int=4, int=2, int=1, int=8>, int=256, int=1, int=32>, float, int=4>, cutlass::epilogue::thread::LinearCombination<float",18187
18.843681,0.001888,,,,,,,,,,112,56.573899,"Pageable","Device","Tesla V100-PCIE-32GB (0)","1","7","[CUDA memcpy HtoD]",18207
18.844302,0.020031,2048,1,1,384,1,1,16,0.000000,0.000000,,,,,"Tesla V100-PCIE-32GB (0)","1","7","void scal_kernel_val<double, double>(cublasScalParamsVal<double, double>)",18321
18.844741,91.742007,64,64,1,256,1,1,124,0.000000,16.250000,,,,,"Tesla V100-PCIE-32GB (0)","1","7","void cutlass::Kernel<cutlass::gemm::kernel::Gemm<cutlass::gemm::threadblock::MmaPipelined<cutlass::gemm::GemmShape<int=128, int=128, int=8>, cutlass::transform::threadblock::PredicatedTileIterator<cutlass::MatrixShape<int=128, int=8>, float, cutlass::layout::RowMajor, int=1, cutlass::transform::PitchLinearStripminedThreadMap<cutlass::layout::PitchLinearShape<int=8, int=128>, int=256, int=1>, int=1>, cutlass::transform::threadblock::RegularTileIterator<cutlass::MatrixShape<int=128, int=8>, float, cutlass::layout::ColumnMajor, int=1, cutlass::transform::TransposePitchLinearThreadMapSimt<cutlass::transform::PitchLinearStripminedThreadMap<cutlass::layout::PitchLinearShape<int=8, int=128>, int=256, int=1>>, int=4>, cutlass::transform::threadblock::PredicatedTileIterator<cutlass::MatrixShape<int=8, int=128>, float, cutlass::layout::RowMajor, int=0, cutlass::transform::PitchLinearStripminedThreadMap<cutlass::layout::PitchLinearShape<int=128, int=8>, int=256, int=1>, int=1>, cutlass::transform::threadblock::RegularTileIterator<cutlass::MatrixShape<int=8, int=128>, float, cutlass::layout::RowMajor, int=0, cutlass::transform::PitchLinearStripminedThreadMap<cutlass::layout::PitchLinearShape<int=128, int=8>, int=256, int=1>, int=4>, float, cutlass::layout::RowMajor, cutlass::gemm::threadblock::MmaPolicy<cutlass::gemm::warp::MmaSimt<cutlass::gemm::GemmShape<int=32, int=64, int=8>, float, cutlass::layout::ColumnMajor, float, cutlass::layout::RowMajor, float, cutlass::layout::RowMajor, cutlass::gemm::warp::MmaSimtPolicy<cutlass::MatrixShape<int=4, int=8>, cutlass::layout::RowMajorInterleaved<int=2>, cutlass::gemm::GemmShape<int=4, int=4, int=1>>, int=1, bool>, cutlass::MatrixShape<int=4, int=0>, cutlass::MatrixShape<int=0, int=0>, int=1>, cutlass::NumericArrayConverter<float, float, int=4, cutlass::FloatRoundStyle>, cutlass::NumericArrayConverter<float, float, int=4, cutlass::FloatRoundStyle>, bool>, cutlass::epilogue::threadblock::Epilogue<cutlass::gemm::GemmShape<int=128, int=128, int=8>, cutlass::gemm::warp::MmaSimt<cutlass::gemm::GemmShape<int=32, int=64, int=8>, float, cutlass::layout::ColumnMajor, float, cutlass::layout::RowMajor, float, cutlass::layout::RowMajor, cutlass::gemm::warp::MmaSimtPolicy<cutlass::MatrixShape<int=4, int=8>, cutlass::layout::RowMajorInterleaved<int=2>, cutlass::gemm::GemmShape<int=4, int=4, int=1>>, int=1, bool>, int=1, cutlass::epilogue::threadblock::PredicatedTileIterator<cutlass::epilogue::threadblock::OutputTileOptimalThreadMap<cutlass::epilogue::threadblock::OutputTileShape<int=128, int=1, int=4, int=4, int=1>, cutlass::epilogue::threadblock::OutputTileShape<int=1, int=4, int=2, int=1, int=8>, int=256, int=1, int=32>, float>, cutlass::epilogue::warp::FragmentIteratorSimt<cutlass::gemm::GemmShape<int=32, int=64, int=8>, cutlass::gemm::thread::Mma<cutlass::gemm::GemmShape<int=8, int=8, int=1>, float, cutlass::layout::ColumnMajor, float, cutlass::layout::RowMajor, float, cutlass::layout::RowMajor, cutlass::arch::OpMultiplyAdd, bool>, cutlass::layout::RowMajor, cutlass::gemm::warp::MmaSimtPolicy<cutlass::MatrixShape<int=4, int=8>, cutlass::layout::RowMajorInterleaved<int=2>, cutlass::gemm::GemmShape<int=4, int=4, int=1>>>, cutlass::epilogue::warp::TileIteratorSimt<cutlass::gemm::GemmShape<int=32, int=64, int=8>, cutlass::gemm::thread::Mma<cutlass::gemm::GemmShape<int=8, int=8, int=1>, float, cutlass::layout::ColumnMajor, float, cutlass::layout::RowMajor, float, cutlass::layout::RowMajor, cutlass::arch::OpMultiplyAdd, bool>, float, cutlass::layout::RowMajor, cutlass::gemm::warp::MmaSimtPolicy<cutlass::MatrixShape<int=4, int=8>, cutlass::layout::RowMajorInterleaved<int=2>, cutlass::gemm::GemmShape<int=4, int=4, int=1>>>, cutlass::epilogue::threadblock::SharedLoadIterator<cutlass::epilogue::threadblock::OutputTileOptimalThreadMap<cutlass::epilogue::threadblock::OutputTileShape<int=128, int=1, int=4, int=4, int=1>::CompactedThreadMap, cutlass::epilogue::threadblock::OutputTileShape<int=1, int=4, int=2, int=1, int=8>, int=256, int=1, int=32>, float, int=4>, cutlass::epilogue::thread::LinearCombination<float",18350
18.936492,0.001888,,,,,,,,,,112,56.573899,"Pageable","Device","Tesla V100-PCIE-32GB (0)","1","7","[CUDA memcpy HtoD]",18370
18.937129,0.019808,2048,1,1,384,1,1,16,0.000000,0.000000,,,,,"Tesla V100-PCIE-32GB (0)","1","7","void scal_kernel_val<double, double>(cublasScalParamsVal<double, double>)",18484
18.937584,91.710519,64,64,1,256,1,1,124,0.000000,16.250000,,,,,"Tesla V100-PCIE-32GB (0)","1","7","void cutlass::Kernel<cutlass::gemm::kernel::Gemm<cutlass::gemm::threadblock::MmaPipelined<cutlass::gemm::GemmShape<int=128, int=128, int=8>, cutlass::transform::threadblock::PredicatedTileIterator<cutlass::MatrixShape<int=128, int=8>, float, cutlass::layout::RowMajor, int=1, cutlass::transform::PitchLinearStripminedThreadMap<cutlass::layout::PitchLinearShape<int=8, int=128>, int=256, int=1>, int=1>, cutlass::transform::threadblock::RegularTileIterator<cutlass::MatrixShape<int=128, int=8>, float, cutlass::layout::ColumnMajor, int=1, cutlass::transform::TransposePitchLinearThreadMapSimt<cutlass::transform::PitchLinearStripminedThreadMap<cutlass::layout::PitchLinearShape<int=8, int=128>, int=256, int=1>>, int=4>, cutlass::transform::threadblock::PredicatedTileIterator<cutlass::MatrixShape<int=8, int=128>, float, cutlass::layout::RowMajor, int=0, cutlass::transform::PitchLinearStripminedThreadMap<cutlass::layout::PitchLinearShape<int=128, int=8>, int=256, int=1>, int=1>, cutlass::transform::threadblock::RegularTileIterator<cutlass::MatrixShape<int=8, int=128>, float, cutlass::layout::RowMajor, int=0, cutlass::transform::PitchLinearStripminedThreadMap<cutlass::layout::PitchLinearShape<int=128, int=8>, int=256, int=1>, int=4>, float, cutlass::layout::RowMajor, cutlass::gemm::threadblock::MmaPolicy<cutlass::gemm::warp::MmaSimt<cutlass::gemm::GemmShape<int=32, int=64, int=8>, float, cutlass::layout::ColumnMajor, float, cutlass::layout::RowMajor, float, cutlass::layout::RowMajor, cutlass::gemm::warp::MmaSimtPolicy<cutlass::MatrixShape<int=4, int=8>, cutlass::layout::RowMajorInterleaved<int=2>, cutlass::gemm::GemmShape<int=4, int=4, int=1>>, int=1, bool>, cutlass::MatrixShape<int=4, int=0>, cutlass::MatrixShape<int=0, int=0>, int=1>, cutlass::NumericArrayConverter<float, float, int=4, cutlass::FloatRoundStyle>, cutlass::NumericArrayConverter<float, float, int=4, cutlass::FloatRoundStyle>, bool>, cutlass::epilogue::threadblock::Epilogue<cutlass::gemm::GemmShape<int=128, int=128, int=8>, cutlass::gemm::warp::MmaSimt<cutlass::gemm::GemmShape<int=32, int=64, int=8>, float, cutlass::layout::ColumnMajor, float, cutlass::layout::RowMajor, float, cutlass::layout::RowMajor, cutlass::gemm::warp::MmaSimtPolicy<cutlass::MatrixShape<int=4, int=8>, cutlass::layout::RowMajorInterleaved<int=2>, cutlass::gemm::GemmShape<int=4, int=4, int=1>>, int=1, bool>, int=1, cutlass::epilogue::threadblock::PredicatedTileIterator<cutlass::epilogue::threadblock::OutputTileOptimalThreadMap<cutlass::epilogue::threadblock::OutputTileShape<int=128, int=1, int=4, int=4, int=1>, cutlass::epilogue::threadblock::OutputTileShape<int=1, int=4, int=2, int=1, int=8>, int=256, int=1, int=32>, float>, cutlass::epilogue::warp::FragmentIteratorSimt<cutlass::gemm::GemmShape<int=32, int=64, int=8>, cutlass::gemm::thread::Mma<cutlass::gemm::GemmShape<int=8, int=8, int=1>, float, cutlass::layout::ColumnMajor, float, cutlass::layout::RowMajor, float, cutlass::layout::RowMajor, cutlass::arch::OpMultiplyAdd, bool>, cutlass::layout::RowMajor, cutlass::gemm::warp::MmaSimtPolicy<cutlass::MatrixShape<int=4, int=8>, cutlass::layout::RowMajorInterleaved<int=2>, cutlass::gemm::GemmShape<int=4, int=4, int=1>>>, cutlass::epilogue::warp::TileIteratorSimt<cutlass::gemm::GemmShape<int=32, int=64, int=8>, cutlass::gemm::thread::Mma<cutlass::gemm::GemmShape<int=8, int=8, int=1>, float, cutlass::layout::ColumnMajor, float, cutlass::layout::RowMajor, float, cutlass::layout::RowMajor, cutlass::arch::OpMultiplyAdd, bool>, float, cutlass::layout::RowMajor, cutlass::gemm::warp::MmaSimtPolicy<cutlass::MatrixShape<int=4, int=8>, cutlass::layout::RowMajorInterleaved<int=2>, cutlass::gemm::GemmShape<int=4, int=4, int=1>>>, cutlass::epilogue::threadblock::SharedLoadIterator<cutlass::epilogue::threadblock::OutputTileOptimalThreadMap<cutlass::epilogue::threadblock::OutputTileShape<int=128, int=1, int=4, int=4, int=1>::CompactedThreadMap, cutlass::epilogue::threadblock::OutputTileShape<int=1, int=4, int=2, int=1, int=8>, int=256, int=1, int=32>, float, int=4>, cutlass::epilogue::thread::LinearCombination<float",18513
19.029303,0.001887,,,,,,,,,,112,56.603881,"Pageable","Device","Tesla V100-PCIE-32GB (0)","1","7","[CUDA memcpy HtoD]",18533
19.029947,0.019712,2048,1,1,384,1,1,16,0.000000,0.000000,,,,,"Tesla V100-PCIE-32GB (0)","1","7","void scal_kernel_val<double, double>(cublasScalParamsVal<double, double>)",18647
19.030379,91.733078,64,64,1,256,1,1,124,0.000000,16.250000,,,,,"Tesla V100-PCIE-32GB (0)","1","7","void cutlass::Kernel<cutlass::gemm::kernel::Gemm<cutlass::gemm::threadblock::MmaPipelined<cutlass::gemm::GemmShape<int=128, int=128, int=8>, cutlass::transform::threadblock::PredicatedTileIterator<cutlass::MatrixShape<int=128, int=8>, float, cutlass::layout::RowMajor, int=1, cutlass::transform::PitchLinearStripminedThreadMap<cutlass::layout::PitchLinearShape<int=8, int=128>, int=256, int=1>, int=1>, cutlass::transform::threadblock::RegularTileIterator<cutlass::MatrixShape<int=128, int=8>, float, cutlass::layout::ColumnMajor, int=1, cutlass::transform::TransposePitchLinearThreadMapSimt<cutlass::transform::PitchLinearStripminedThreadMap<cutlass::layout::PitchLinearShape<int=8, int=128>, int=256, int=1>>, int=4>, cutlass::transform::threadblock::PredicatedTileIterator<cutlass::MatrixShape<int=8, int=128>, float, cutlass::layout::RowMajor, int=0, cutlass::transform::PitchLinearStripminedThreadMap<cutlass::layout::PitchLinearShape<int=128, int=8>, int=256, int=1>, int=1>, cutlass::transform::threadblock::RegularTileIterator<cutlass::MatrixShape<int=8, int=128>, float, cutlass::layout::RowMajor, int=0, cutlass::transform::PitchLinearStripminedThreadMap<cutlass::layout::PitchLinearShape<int=128, int=8>, int=256, int=1>, int=4>, float, cutlass::layout::RowMajor, cutlass::gemm::threadblock::MmaPolicy<cutlass::gemm::warp::MmaSimt<cutlass::gemm::GemmShape<int=32, int=64, int=8>, float, cutlass::layout::ColumnMajor, float, cutlass::layout::RowMajor, float, cutlass::layout::RowMajor, cutlass::gemm::warp::MmaSimtPolicy<cutlass::MatrixShape<int=4, int=8>, cutlass::layout::RowMajorInterleaved<int=2>, cutlass::gemm::GemmShape<int=4, int=4, int=1>>, int=1, bool>, cutlass::MatrixShape<int=4, int=0>, cutlass::MatrixShape<int=0, int=0>, int=1>, cutlass::NumericArrayConverter<float, float, int=4, cutlass::FloatRoundStyle>, cutlass::NumericArrayConverter<float, float, int=4, cutlass::FloatRoundStyle>, bool>, cutlass::epilogue::threadblock::Epilogue<cutlass::gemm::GemmShape<int=128, int=128, int=8>, cutlass::gemm::warp::MmaSimt<cutlass::gemm::GemmShape<int=32, int=64, int=8>, float, cutlass::layout::ColumnMajor, float, cutlass::layout::RowMajor, float, cutlass::layout::RowMajor, cutlass::gemm::warp::MmaSimtPolicy<cutlass::MatrixShape<int=4, int=8>, cutlass::layout::RowMajorInterleaved<int=2>, cutlass::gemm::GemmShape<int=4, int=4, int=1>>, int=1, bool>, int=1, cutlass::epilogue::threadblock::PredicatedTileIterator<cutlass::epilogue::threadblock::OutputTileOptimalThreadMap<cutlass::epilogue::threadblock::OutputTileShape<int=128, int=1, int=4, int=4, int=1>, cutlass::epilogue::threadblock::OutputTileShape<int=1, int=4, int=2, int=1, int=8>, int=256, int=1, int=32>, float>, cutlass::epilogue::warp::FragmentIteratorSimt<cutlass::gemm::GemmShape<int=32, int=64, int=8>, cutlass::gemm::thread::Mma<cutlass::gemm::GemmShape<int=8, int=8, int=1>, float, cutlass::layout::ColumnMajor, float, cutlass::layout::RowMajor, float, cutlass::layout::RowMajor, cutlass::arch::OpMultiplyAdd, bool>, cutlass::layout::RowMajor, cutlass::gemm::warp::MmaSimtPolicy<cutlass::MatrixShape<int=4, int=8>, cutlass::layout::RowMajorInterleaved<int=2>, cutlass::gemm::GemmShape<int=4, int=4, int=1>>>, cutlass::epilogue::warp::TileIteratorSimt<cutlass::gemm::GemmShape<int=32, int=64, int=8>, cutlass::gemm::thread::Mma<cutlass::gemm::GemmShape<int=8, int=8, int=1>, float, cutlass::layout::ColumnMajor, float, cutlass::layout::RowMajor, float, cutlass::layout::RowMajor, cutlass::arch::OpMultiplyAdd, bool>, float, cutlass::layout::RowMajor, cutlass::gemm::warp::MmaSimtPolicy<cutlass::MatrixShape<int=4, int=8>, cutlass::layout::RowMajorInterleaved<int=2>, cutlass::gemm::GemmShape<int=4, int=4, int=1>>>, cutlass::epilogue::threadblock::SharedLoadIterator<cutlass::epilogue::threadblock::OutputTileOptimalThreadMap<cutlass::epilogue::threadblock::OutputTileShape<int=128, int=1, int=4, int=4, int=1>::CompactedThreadMap, cutlass::epilogue::threadblock::OutputTileShape<int=1, int=4, int=2, int=1, int=8>, int=256, int=1, int=32>, float, int=4>, cutlass::epilogue::thread::LinearCombination<float",18676
19.122122,0.001856,,,,,,,,,,112,57.549312,"Pageable","Device","Tesla V100-PCIE-32GB (0)","1","7","[CUDA memcpy HtoD]",18696
19.122754,0.019296,2048,1,1,384,1,1,16,0.000000,0.000000,,,,,"Tesla V100-PCIE-32GB (0)","1","7","void scal_kernel_val<double, double>(cublasScalParamsVal<double, double>)",18810
19.123184,91.747574,64,64,1,256,1,1,124,0.000000,16.250000,,,,,"Tesla V100-PCIE-32GB (0)","1","7","void cutlass::Kernel<cutlass::gemm::kernel::Gemm<cutlass::gemm::threadblock::MmaPipelined<cutlass::gemm::GemmShape<int=128, int=128, int=8>, cutlass::transform::threadblock::PredicatedTileIterator<cutlass::MatrixShape<int=128, int=8>, float, cutlass::layout::RowMajor, int=1, cutlass::transform::PitchLinearStripminedThreadMap<cutlass::layout::PitchLinearShape<int=8, int=128>, int=256, int=1>, int=1>, cutlass::transform::threadblock::RegularTileIterator<cutlass::MatrixShape<int=128, int=8>, float, cutlass::layout::ColumnMajor, int=1, cutlass::transform::TransposePitchLinearThreadMapSimt<cutlass::transform::PitchLinearStripminedThreadMap<cutlass::layout::PitchLinearShape<int=8, int=128>, int=256, int=1>>, int=4>, cutlass::transform::threadblock::PredicatedTileIterator<cutlass::MatrixShape<int=8, int=128>, float, cutlass::layout::RowMajor, int=0, cutlass::transform::PitchLinearStripminedThreadMap<cutlass::layout::PitchLinearShape<int=128, int=8>, int=256, int=1>, int=1>, cutlass::transform::threadblock::RegularTileIterator<cutlass::MatrixShape<int=8, int=128>, float, cutlass::layout::RowMajor, int=0, cutlass::transform::PitchLinearStripminedThreadMap<cutlass::layout::PitchLinearShape<int=128, int=8>, int=256, int=1>, int=4>, float, cutlass::layout::RowMajor, cutlass::gemm::threadblock::MmaPolicy<cutlass::gemm::warp::MmaSimt<cutlass::gemm::GemmShape<int=32, int=64, int=8>, float, cutlass::layout::ColumnMajor, float, cutlass::layout::RowMajor, float, cutlass::layout::RowMajor, cutlass::gemm::warp::MmaSimtPolicy<cutlass::MatrixShape<int=4, int=8>, cutlass::layout::RowMajorInterleaved<int=2>, cutlass::gemm::GemmShape<int=4, int=4, int=1>>, int=1, bool>, cutlass::MatrixShape<int=4, int=0>, cutlass::MatrixShape<int=0, int=0>, int=1>, cutlass::NumericArrayConverter<float, float, int=4, cutlass::FloatRoundStyle>, cutlass::NumericArrayConverter<float, float, int=4, cutlass::FloatRoundStyle>, bool>, cutlass::epilogue::threadblock::Epilogue<cutlass::gemm::GemmShape<int=128, int=128, int=8>, cutlass::gemm::warp::MmaSimt<cutlass::gemm::GemmShape<int=32, int=64, int=8>, float, cutlass::layout::ColumnMajor, float, cutlass::layout::RowMajor, float, cutlass::layout::RowMajor, cutlass::gemm::warp::MmaSimtPolicy<cutlass::MatrixShape<int=4, int=8>, cutlass::layout::RowMajorInterleaved<int=2>, cutlass::gemm::GemmShape<int=4, int=4, int=1>>, int=1, bool>, int=1, cutlass::epilogue::threadblock::PredicatedTileIterator<cutlass::epilogue::threadblock::OutputTileOptimalThreadMap<cutlass::epilogue::threadblock::OutputTileShape<int=128, int=1, int=4, int=4, int=1>, cutlass::epilogue::threadblock::OutputTileShape<int=1, int=4, int=2, int=1, int=8>, int=256, int=1, int=32>, float>, cutlass::epilogue::warp::FragmentIteratorSimt<cutlass::gemm::GemmShape<int=32, int=64, int=8>, cutlass::gemm::thread::Mma<cutlass::gemm::GemmShape<int=8, int=8, int=1>, float, cutlass::layout::ColumnMajor, float, cutlass::layout::RowMajor, float, cutlass::layout::RowMajor, cutlass::arch::OpMultiplyAdd, bool>, cutlass::layout::RowMajor, cutlass::gemm::warp::MmaSimtPolicy<cutlass::MatrixShape<int=4, int=8>, cutlass::layout::RowMajorInterleaved<int=2>, cutlass::gemm::GemmShape<int=4, int=4, int=1>>>, cutlass::epilogue::warp::TileIteratorSimt<cutlass::gemm::GemmShape<int=32, int=64, int=8>, cutlass::gemm::thread::Mma<cutlass::gemm::GemmShape<int=8, int=8, int=1>, float, cutlass::layout::ColumnMajor, float, cutlass::layout::RowMajor, float, cutlass::layout::RowMajor, cutlass::arch::OpMultiplyAdd, bool>, float, cutlass::layout::RowMajor, cutlass::gemm::warp::MmaSimtPolicy<cutlass::MatrixShape<int=4, int=8>, cutlass::layout::RowMajorInterleaved<int=2>, cutlass::gemm::GemmShape<int=4, int=4, int=1>>>, cutlass::epilogue::threadblock::SharedLoadIterator<cutlass::epilogue::threadblock::OutputTileOptimalThreadMap<cutlass::epilogue::threadblock::OutputTileShape<int=128, int=1, int=4, int=4, int=1>::CompactedThreadMap, cutlass::epilogue::threadblock::OutputTileShape<int=1, int=4, int=2, int=1, int=8>, int=256, int=1, int=32>, float, int=4>, cutlass::epilogue::thread::LinearCombination<float",18839
19.214941,0.001888,,,,,,,,,,112,56.573899,"Pageable","Device","Tesla V100-PCIE-32GB (0)","1","7","[CUDA memcpy HtoD]",18859
19.215645,0.019232,2048,1,1,384,1,1,16,0.000000,0.000000,,,,,"Tesla V100-PCIE-32GB (0)","1","7","void scal_kernel_val<double, double>(cublasScalParamsVal<double, double>)",18973
19.216964,91.737782,64,64,1,256,1,1,124,0.000000,16.250000,,,,,"Tesla V100-PCIE-32GB (0)","1","7","void cutlass::Kernel<cutlass::gemm::kernel::Gemm<cutlass::gemm::threadblock::MmaPipelined<cutlass::gemm::GemmShape<int=128, int=128, int=8>, cutlass::transform::threadblock::PredicatedTileIterator<cutlass::MatrixShape<int=128, int=8>, float, cutlass::layout::RowMajor, int=1, cutlass::transform::PitchLinearStripminedThreadMap<cutlass::layout::PitchLinearShape<int=8, int=128>, int=256, int=1>, int=1>, cutlass::transform::threadblock::RegularTileIterator<cutlass::MatrixShape<int=128, int=8>, float, cutlass::layout::ColumnMajor, int=1, cutlass::transform::TransposePitchLinearThreadMapSimt<cutlass::transform::PitchLinearStripminedThreadMap<cutlass::layout::PitchLinearShape<int=8, int=128>, int=256, int=1>>, int=4>, cutlass::transform::threadblock::PredicatedTileIterator<cutlass::MatrixShape<int=8, int=128>, float, cutlass::layout::RowMajor, int=0, cutlass::transform::PitchLinearStripminedThreadMap<cutlass::layout::PitchLinearShape<int=128, int=8>, int=256, int=1>, int=1>, cutlass::transform::threadblock::RegularTileIterator<cutlass::MatrixShape<int=8, int=128>, float, cutlass::layout::RowMajor, int=0, cutlass::transform::PitchLinearStripminedThreadMap<cutlass::layout::PitchLinearShape<int=128, int=8>, int=256, int=1>, int=4>, float, cutlass::layout::RowMajor, cutlass::gemm::threadblock::MmaPolicy<cutlass::gemm::warp::MmaSimt<cutlass::gemm::GemmShape<int=32, int=64, int=8>, float, cutlass::layout::ColumnMajor, float, cutlass::layout::RowMajor, float, cutlass::layout::RowMajor, cutlass::gemm::warp::MmaSimtPolicy<cutlass::MatrixShape<int=4, int=8>, cutlass::layout::RowMajorInterleaved<int=2>, cutlass::gemm::GemmShape<int=4, int=4, int=1>>, int=1, bool>, cutlass::MatrixShape<int=4, int=0>, cutlass::MatrixShape<int=0, int=0>, int=1>, cutlass::NumericArrayConverter<float, float, int=4, cutlass::FloatRoundStyle>, cutlass::NumericArrayConverter<float, float, int=4, cutlass::FloatRoundStyle>, bool>, cutlass::epilogue::threadblock::Epilogue<cutlass::gemm::GemmShape<int=128, int=128, int=8>, cutlass::gemm::warp::MmaSimt<cutlass::gemm::GemmShape<int=32, int=64, int=8>, float, cutlass::layout::ColumnMajor, float, cutlass::layout::RowMajor, float, cutlass::layout::RowMajor, cutlass::gemm::warp::MmaSimtPolicy<cutlass::MatrixShape<int=4, int=8>, cutlass::layout::RowMajorInterleaved<int=2>, cutlass::gemm::GemmShape<int=4, int=4, int=1>>, int=1, bool>, int=1, cutlass::epilogue::threadblock::PredicatedTileIterator<cutlass::epilogue::threadblock::OutputTileOptimalThreadMap<cutlass::epilogue::threadblock::OutputTileShape<int=128, int=1, int=4, int=4, int=1>, cutlass::epilogue::threadblock::OutputTileShape<int=1, int=4, int=2, int=1, int=8>, int=256, int=1, int=32>, float>, cutlass::epilogue::warp::FragmentIteratorSimt<cutlass::gemm::GemmShape<int=32, int=64, int=8>, cutlass::gemm::thread::Mma<cutlass::gemm::GemmShape<int=8, int=8, int=1>, float, cutlass::layout::ColumnMajor, float, cutlass::layout::RowMajor, float, cutlass::layout::RowMajor, cutlass::arch::OpMultiplyAdd, bool>, cutlass::layout::RowMajor, cutlass::gemm::warp::MmaSimtPolicy<cutlass::MatrixShape<int=4, int=8>, cutlass::layout::RowMajorInterleaved<int=2>, cutlass::gemm::GemmShape<int=4, int=4, int=1>>>, cutlass::epilogue::warp::TileIteratorSimt<cutlass::gemm::GemmShape<int=32, int=64, int=8>, cutlass::gemm::thread::Mma<cutlass::gemm::GemmShape<int=8, int=8, int=1>, float, cutlass::layout::ColumnMajor, float, cutlass::layout::RowMajor, float, cutlass::layout::RowMajor, cutlass::arch::OpMultiplyAdd, bool>, float, cutlass::layout::RowMajor, cutlass::gemm::warp::MmaSimtPolicy<cutlass::MatrixShape<int=4, int=8>, cutlass::layout::RowMajorInterleaved<int=2>, cutlass::gemm::GemmShape<int=4, int=4, int=1>>>, cutlass::epilogue::threadblock::SharedLoadIterator<cutlass::epilogue::threadblock::OutputTileOptimalThreadMap<cutlass::epilogue::threadblock::OutputTileShape<int=128, int=1, int=4, int=4, int=1>::CompactedThreadMap, cutlass::epilogue::threadblock::OutputTileShape<int=1, int=4, int=2, int=1, int=8>, int=256, int=1, int=32>, float, int=4>, cutlass::epilogue::thread::LinearCombination<float",19002
19.308710,0.002208,,,,,,,,,,112,48.374784,"Pageable","Device","Tesla V100-PCIE-32GB (0)","1","7","[CUDA memcpy HtoD]",19022
19.309334,0.020160,2048,1,1,384,1,1,16,0.000000,0.000000,,,,,"Tesla V100-PCIE-32GB (0)","1","7","void scal_kernel_val<double, double>(cublasScalParamsVal<double, double>)",19136
19.309771,91.724503,64,64,1,256,1,1,124,0.000000,16.250000,,,,,"Tesla V100-PCIE-32GB (0)","1","7","void cutlass::Kernel<cutlass::gemm::kernel::Gemm<cutlass::gemm::threadblock::MmaPipelined<cutlass::gemm::GemmShape<int=128, int=128, int=8>, cutlass::transform::threadblock::PredicatedTileIterator<cutlass::MatrixShape<int=128, int=8>, float, cutlass::layout::RowMajor, int=1, cutlass::transform::PitchLinearStripminedThreadMap<cutlass::layout::PitchLinearShape<int=8, int=128>, int=256, int=1>, int=1>, cutlass::transform::threadblock::RegularTileIterator<cutlass::MatrixShape<int=128, int=8>, float, cutlass::layout::ColumnMajor, int=1, cutlass::transform::TransposePitchLinearThreadMapSimt<cutlass::transform::PitchLinearStripminedThreadMap<cutlass::layout::PitchLinearShape<int=8, int=128>, int=256, int=1>>, int=4>, cutlass::transform::threadblock::PredicatedTileIterator<cutlass::MatrixShape<int=8, int=128>, float, cutlass::layout::RowMajor, int=0, cutlass::transform::PitchLinearStripminedThreadMap<cutlass::layout::PitchLinearShape<int=128, int=8>, int=256, int=1>, int=1>, cutlass::transform::threadblock::RegularTileIterator<cutlass::MatrixShape<int=8, int=128>, float, cutlass::layout::RowMajor, int=0, cutlass::transform::PitchLinearStripminedThreadMap<cutlass::layout::PitchLinearShape<int=128, int=8>, int=256, int=1>, int=4>, float, cutlass::layout::RowMajor, cutlass::gemm::threadblock::MmaPolicy<cutlass::gemm::warp::MmaSimt<cutlass::gemm::GemmShape<int=32, int=64, int=8>, float, cutlass::layout::ColumnMajor, float, cutlass::layout::RowMajor, float, cutlass::layout::RowMajor, cutlass::gemm::warp::MmaSimtPolicy<cutlass::MatrixShape<int=4, int=8>, cutlass::layout::RowMajorInterleaved<int=2>, cutlass::gemm::GemmShape<int=4, int=4, int=1>>, int=1, bool>, cutlass::MatrixShape<int=4, int=0>, cutlass::MatrixShape<int=0, int=0>, int=1>, cutlass::NumericArrayConverter<float, float, int=4, cutlass::FloatRoundStyle>, cutlass::NumericArrayConverter<float, float, int=4, cutlass::FloatRoundStyle>, bool>, cutlass::epilogue::threadblock::Epilogue<cutlass::gemm::GemmShape<int=128, int=128, int=8>, cutlass::gemm::warp::MmaSimt<cutlass::gemm::GemmShape<int=32, int=64, int=8>, float, cutlass::layout::ColumnMajor, float, cutlass::layout::RowMajor, float, cutlass::layout::RowMajor, cutlass::gemm::warp::MmaSimtPolicy<cutlass::MatrixShape<int=4, int=8>, cutlass::layout::RowMajorInterleaved<int=2>, cutlass::gemm::GemmShape<int=4, int=4, int=1>>, int=1, bool>, int=1, cutlass::epilogue::threadblock::PredicatedTileIterator<cutlass::epilogue::threadblock::OutputTileOptimalThreadMap<cutlass::epilogue::threadblock::OutputTileShape<int=128, int=1, int=4, int=4, int=1>, cutlass::epilogue::threadblock::OutputTileShape<int=1, int=4, int=2, int=1, int=8>, int=256, int=1, int=32>, float>, cutlass::epilogue::warp::FragmentIteratorSimt<cutlass::gemm::GemmShape<int=32, int=64, int=8>, cutlass::gemm::thread::Mma<cutlass::gemm::GemmShape<int=8, int=8, int=1>, float, cutlass::layout::ColumnMajor, float, cutlass::layout::RowMajor, float, cutlass::layout::RowMajor, cutlass::arch::OpMultiplyAdd, bool>, cutlass::layout::RowMajor, cutlass::gemm::warp::MmaSimtPolicy<cutlass::MatrixShape<int=4, int=8>, cutlass::layout::RowMajorInterleaved<int=2>, cutlass::gemm::GemmShape<int=4, int=4, int=1>>>, cutlass::epilogue::warp::TileIteratorSimt<cutlass::gemm::GemmShape<int=32, int=64, int=8>, cutlass::gemm::thread::Mma<cutlass::gemm::GemmShape<int=8, int=8, int=1>, float, cutlass::layout::ColumnMajor, float, cutlass::layout::RowMajor, float, cutlass::layout::RowMajor, cutlass::arch::OpMultiplyAdd, bool>, float, cutlass::layout::RowMajor, cutlass::gemm::warp::MmaSimtPolicy<cutlass::MatrixShape<int=4, int=8>, cutlass::layout::RowMajorInterleaved<int=2>, cutlass::gemm::GemmShape<int=4, int=4, int=1>>>, cutlass::epilogue::threadblock::SharedLoadIterator<cutlass::epilogue::threadblock::OutputTileOptimalThreadMap<cutlass::epilogue::threadblock::OutputTileShape<int=128, int=1, int=4, int=4, int=1>::CompactedThreadMap, cutlass::epilogue::threadblock::OutputTileShape<int=1, int=4, int=2, int=1, int=8>, int=256, int=1, int=32>, float, int=4>, cutlass::epilogue::thread::LinearCombination<float",19165
19.401504,0.001856,,,,,,,,,,112,57.549312,"Pageable","Device","Tesla V100-PCIE-32GB (0)","1","7","[CUDA memcpy HtoD]",19185
19.402162,0.019392,2048,1,1,384,1,1,16,0.000000,0.000000,,,,,"Tesla V100-PCIE-32GB (0)","1","7","void scal_kernel_val<double, double>(cublasScalParamsVal<double, double>)",19299
19.402614,91.721718,64,64,1,256,1,1,124,0.000000,16.250000,,,,,"Tesla V100-PCIE-32GB (0)","1","7","void cutlass::Kernel<cutlass::gemm::kernel::Gemm<cutlass::gemm::threadblock::MmaPipelined<cutlass::gemm::GemmShape<int=128, int=128, int=8>, cutlass::transform::threadblock::PredicatedTileIterator<cutlass::MatrixShape<int=128, int=8>, float, cutlass::layout::RowMajor, int=1, cutlass::transform::PitchLinearStripminedThreadMap<cutlass::layout::PitchLinearShape<int=8, int=128>, int=256, int=1>, int=1>, cutlass::transform::threadblock::RegularTileIterator<cutlass::MatrixShape<int=128, int=8>, float, cutlass::layout::ColumnMajor, int=1, cutlass::transform::TransposePitchLinearThreadMapSimt<cutlass::transform::PitchLinearStripminedThreadMap<cutlass::layout::PitchLinearShape<int=8, int=128>, int=256, int=1>>, int=4>, cutlass::transform::threadblock::PredicatedTileIterator<cutlass::MatrixShape<int=8, int=128>, float, cutlass::layout::RowMajor, int=0, cutlass::transform::PitchLinearStripminedThreadMap<cutlass::layout::PitchLinearShape<int=128, int=8>, int=256, int=1>, int=1>, cutlass::transform::threadblock::RegularTileIterator<cutlass::MatrixShape<int=8, int=128>, float, cutlass::layout::RowMajor, int=0, cutlass::transform::PitchLinearStripminedThreadMap<cutlass::layout::PitchLinearShape<int=128, int=8>, int=256, int=1>, int=4>, float, cutlass::layout::RowMajor, cutlass::gemm::threadblock::MmaPolicy<cutlass::gemm::warp::MmaSimt<cutlass::gemm::GemmShape<int=32, int=64, int=8>, float, cutlass::layout::ColumnMajor, float, cutlass::layout::RowMajor, float, cutlass::layout::RowMajor, cutlass::gemm::warp::MmaSimtPolicy<cutlass::MatrixShape<int=4, int=8>, cutlass::layout::RowMajorInterleaved<int=2>, cutlass::gemm::GemmShape<int=4, int=4, int=1>>, int=1, bool>, cutlass::MatrixShape<int=4, int=0>, cutlass::MatrixShape<int=0, int=0>, int=1>, cutlass::NumericArrayConverter<float, float, int=4, cutlass::FloatRoundStyle>, cutlass::NumericArrayConverter<float, float, int=4, cutlass::FloatRoundStyle>, bool>, cutlass::epilogue::threadblock::Epilogue<cutlass::gemm::GemmShape<int=128, int=128, int=8>, cutlass::gemm::warp::MmaSimt<cutlass::gemm::GemmShape<int=32, int=64, int=8>, float, cutlass::layout::ColumnMajor, float, cutlass::layout::RowMajor, float, cutlass::layout::RowMajor, cutlass::gemm::warp::MmaSimtPolicy<cutlass::MatrixShape<int=4, int=8>, cutlass::layout::RowMajorInterleaved<int=2>, cutlass::gemm::GemmShape<int=4, int=4, int=1>>, int=1, bool>, int=1, cutlass::epilogue::threadblock::PredicatedTileIterator<cutlass::epilogue::threadblock::OutputTileOptimalThreadMap<cutlass::epilogue::threadblock::OutputTileShape<int=128, int=1, int=4, int=4, int=1>, cutlass::epilogue::threadblock::OutputTileShape<int=1, int=4, int=2, int=1, int=8>, int=256, int=1, int=32>, float>, cutlass::epilogue::warp::FragmentIteratorSimt<cutlass::gemm::GemmShape<int=32, int=64, int=8>, cutlass::gemm::thread::Mma<cutlass::gemm::GemmShape<int=8, int=8, int=1>, float, cutlass::layout::ColumnMajor, float, cutlass::layout::RowMajor, float, cutlass::layout::RowMajor, cutlass::arch::OpMultiplyAdd, bool>, cutlass::layout::RowMajor, cutlass::gemm::warp::MmaSimtPolicy<cutlass::MatrixShape<int=4, int=8>, cutlass::layout::RowMajorInterleaved<int=2>, cutlass::gemm::GemmShape<int=4, int=4, int=1>>>, cutlass::epilogue::warp::TileIteratorSimt<cutlass::gemm::GemmShape<int=32, int=64, int=8>, cutlass::gemm::thread::Mma<cutlass::gemm::GemmShape<int=8, int=8, int=1>, float, cutlass::layout::ColumnMajor, float, cutlass::layout::RowMajor, float, cutlass::layout::RowMajor, cutlass::arch::OpMultiplyAdd, bool>, float, cutlass::layout::RowMajor, cutlass::gemm::warp::MmaSimtPolicy<cutlass::MatrixShape<int=4, int=8>, cutlass::layout::RowMajorInterleaved<int=2>, cutlass::gemm::GemmShape<int=4, int=4, int=1>>>, cutlass::epilogue::threadblock::SharedLoadIterator<cutlass::epilogue::threadblock::OutputTileOptimalThreadMap<cutlass::epilogue::threadblock::OutputTileShape<int=128, int=1, int=4, int=4, int=1>::CompactedThreadMap, cutlass::epilogue::threadblock::OutputTileShape<int=1, int=4, int=2, int=1, int=8>, int=256, int=1, int=32>, float, int=4>, cutlass::epilogue::thread::LinearCombination<float",19328
19.494346,0.001856,,,,,,,,,,112,57.549312,"Pageable","Device","Tesla V100-PCIE-32GB (0)","1","7","[CUDA memcpy HtoD]",19348
19.495014,0.020447,2048,1,1,384,1,1,16,0.000000,0.000000,,,,,"Tesla V100-PCIE-32GB (0)","1","7","void scal_kernel_val<double, double>(cublasScalParamsVal<double, double>)",19462
19.495465,91.740727,64,64,1,256,1,1,124,0.000000,16.250000,,,,,"Tesla V100-PCIE-32GB (0)","1","7","void cutlass::Kernel<cutlass::gemm::kernel::Gemm<cutlass::gemm::threadblock::MmaPipelined<cutlass::gemm::GemmShape<int=128, int=128, int=8>, cutlass::transform::threadblock::PredicatedTileIterator<cutlass::MatrixShape<int=128, int=8>, float, cutlass::layout::RowMajor, int=1, cutlass::transform::PitchLinearStripminedThreadMap<cutlass::layout::PitchLinearShape<int=8, int=128>, int=256, int=1>, int=1>, cutlass::transform::threadblock::RegularTileIterator<cutlass::MatrixShape<int=128, int=8>, float, cutlass::layout::ColumnMajor, int=1, cutlass::transform::TransposePitchLinearThreadMapSimt<cutlass::transform::PitchLinearStripminedThreadMap<cutlass::layout::PitchLinearShape<int=8, int=128>, int=256, int=1>>, int=4>, cutlass::transform::threadblock::PredicatedTileIterator<cutlass::MatrixShape<int=8, int=128>, float, cutlass::layout::RowMajor, int=0, cutlass::transform::PitchLinearStripminedThreadMap<cutlass::layout::PitchLinearShape<int=128, int=8>, int=256, int=1>, int=1>, cutlass::transform::threadblock::RegularTileIterator<cutlass::MatrixShape<int=8, int=128>, float, cutlass::layout::RowMajor, int=0, cutlass::transform::PitchLinearStripminedThreadMap<cutlass::layout::PitchLinearShape<int=128, int=8>, int=256, int=1>, int=4>, float, cutlass::layout::RowMajor, cutlass::gemm::threadblock::MmaPolicy<cutlass::gemm::warp::MmaSimt<cutlass::gemm::GemmShape<int=32, int=64, int=8>, float, cutlass::layout::ColumnMajor, float, cutlass::layout::RowMajor, float, cutlass::layout::RowMajor, cutlass::gemm::warp::MmaSimtPolicy<cutlass::MatrixShape<int=4, int=8>, cutlass::layout::RowMajorInterleaved<int=2>, cutlass::gemm::GemmShape<int=4, int=4, int=1>>, int=1, bool>, cutlass::MatrixShape<int=4, int=0>, cutlass::MatrixShape<int=0, int=0>, int=1>, cutlass::NumericArrayConverter<float, float, int=4, cutlass::FloatRoundStyle>, cutlass::NumericArrayConverter<float, float, int=4, cutlass::FloatRoundStyle>, bool>, cutlass::epilogue::threadblock::Epilogue<cutlass::gemm::GemmShape<int=128, int=128, int=8>, cutlass::gemm::warp::MmaSimt<cutlass::gemm::GemmShape<int=32, int=64, int=8>, float, cutlass::layout::ColumnMajor, float, cutlass::layout::RowMajor, float, cutlass::layout::RowMajor, cutlass::gemm::warp::MmaSimtPolicy<cutlass::MatrixShape<int=4, int=8>, cutlass::layout::RowMajorInterleaved<int=2>, cutlass::gemm::GemmShape<int=4, int=4, int=1>>, int=1, bool>, int=1, cutlass::epilogue::threadblock::PredicatedTileIterator<cutlass::epilogue::threadblock::OutputTileOptimalThreadMap<cutlass::epilogue::threadblock::OutputTileShape<int=128, int=1, int=4, int=4, int=1>, cutlass::epilogue::threadblock::OutputTileShape<int=1, int=4, int=2, int=1, int=8>, int=256, int=1, int=32>, float>, cutlass::epilogue::warp::FragmentIteratorSimt<cutlass::gemm::GemmShape<int=32, int=64, int=8>, cutlass::gemm::thread::Mma<cutlass::gemm::GemmShape<int=8, int=8, int=1>, float, cutlass::layout::ColumnMajor, float, cutlass::layout::RowMajor, float, cutlass::layout::RowMajor, cutlass::arch::OpMultiplyAdd, bool>, cutlass::layout::RowMajor, cutlass::gemm::warp::MmaSimtPolicy<cutlass::MatrixShape<int=4, int=8>, cutlass::layout::RowMajorInterleaved<int=2>, cutlass::gemm::GemmShape<int=4, int=4, int=1>>>, cutlass::epilogue::warp::TileIteratorSimt<cutlass::gemm::GemmShape<int=32, int=64, int=8>, cutlass::gemm::thread::Mma<cutlass::gemm::GemmShape<int=8, int=8, int=1>, float, cutlass::layout::ColumnMajor, float, cutlass::layout::RowMajor, float, cutlass::layout::RowMajor, cutlass::arch::OpMultiplyAdd, bool>, float, cutlass::layout::RowMajor, cutlass::gemm::warp::MmaSimtPolicy<cutlass::MatrixShape<int=4, int=8>, cutlass::layout::RowMajorInterleaved<int=2>, cutlass::gemm::GemmShape<int=4, int=4, int=1>>>, cutlass::epilogue::threadblock::SharedLoadIterator<cutlass::epilogue::threadblock::OutputTileOptimalThreadMap<cutlass::epilogue::threadblock::OutputTileShape<int=128, int=1, int=4, int=4, int=1>::CompactedThreadMap, cutlass::epilogue::threadblock::OutputTileShape<int=1, int=4, int=2, int=1, int=8>, int=256, int=1, int=32>, float, int=4>, cutlass::epilogue::thread::LinearCombination<float",19491
19.587219,0.001888,,,,,,,,,,112,56.573899,"Pageable","Device","Tesla V100-PCIE-32GB (0)","1","7","[CUDA memcpy HtoD]",19511
19.587957,0.019232,2048,1,1,384,1,1,16,0.000000,0.000000,,,,,"Tesla V100-PCIE-32GB (0)","1","7","void scal_kernel_val<double, double>(cublasScalParamsVal<double, double>)",19625
19.589173,91.741078,64,64,1,256,1,1,124,0.000000,16.250000,,,,,"Tesla V100-PCIE-32GB (0)","1","7","void cutlass::Kernel<cutlass::gemm::kernel::Gemm<cutlass::gemm::threadblock::MmaPipelined<cutlass::gemm::GemmShape<int=128, int=128, int=8>, cutlass::transform::threadblock::PredicatedTileIterator<cutlass::MatrixShape<int=128, int=8>, float, cutlass::layout::RowMajor, int=1, cutlass::transform::PitchLinearStripminedThreadMap<cutlass::layout::PitchLinearShape<int=8, int=128>, int=256, int=1>, int=1>, cutlass::transform::threadblock::RegularTileIterator<cutlass::MatrixShape<int=128, int=8>, float, cutlass::layout::ColumnMajor, int=1, cutlass::transform::TransposePitchLinearThreadMapSimt<cutlass::transform::PitchLinearStripminedThreadMap<cutlass::layout::PitchLinearShape<int=8, int=128>, int=256, int=1>>, int=4>, cutlass::transform::threadblock::PredicatedTileIterator<cutlass::MatrixShape<int=8, int=128>, float, cutlass::layout::RowMajor, int=0, cutlass::transform::PitchLinearStripminedThreadMap<cutlass::layout::PitchLinearShape<int=128, int=8>, int=256, int=1>, int=1>, cutlass::transform::threadblock::RegularTileIterator<cutlass::MatrixShape<int=8, int=128>, float, cutlass::layout::RowMajor, int=0, cutlass::transform::PitchLinearStripminedThreadMap<cutlass::layout::PitchLinearShape<int=128, int=8>, int=256, int=1>, int=4>, float, cutlass::layout::RowMajor, cutlass::gemm::threadblock::MmaPolicy<cutlass::gemm::warp::MmaSimt<cutlass::gemm::GemmShape<int=32, int=64, int=8>, float, cutlass::layout::ColumnMajor, float, cutlass::layout::RowMajor, float, cutlass::layout::RowMajor, cutlass::gemm::warp::MmaSimtPolicy<cutlass::MatrixShape<int=4, int=8>, cutlass::layout::RowMajorInterleaved<int=2>, cutlass::gemm::GemmShape<int=4, int=4, int=1>>, int=1, bool>, cutlass::MatrixShape<int=4, int=0>, cutlass::MatrixShape<int=0, int=0>, int=1>, cutlass::NumericArrayConverter<float, float, int=4, cutlass::FloatRoundStyle>, cutlass::NumericArrayConverter<float, float, int=4, cutlass::FloatRoundStyle>, bool>, cutlass::epilogue::threadblock::Epilogue<cutlass::gemm::GemmShape<int=128, int=128, int=8>, cutlass::gemm::warp::MmaSimt<cutlass::gemm::GemmShape<int=32, int=64, int=8>, float, cutlass::layout::ColumnMajor, float, cutlass::layout::RowMajor, float, cutlass::layout::RowMajor, cutlass::gemm::warp::MmaSimtPolicy<cutlass::MatrixShape<int=4, int=8>, cutlass::layout::RowMajorInterleaved<int=2>, cutlass::gemm::GemmShape<int=4, int=4, int=1>>, int=1, bool>, int=1, cutlass::epilogue::threadblock::PredicatedTileIterator<cutlass::epilogue::threadblock::OutputTileOptimalThreadMap<cutlass::epilogue::threadblock::OutputTileShape<int=128, int=1, int=4, int=4, int=1>, cutlass::epilogue::threadblock::OutputTileShape<int=1, int=4, int=2, int=1, int=8>, int=256, int=1, int=32>, float>, cutlass::epilogue::warp::FragmentIteratorSimt<cutlass::gemm::GemmShape<int=32, int=64, int=8>, cutlass::gemm::thread::Mma<cutlass::gemm::GemmShape<int=8, int=8, int=1>, float, cutlass::layout::ColumnMajor, float, cutlass::layout::RowMajor, float, cutlass::layout::RowMajor, cutlass::arch::OpMultiplyAdd, bool>, cutlass::layout::RowMajor, cutlass::gemm::warp::MmaSimtPolicy<cutlass::MatrixShape<int=4, int=8>, cutlass::layout::RowMajorInterleaved<int=2>, cutlass::gemm::GemmShape<int=4, int=4, int=1>>>, cutlass::epilogue::warp::TileIteratorSimt<cutlass::gemm::GemmShape<int=32, int=64, int=8>, cutlass::gemm::thread::Mma<cutlass::gemm::GemmShape<int=8, int=8, int=1>, float, cutlass::layout::ColumnMajor, float, cutlass::layout::RowMajor, float, cutlass::layout::RowMajor, cutlass::arch::OpMultiplyAdd, bool>, float, cutlass::layout::RowMajor, cutlass::gemm::warp::MmaSimtPolicy<cutlass::MatrixShape<int=4, int=8>, cutlass::layout::RowMajorInterleaved<int=2>, cutlass::gemm::GemmShape<int=4, int=4, int=1>>>, cutlass::epilogue::threadblock::SharedLoadIterator<cutlass::epilogue::threadblock::OutputTileOptimalThreadMap<cutlass::epilogue::threadblock::OutputTileShape<int=128, int=1, int=4, int=4, int=1>::CompactedThreadMap, cutlass::epilogue::threadblock::OutputTileShape<int=1, int=4, int=2, int=1, int=8>, int=256, int=1, int=32>, float, int=4>, cutlass::epilogue::thread::LinearCombination<float",19654
19.680922,0.001856,,,,,,,,,,112,57.549312,"Pageable","Device","Tesla V100-PCIE-32GB (0)","1","7","[CUDA memcpy HtoD]",19674
19.681555,0.019775,2048,1,1,384,1,1,16,0.000000,0.000000,,,,,"Tesla V100-PCIE-32GB (0)","1","7","void scal_kernel_val<double, double>(cublasScalParamsVal<double, double>)",19788
19.681997,91.740567,64,64,1,256,1,1,124,0.000000,16.250000,,,,,"Tesla V100-PCIE-32GB (0)","1","7","void cutlass::Kernel<cutlass::gemm::kernel::Gemm<cutlass::gemm::threadblock::MmaPipelined<cutlass::gemm::GemmShape<int=128, int=128, int=8>, cutlass::transform::threadblock::PredicatedTileIterator<cutlass::MatrixShape<int=128, int=8>, float, cutlass::layout::RowMajor, int=1, cutlass::transform::PitchLinearStripminedThreadMap<cutlass::layout::PitchLinearShape<int=8, int=128>, int=256, int=1>, int=1>, cutlass::transform::threadblock::RegularTileIterator<cutlass::MatrixShape<int=128, int=8>, float, cutlass::layout::ColumnMajor, int=1, cutlass::transform::TransposePitchLinearThreadMapSimt<cutlass::transform::PitchLinearStripminedThreadMap<cutlass::layout::PitchLinearShape<int=8, int=128>, int=256, int=1>>, int=4>, cutlass::transform::threadblock::PredicatedTileIterator<cutlass::MatrixShape<int=8, int=128>, float, cutlass::layout::RowMajor, int=0, cutlass::transform::PitchLinearStripminedThreadMap<cutlass::layout::PitchLinearShape<int=128, int=8>, int=256, int=1>, int=1>, cutlass::transform::threadblock::RegularTileIterator<cutlass::MatrixShape<int=8, int=128>, float, cutlass::layout::RowMajor, int=0, cutlass::transform::PitchLinearStripminedThreadMap<cutlass::layout::PitchLinearShape<int=128, int=8>, int=256, int=1>, int=4>, float, cutlass::layout::RowMajor, cutlass::gemm::threadblock::MmaPolicy<cutlass::gemm::warp::MmaSimt<cutlass::gemm::GemmShape<int=32, int=64, int=8>, float, cutlass::layout::ColumnMajor, float, cutlass::layout::RowMajor, float, cutlass::layout::RowMajor, cutlass::gemm::warp::MmaSimtPolicy<cutlass::MatrixShape<int=4, int=8>, cutlass::layout::RowMajorInterleaved<int=2>, cutlass::gemm::GemmShape<int=4, int=4, int=1>>, int=1, bool>, cutlass::MatrixShape<int=4, int=0>, cutlass::MatrixShape<int=0, int=0>, int=1>, cutlass::NumericArrayConverter<float, float, int=4, cutlass::FloatRoundStyle>, cutlass::NumericArrayConverter<float, float, int=4, cutlass::FloatRoundStyle>, bool>, cutlass::epilogue::threadblock::Epilogue<cutlass::gemm::GemmShape<int=128, int=128, int=8>, cutlass::gemm::warp::MmaSimt<cutlass::gemm::GemmShape<int=32, int=64, int=8>, float, cutlass::layout::ColumnMajor, float, cutlass::layout::RowMajor, float, cutlass::layout::RowMajor, cutlass::gemm::warp::MmaSimtPolicy<cutlass::MatrixShape<int=4, int=8>, cutlass::layout::RowMajorInterleaved<int=2>, cutlass::gemm::GemmShape<int=4, int=4, int=1>>, int=1, bool>, int=1, cutlass::epilogue::threadblock::PredicatedTileIterator<cutlass::epilogue::threadblock::OutputTileOptimalThreadMap<cutlass::epilogue::threadblock::OutputTileShape<int=128, int=1, int=4, int=4, int=1>, cutlass::epilogue::threadblock::OutputTileShape<int=1, int=4, int=2, int=1, int=8>, int=256, int=1, int=32>, float>, cutlass::epilogue::warp::FragmentIteratorSimt<cutlass::gemm::GemmShape<int=32, int=64, int=8>, cutlass::gemm::thread::Mma<cutlass::gemm::GemmShape<int=8, int=8, int=1>, float, cutlass::layout::ColumnMajor, float, cutlass::layout::RowMajor, float, cutlass::layout::RowMajor, cutlass::arch::OpMultiplyAdd, bool>, cutlass::layout::RowMajor, cutlass::gemm::warp::MmaSimtPolicy<cutlass::MatrixShape<int=4, int=8>, cutlass::layout::RowMajorInterleaved<int=2>, cutlass::gemm::GemmShape<int=4, int=4, int=1>>>, cutlass::epilogue::warp::TileIteratorSimt<cutlass::gemm::GemmShape<int=32, int=64, int=8>, cutlass::gemm::thread::Mma<cutlass::gemm::GemmShape<int=8, int=8, int=1>, float, cutlass::layout::ColumnMajor, float, cutlass::layout::RowMajor, float, cutlass::layout::RowMajor, cutlass::arch::OpMultiplyAdd, bool>, float, cutlass::layout::RowMajor, cutlass::gemm::warp::MmaSimtPolicy<cutlass::MatrixShape<int=4, int=8>, cutlass::layout::RowMajorInterleaved<int=2>, cutlass::gemm::GemmShape<int=4, int=4, int=1>>>, cutlass::epilogue::threadblock::SharedLoadIterator<cutlass::epilogue::threadblock::OutputTileOptimalThreadMap<cutlass::epilogue::threadblock::OutputTileShape<int=128, int=1, int=4, int=4, int=1>::CompactedThreadMap, cutlass::epilogue::threadblock::OutputTileShape<int=1, int=4, int=2, int=1, int=8>, int=256, int=1, int=32>, float, int=4>, cutlass::epilogue::thread::LinearCombination<float",19817
19.773747,0.001888,,,,,,,,,,112,56.573899,"Pageable","Device","Tesla V100-PCIE-32GB (0)","1","7","[CUDA memcpy HtoD]",19837
19.774380,0.019616,2048,1,1,384,1,1,16,0.000000,0.000000,,,,,"Tesla V100-PCIE-32GB (0)","1","7","void scal_kernel_val<double, double>(cublasScalParamsVal<double, double>)",19951
19.774827,91.724183,64,64,1,256,1,1,124,0.000000,16.250000,,,,,"Tesla V100-PCIE-32GB (0)","1","7","void cutlass::Kernel<cutlass::gemm::kernel::Gemm<cutlass::gemm::threadblock::MmaPipelined<cutlass::gemm::GemmShape<int=128, int=128, int=8>, cutlass::transform::threadblock::PredicatedTileIterator<cutlass::MatrixShape<int=128, int=8>, float, cutlass::layout::RowMajor, int=1, cutlass::transform::PitchLinearStripminedThreadMap<cutlass::layout::PitchLinearShape<int=8, int=128>, int=256, int=1>, int=1>, cutlass::transform::threadblock::RegularTileIterator<cutlass::MatrixShape<int=128, int=8>, float, cutlass::layout::ColumnMajor, int=1, cutlass::transform::TransposePitchLinearThreadMapSimt<cutlass::transform::PitchLinearStripminedThreadMap<cutlass::layout::PitchLinearShape<int=8, int=128>, int=256, int=1>>, int=4>, cutlass::transform::threadblock::PredicatedTileIterator<cutlass::MatrixShape<int=8, int=128>, float, cutlass::layout::RowMajor, int=0, cutlass::transform::PitchLinearStripminedThreadMap<cutlass::layout::PitchLinearShape<int=128, int=8>, int=256, int=1>, int=1>, cutlass::transform::threadblock::RegularTileIterator<cutlass::MatrixShape<int=8, int=128>, float, cutlass::layout::RowMajor, int=0, cutlass::transform::PitchLinearStripminedThreadMap<cutlass::layout::PitchLinearShape<int=128, int=8>, int=256, int=1>, int=4>, float, cutlass::layout::RowMajor, cutlass::gemm::threadblock::MmaPolicy<cutlass::gemm::warp::MmaSimt<cutlass::gemm::GemmShape<int=32, int=64, int=8>, float, cutlass::layout::ColumnMajor, float, cutlass::layout::RowMajor, float, cutlass::layout::RowMajor, cutlass::gemm::warp::MmaSimtPolicy<cutlass::MatrixShape<int=4, int=8>, cutlass::layout::RowMajorInterleaved<int=2>, cutlass::gemm::GemmShape<int=4, int=4, int=1>>, int=1, bool>, cutlass::MatrixShape<int=4, int=0>, cutlass::MatrixShape<int=0, int=0>, int=1>, cutlass::NumericArrayConverter<float, float, int=4, cutlass::FloatRoundStyle>, cutlass::NumericArrayConverter<float, float, int=4, cutlass::FloatRoundStyle>, bool>, cutlass::epilogue::threadblock::Epilogue<cutlass::gemm::GemmShape<int=128, int=128, int=8>, cutlass::gemm::warp::MmaSimt<cutlass::gemm::GemmShape<int=32, int=64, int=8>, float, cutlass::layout::ColumnMajor, float, cutlass::layout::RowMajor, float, cutlass::layout::RowMajor, cutlass::gemm::warp::MmaSimtPolicy<cutlass::MatrixShape<int=4, int=8>, cutlass::layout::RowMajorInterleaved<int=2>, cutlass::gemm::GemmShape<int=4, int=4, int=1>>, int=1, bool>, int=1, cutlass::epilogue::threadblock::PredicatedTileIterator<cutlass::epilogue::threadblock::OutputTileOptimalThreadMap<cutlass::epilogue::threadblock::OutputTileShape<int=128, int=1, int=4, int=4, int=1>, cutlass::epilogue::threadblock::OutputTileShape<int=1, int=4, int=2, int=1, int=8>, int=256, int=1, int=32>, float>, cutlass::epilogue::warp::FragmentIteratorSimt<cutlass::gemm::GemmShape<int=32, int=64, int=8>, cutlass::gemm::thread::Mma<cutlass::gemm::GemmShape<int=8, int=8, int=1>, float, cutlass::layout::ColumnMajor, float, cutlass::layout::RowMajor, float, cutlass::layout::RowMajor, cutlass::arch::OpMultiplyAdd, bool>, cutlass::layout::RowMajor, cutlass::gemm::warp::MmaSimtPolicy<cutlass::MatrixShape<int=4, int=8>, cutlass::layout::RowMajorInterleaved<int=2>, cutlass::gemm::GemmShape<int=4, int=4, int=1>>>, cutlass::epilogue::warp::TileIteratorSimt<cutlass::gemm::GemmShape<int=32, int=64, int=8>, cutlass::gemm::thread::Mma<cutlass::gemm::GemmShape<int=8, int=8, int=1>, float, cutlass::layout::ColumnMajor, float, cutlass::layout::RowMajor, float, cutlass::layout::RowMajor, cutlass::arch::OpMultiplyAdd, bool>, float, cutlass::layout::RowMajor, cutlass::gemm::warp::MmaSimtPolicy<cutlass::MatrixShape<int=4, int=8>, cutlass::layout::RowMajorInterleaved<int=2>, cutlass::gemm::GemmShape<int=4, int=4, int=1>>>, cutlass::epilogue::threadblock::SharedLoadIterator<cutlass::epilogue::threadblock::OutputTileOptimalThreadMap<cutlass::epilogue::threadblock::OutputTileShape<int=128, int=1, int=4, int=4, int=1>::CompactedThreadMap, cutlass::epilogue::threadblock::OutputTileShape<int=1, int=4, int=2, int=1, int=8>, int=256, int=1, int=32>, float, int=4>, cutlass::epilogue::thread::LinearCombination<float",19980
19.866560,0.001888,,,,,,,,,,112,56.573899,"Pageable","Device","Tesla V100-PCIE-32GB (0)","1","7","[CUDA memcpy HtoD]",20000
19.867211,0.019808,2048,1,1,384,1,1,16,0.000000,0.000000,,,,,"Tesla V100-PCIE-32GB (0)","1","7","void scal_kernel_val<double, double>(cublasScalParamsVal<double, double>)",20114
19.867661,91.710902,64,64,1,256,1,1,124,0.000000,16.250000,,,,,"Tesla V100-PCIE-32GB (0)","1","7","void cutlass::Kernel<cutlass::gemm::kernel::Gemm<cutlass::gemm::threadblock::MmaPipelined<cutlass::gemm::GemmShape<int=128, int=128, int=8>, cutlass::transform::threadblock::PredicatedTileIterator<cutlass::MatrixShape<int=128, int=8>, float, cutlass::layout::RowMajor, int=1, cutlass::transform::PitchLinearStripminedThreadMap<cutlass::layout::PitchLinearShape<int=8, int=128>, int=256, int=1>, int=1>, cutlass::transform::threadblock::RegularTileIterator<cutlass::MatrixShape<int=128, int=8>, float, cutlass::layout::ColumnMajor, int=1, cutlass::transform::TransposePitchLinearThreadMapSimt<cutlass::transform::PitchLinearStripminedThreadMap<cutlass::layout::PitchLinearShape<int=8, int=128>, int=256, int=1>>, int=4>, cutlass::transform::threadblock::PredicatedTileIterator<cutlass::MatrixShape<int=8, int=128>, float, cutlass::layout::RowMajor, int=0, cutlass::transform::PitchLinearStripminedThreadMap<cutlass::layout::PitchLinearShape<int=128, int=8>, int=256, int=1>, int=1>, cutlass::transform::threadblock::RegularTileIterator<cutlass::MatrixShape<int=8, int=128>, float, cutlass::layout::RowMajor, int=0, cutlass::transform::PitchLinearStripminedThreadMap<cutlass::layout::PitchLinearShape<int=128, int=8>, int=256, int=1>, int=4>, float, cutlass::layout::RowMajor, cutlass::gemm::threadblock::MmaPolicy<cutlass::gemm::warp::MmaSimt<cutlass::gemm::GemmShape<int=32, int=64, int=8>, float, cutlass::layout::ColumnMajor, float, cutlass::layout::RowMajor, float, cutlass::layout::RowMajor, cutlass::gemm::warp::MmaSimtPolicy<cutlass::MatrixShape<int=4, int=8>, cutlass::layout::RowMajorInterleaved<int=2>, cutlass::gemm::GemmShape<int=4, int=4, int=1>>, int=1, bool>, cutlass::MatrixShape<int=4, int=0>, cutlass::MatrixShape<int=0, int=0>, int=1>, cutlass::NumericArrayConverter<float, float, int=4, cutlass::FloatRoundStyle>, cutlass::NumericArrayConverter<float, float, int=4, cutlass::FloatRoundStyle>, bool>, cutlass::epilogue::threadblock::Epilogue<cutlass::gemm::GemmShape<int=128, int=128, int=8>, cutlass::gemm::warp::MmaSimt<cutlass::gemm::GemmShape<int=32, int=64, int=8>, float, cutlass::layout::ColumnMajor, float, cutlass::layout::RowMajor, float, cutlass::layout::RowMajor, cutlass::gemm::warp::MmaSimtPolicy<cutlass::MatrixShape<int=4, int=8>, cutlass::layout::RowMajorInterleaved<int=2>, cutlass::gemm::GemmShape<int=4, int=4, int=1>>, int=1, bool>, int=1, cutlass::epilogue::threadblock::PredicatedTileIterator<cutlass::epilogue::threadblock::OutputTileOptimalThreadMap<cutlass::epilogue::threadblock::OutputTileShape<int=128, int=1, int=4, int=4, int=1>, cutlass::epilogue::threadblock::OutputTileShape<int=1, int=4, int=2, int=1, int=8>, int=256, int=1, int=32>, float>, cutlass::epilogue::warp::FragmentIteratorSimt<cutlass::gemm::GemmShape<int=32, int=64, int=8>, cutlass::gemm::thread::Mma<cutlass::gemm::GemmShape<int=8, int=8, int=1>, float, cutlass::layout::ColumnMajor, float, cutlass::layout::RowMajor, float, cutlass::layout::RowMajor, cutlass::arch::OpMultiplyAdd, bool>, cutlass::layout::RowMajor, cutlass::gemm::warp::MmaSimtPolicy<cutlass::MatrixShape<int=4, int=8>, cutlass::layout::RowMajorInterleaved<int=2>, cutlass::gemm::GemmShape<int=4, int=4, int=1>>>, cutlass::epilogue::warp::TileIteratorSimt<cutlass::gemm::GemmShape<int=32, int=64, int=8>, cutlass::gemm::thread::Mma<cutlass::gemm::GemmShape<int=8, int=8, int=1>, float, cutlass::layout::ColumnMajor, float, cutlass::layout::RowMajor, float, cutlass::layout::RowMajor, cutlass::arch::OpMultiplyAdd, bool>, float, cutlass::layout::RowMajor, cutlass::gemm::warp::MmaSimtPolicy<cutlass::MatrixShape<int=4, int=8>, cutlass::layout::RowMajorInterleaved<int=2>, cutlass::gemm::GemmShape<int=4, int=4, int=1>>>, cutlass::epilogue::threadblock::SharedLoadIterator<cutlass::epilogue::threadblock::OutputTileOptimalThreadMap<cutlass::epilogue::threadblock::OutputTileShape<int=128, int=1, int=4, int=4, int=1>::CompactedThreadMap, cutlass::epilogue::threadblock::OutputTileShape<int=1, int=4, int=2, int=1, int=8>, int=256, int=1, int=32>, float, int=4>, cutlass::epilogue::thread::LinearCombination<float",20143
19.959380,0.001888,,,,,,,,,,112,56.573899,"Pageable","Device","Tesla V100-PCIE-32GB (0)","1","7","[CUDA memcpy HtoD]",20163
19.960012,0.020064,2048,1,1,384,1,1,16,0.000000,0.000000,,,,,"Tesla V100-PCIE-32GB (0)","1","7","void scal_kernel_val<double, double>(cublasScalParamsVal<double, double>)",20277
19.960480,91.720567,64,64,1,256,1,1,124,0.000000,16.250000,,,,,"Tesla V100-PCIE-32GB (0)","1","7","void cutlass::Kernel<cutlass::gemm::kernel::Gemm<cutlass::gemm::threadblock::MmaPipelined<cutlass::gemm::GemmShape<int=128, int=128, int=8>, cutlass::transform::threadblock::PredicatedTileIterator<cutlass::MatrixShape<int=128, int=8>, float, cutlass::layout::RowMajor, int=1, cutlass::transform::PitchLinearStripminedThreadMap<cutlass::layout::PitchLinearShape<int=8, int=128>, int=256, int=1>, int=1>, cutlass::transform::threadblock::RegularTileIterator<cutlass::MatrixShape<int=128, int=8>, float, cutlass::layout::ColumnMajor, int=1, cutlass::transform::TransposePitchLinearThreadMapSimt<cutlass::transform::PitchLinearStripminedThreadMap<cutlass::layout::PitchLinearShape<int=8, int=128>, int=256, int=1>>, int=4>, cutlass::transform::threadblock::PredicatedTileIterator<cutlass::MatrixShape<int=8, int=128>, float, cutlass::layout::RowMajor, int=0, cutlass::transform::PitchLinearStripminedThreadMap<cutlass::layout::PitchLinearShape<int=128, int=8>, int=256, int=1>, int=1>, cutlass::transform::threadblock::RegularTileIterator<cutlass::MatrixShape<int=8, int=128>, float, cutlass::layout::RowMajor, int=0, cutlass::transform::PitchLinearStripminedThreadMap<cutlass::layout::PitchLinearShape<int=128, int=8>, int=256, int=1>, int=4>, float, cutlass::layout::RowMajor, cutlass::gemm::threadblock::MmaPolicy<cutlass::gemm::warp::MmaSimt<cutlass::gemm::GemmShape<int=32, int=64, int=8>, float, cutlass::layout::ColumnMajor, float, cutlass::layout::RowMajor, float, cutlass::layout::RowMajor, cutlass::gemm::warp::MmaSimtPolicy<cutlass::MatrixShape<int=4, int=8>, cutlass::layout::RowMajorInterleaved<int=2>, cutlass::gemm::GemmShape<int=4, int=4, int=1>>, int=1, bool>, cutlass::MatrixShape<int=4, int=0>, cutlass::MatrixShape<int=0, int=0>, int=1>, cutlass::NumericArrayConverter<float, float, int=4, cutlass::FloatRoundStyle>, cutlass::NumericArrayConverter<float, float, int=4, cutlass::FloatRoundStyle>, bool>, cutlass::epilogue::threadblock::Epilogue<cutlass::gemm::GemmShape<int=128, int=128, int=8>, cutlass::gemm::warp::MmaSimt<cutlass::gemm::GemmShape<int=32, int=64, int=8>, float, cutlass::layout::ColumnMajor, float, cutlass::layout::RowMajor, float, cutlass::layout::RowMajor, cutlass::gemm::warp::MmaSimtPolicy<cutlass::MatrixShape<int=4, int=8>, cutlass::layout::RowMajorInterleaved<int=2>, cutlass::gemm::GemmShape<int=4, int=4, int=1>>, int=1, bool>, int=1, cutlass::epilogue::threadblock::PredicatedTileIterator<cutlass::epilogue::threadblock::OutputTileOptimalThreadMap<cutlass::epilogue::threadblock::OutputTileShape<int=128, int=1, int=4, int=4, int=1>, cutlass::epilogue::threadblock::OutputTileShape<int=1, int=4, int=2, int=1, int=8>, int=256, int=1, int=32>, float>, cutlass::epilogue::warp::FragmentIteratorSimt<cutlass::gemm::GemmShape<int=32, int=64, int=8>, cutlass::gemm::thread::Mma<cutlass::gemm::GemmShape<int=8, int=8, int=1>, float, cutlass::layout::ColumnMajor, float, cutlass::layout::RowMajor, float, cutlass::layout::RowMajor, cutlass::arch::OpMultiplyAdd, bool>, cutlass::layout::RowMajor, cutlass::gemm::warp::MmaSimtPolicy<cutlass::MatrixShape<int=4, int=8>, cutlass::layout::RowMajorInterleaved<int=2>, cutlass::gemm::GemmShape<int=4, int=4, int=1>>>, cutlass::epilogue::warp::TileIteratorSimt<cutlass::gemm::GemmShape<int=32, int=64, int=8>, cutlass::gemm::thread::Mma<cutlass::gemm::GemmShape<int=8, int=8, int=1>, float, cutlass::layout::ColumnMajor, float, cutlass::layout::RowMajor, float, cutlass::layout::RowMajor, cutlass::arch::OpMultiplyAdd, bool>, float, cutlass::layout::RowMajor, cutlass::gemm::warp::MmaSimtPolicy<cutlass::MatrixShape<int=4, int=8>, cutlass::layout::RowMajorInterleaved<int=2>, cutlass::gemm::GemmShape<int=4, int=4, int=1>>>, cutlass::epilogue::threadblock::SharedLoadIterator<cutlass::epilogue::threadblock::OutputTileOptimalThreadMap<cutlass::epilogue::threadblock::OutputTileShape<int=128, int=1, int=4, int=4, int=1>::CompactedThreadMap, cutlass::epilogue::threadblock::OutputTileShape<int=1, int=4, int=2, int=1, int=8>, int=256, int=1, int=32>, float, int=4>, cutlass::epilogue::thread::LinearCombination<float",20306
20.052209,0.001856,,,,,,,,,,112,57.549312,"Pageable","Device","Tesla V100-PCIE-32GB (0)","1","7","[CUDA memcpy HtoD]",20326
20.052868,0.019680,2048,1,1,384,1,1,16,0.000000,0.000000,,,,,"Tesla V100-PCIE-32GB (0)","1","7","void scal_kernel_val<double, double>(cublasScalParamsVal<double, double>)",20440
20.053310,91.740470,64,64,1,256,1,1,124,0.000000,16.250000,,,,,"Tesla V100-PCIE-32GB (0)","1","7","void cutlass::Kernel<cutlass::gemm::kernel::Gemm<cutlass::gemm::threadblock::MmaPipelined<cutlass::gemm::GemmShape<int=128, int=128, int=8>, cutlass::transform::threadblock::PredicatedTileIterator<cutlass::MatrixShape<int=128, int=8>, float, cutlass::layout::RowMajor, int=1, cutlass::transform::PitchLinearStripminedThreadMap<cutlass::layout::PitchLinearShape<int=8, int=128>, int=256, int=1>, int=1>, cutlass::transform::threadblock::RegularTileIterator<cutlass::MatrixShape<int=128, int=8>, float, cutlass::layout::ColumnMajor, int=1, cutlass::transform::TransposePitchLinearThreadMapSimt<cutlass::transform::PitchLinearStripminedThreadMap<cutlass::layout::PitchLinearShape<int=8, int=128>, int=256, int=1>>, int=4>, cutlass::transform::threadblock::PredicatedTileIterator<cutlass::MatrixShape<int=8, int=128>, float, cutlass::layout::RowMajor, int=0, cutlass::transform::PitchLinearStripminedThreadMap<cutlass::layout::PitchLinearShape<int=128, int=8>, int=256, int=1>, int=1>, cutlass::transform::threadblock::RegularTileIterator<cutlass::MatrixShape<int=8, int=128>, float, cutlass::layout::RowMajor, int=0, cutlass::transform::PitchLinearStripminedThreadMap<cutlass::layout::PitchLinearShape<int=128, int=8>, int=256, int=1>, int=4>, float, cutlass::layout::RowMajor, cutlass::gemm::threadblock::MmaPolicy<cutlass::gemm::warp::MmaSimt<cutlass::gemm::GemmShape<int=32, int=64, int=8>, float, cutlass::layout::ColumnMajor, float, cutlass::layout::RowMajor, float, cutlass::layout::RowMajor, cutlass::gemm::warp::MmaSimtPolicy<cutlass::MatrixShape<int=4, int=8>, cutlass::layout::RowMajorInterleaved<int=2>, cutlass::gemm::GemmShape<int=4, int=4, int=1>>, int=1, bool>, cutlass::MatrixShape<int=4, int=0>, cutlass::MatrixShape<int=0, int=0>, int=1>, cutlass::NumericArrayConverter<float, float, int=4, cutlass::FloatRoundStyle>, cutlass::NumericArrayConverter<float, float, int=4, cutlass::FloatRoundStyle>, bool>, cutlass::epilogue::threadblock::Epilogue<cutlass::gemm::GemmShape<int=128, int=128, int=8>, cutlass::gemm::warp::MmaSimt<cutlass::gemm::GemmShape<int=32, int=64, int=8>, float, cutlass::layout::ColumnMajor, float, cutlass::layout::RowMajor, float, cutlass::layout::RowMajor, cutlass::gemm::warp::MmaSimtPolicy<cutlass::MatrixShape<int=4, int=8>, cutlass::layout::RowMajorInterleaved<int=2>, cutlass::gemm::GemmShape<int=4, int=4, int=1>>, int=1, bool>, int=1, cutlass::epilogue::threadblock::PredicatedTileIterator<cutlass::epilogue::threadblock::OutputTileOptimalThreadMap<cutlass::epilogue::threadblock::OutputTileShape<int=128, int=1, int=4, int=4, int=1>, cutlass::epilogue::threadblock::OutputTileShape<int=1, int=4, int=2, int=1, int=8>, int=256, int=1, int=32>, float>, cutlass::epilogue::warp::FragmentIteratorSimt<cutlass::gemm::GemmShape<int=32, int=64, int=8>, cutlass::gemm::thread::Mma<cutlass::gemm::GemmShape<int=8, int=8, int=1>, float, cutlass::layout::ColumnMajor, float, cutlass::layout::RowMajor, float, cutlass::layout::RowMajor, cutlass::arch::OpMultiplyAdd, bool>, cutlass::layout::RowMajor, cutlass::gemm::warp::MmaSimtPolicy<cutlass::MatrixShape<int=4, int=8>, cutlass::layout::RowMajorInterleaved<int=2>, cutlass::gemm::GemmShape<int=4, int=4, int=1>>>, cutlass::epilogue::warp::TileIteratorSimt<cutlass::gemm::GemmShape<int=32, int=64, int=8>, cutlass::gemm::thread::Mma<cutlass::gemm::GemmShape<int=8, int=8, int=1>, float, cutlass::layout::ColumnMajor, float, cutlass::layout::RowMajor, float, cutlass::layout::RowMajor, cutlass::arch::OpMultiplyAdd, bool>, float, cutlass::layout::RowMajor, cutlass::gemm::warp::MmaSimtPolicy<cutlass::MatrixShape<int=4, int=8>, cutlass::layout::RowMajorInterleaved<int=2>, cutlass::gemm::GemmShape<int=4, int=4, int=1>>>, cutlass::epilogue::threadblock::SharedLoadIterator<cutlass::epilogue::threadblock::OutputTileOptimalThreadMap<cutlass::epilogue::threadblock::OutputTileShape<int=128, int=1, int=4, int=4, int=1>::CompactedThreadMap, cutlass::epilogue::threadblock::OutputTileShape<int=1, int=4, int=2, int=1, int=8>, int=256, int=1, int=32>, float, int=4>, cutlass::epilogue::thread::LinearCombination<float",20469
20.145060,0.001856,,,,,,,,,,112,57.549312,"Pageable","Device","Tesla V100-PCIE-32GB (0)","1","7","[CUDA memcpy HtoD]",20489
20.145694,0.019200,2048,1,1,384,1,1,16,0.000000,0.000000,,,,,"Tesla V100-PCIE-32GB (0)","1","7","void scal_kernel_val<double, double>(cublasScalParamsVal<double, double>)",20603
20.146132,91.733302,64,64,1,256,1,1,124,0.000000,16.250000,,,,,"Tesla V100-PCIE-32GB (0)","1","7","void cutlass::Kernel<cutlass::gemm::kernel::Gemm<cutlass::gemm::threadblock::MmaPipelined<cutlass::gemm::GemmShape<int=128, int=128, int=8>, cutlass::transform::threadblock::PredicatedTileIterator<cutlass::MatrixShape<int=128, int=8>, float, cutlass::layout::RowMajor, int=1, cutlass::transform::PitchLinearStripminedThreadMap<cutlass::layout::PitchLinearShape<int=8, int=128>, int=256, int=1>, int=1>, cutlass::transform::threadblock::RegularTileIterator<cutlass::MatrixShape<int=128, int=8>, float, cutlass::layout::ColumnMajor, int=1, cutlass::transform::TransposePitchLinearThreadMapSimt<cutlass::transform::PitchLinearStripminedThreadMap<cutlass::layout::PitchLinearShape<int=8, int=128>, int=256, int=1>>, int=4>, cutlass::transform::threadblock::PredicatedTileIterator<cutlass::MatrixShape<int=8, int=128>, float, cutlass::layout::RowMajor, int=0, cutlass::transform::PitchLinearStripminedThreadMap<cutlass::layout::PitchLinearShape<int=128, int=8>, int=256, int=1>, int=1>, cutlass::transform::threadblock::RegularTileIterator<cutlass::MatrixShape<int=8, int=128>, float, cutlass::layout::RowMajor, int=0, cutlass::transform::PitchLinearStripminedThreadMap<cutlass::layout::PitchLinearShape<int=128, int=8>, int=256, int=1>, int=4>, float, cutlass::layout::RowMajor, cutlass::gemm::threadblock::MmaPolicy<cutlass::gemm::warp::MmaSimt<cutlass::gemm::GemmShape<int=32, int=64, int=8>, float, cutlass::layout::ColumnMajor, float, cutlass::layout::RowMajor, float, cutlass::layout::RowMajor, cutlass::gemm::warp::MmaSimtPolicy<cutlass::MatrixShape<int=4, int=8>, cutlass::layout::RowMajorInterleaved<int=2>, cutlass::gemm::GemmShape<int=4, int=4, int=1>>, int=1, bool>, cutlass::MatrixShape<int=4, int=0>, cutlass::MatrixShape<int=0, int=0>, int=1>, cutlass::NumericArrayConverter<float, float, int=4, cutlass::FloatRoundStyle>, cutlass::NumericArrayConverter<float, float, int=4, cutlass::FloatRoundStyle>, bool>, cutlass::epilogue::threadblock::Epilogue<cutlass::gemm::GemmShape<int=128, int=128, int=8>, cutlass::gemm::warp::MmaSimt<cutlass::gemm::GemmShape<int=32, int=64, int=8>, float, cutlass::layout::ColumnMajor, float, cutlass::layout::RowMajor, float, cutlass::layout::RowMajor, cutlass::gemm::warp::MmaSimtPolicy<cutlass::MatrixShape<int=4, int=8>, cutlass::layout::RowMajorInterleaved<int=2>, cutlass::gemm::GemmShape<int=4, int=4, int=1>>, int=1, bool>, int=1, cutlass::epilogue::threadblock::PredicatedTileIterator<cutlass::epilogue::threadblock::OutputTileOptimalThreadMap<cutlass::epilogue::threadblock::OutputTileShape<int=128, int=1, int=4, int=4, int=1>, cutlass::epilogue::threadblock::OutputTileShape<int=1, int=4, int=2, int=1, int=8>, int=256, int=1, int=32>, float>, cutlass::epilogue::warp::FragmentIteratorSimt<cutlass::gemm::GemmShape<int=32, int=64, int=8>, cutlass::gemm::thread::Mma<cutlass::gemm::GemmShape<int=8, int=8, int=1>, float, cutlass::layout::ColumnMajor, float, cutlass::layout::RowMajor, float, cutlass::layout::RowMajor, cutlass::arch::OpMultiplyAdd, bool>, cutlass::layout::RowMajor, cutlass::gemm::warp::MmaSimtPolicy<cutlass::MatrixShape<int=4, int=8>, cutlass::layout::RowMajorInterleaved<int=2>, cutlass::gemm::GemmShape<int=4, int=4, int=1>>>, cutlass::epilogue::warp::TileIteratorSimt<cutlass::gemm::GemmShape<int=32, int=64, int=8>, cutlass::gemm::thread::Mma<cutlass::gemm::GemmShape<int=8, int=8, int=1>, float, cutlass::layout::ColumnMajor, float, cutlass::layout::RowMajor, float, cutlass::layout::RowMajor, cutlass::arch::OpMultiplyAdd, bool>, float, cutlass::layout::RowMajor, cutlass::gemm::warp::MmaSimtPolicy<cutlass::MatrixShape<int=4, int=8>, cutlass::layout::RowMajorInterleaved<int=2>, cutlass::gemm::GemmShape<int=4, int=4, int=1>>>, cutlass::epilogue::threadblock::SharedLoadIterator<cutlass::epilogue::threadblock::OutputTileOptimalThreadMap<cutlass::epilogue::threadblock::OutputTileShape<int=128, int=1, int=4, int=4, int=1>::CompactedThreadMap, cutlass::epilogue::threadblock::OutputTileShape<int=1, int=4, int=2, int=1, int=8>, int=256, int=1, int=32>, float, int=4>, cutlass::epilogue::thread::LinearCombination<float",20632
20.237874,0.001888,,,,,,,,,,112,56.573899,"Pageable","Device","Tesla V100-PCIE-32GB (0)","1","7","[CUDA memcpy HtoD]",20652
20.238927,0.019487,2048,1,1,384,1,1,16,0.000000,0.000000,,,,,"Tesla V100-PCIE-32GB (0)","1","7","void scal_kernel_val<double, double>(cublasScalParamsVal<double, double>)",20766
20.239358,91.745686,64,64,1,256,1,1,124,0.000000,16.250000,,,,,"Tesla V100-PCIE-32GB (0)","1","7","void cutlass::Kernel<cutlass::gemm::kernel::Gemm<cutlass::gemm::threadblock::MmaPipelined<cutlass::gemm::GemmShape<int=128, int=128, int=8>, cutlass::transform::threadblock::PredicatedTileIterator<cutlass::MatrixShape<int=128, int=8>, float, cutlass::layout::RowMajor, int=1, cutlass::transform::PitchLinearStripminedThreadMap<cutlass::layout::PitchLinearShape<int=8, int=128>, int=256, int=1>, int=1>, cutlass::transform::threadblock::RegularTileIterator<cutlass::MatrixShape<int=128, int=8>, float, cutlass::layout::ColumnMajor, int=1, cutlass::transform::TransposePitchLinearThreadMapSimt<cutlass::transform::PitchLinearStripminedThreadMap<cutlass::layout::PitchLinearShape<int=8, int=128>, int=256, int=1>>, int=4>, cutlass::transform::threadblock::PredicatedTileIterator<cutlass::MatrixShape<int=8, int=128>, float, cutlass::layout::RowMajor, int=0, cutlass::transform::PitchLinearStripminedThreadMap<cutlass::layout::PitchLinearShape<int=128, int=8>, int=256, int=1>, int=1>, cutlass::transform::threadblock::RegularTileIterator<cutlass::MatrixShape<int=8, int=128>, float, cutlass::layout::RowMajor, int=0, cutlass::transform::PitchLinearStripminedThreadMap<cutlass::layout::PitchLinearShape<int=128, int=8>, int=256, int=1>, int=4>, float, cutlass::layout::RowMajor, cutlass::gemm::threadblock::MmaPolicy<cutlass::gemm::warp::MmaSimt<cutlass::gemm::GemmShape<int=32, int=64, int=8>, float, cutlass::layout::ColumnMajor, float, cutlass::layout::RowMajor, float, cutlass::layout::RowMajor, cutlass::gemm::warp::MmaSimtPolicy<cutlass::MatrixShape<int=4, int=8>, cutlass::layout::RowMajorInterleaved<int=2>, cutlass::gemm::GemmShape<int=4, int=4, int=1>>, int=1, bool>, cutlass::MatrixShape<int=4, int=0>, cutlass::MatrixShape<int=0, int=0>, int=1>, cutlass::NumericArrayConverter<float, float, int=4, cutlass::FloatRoundStyle>, cutlass::NumericArrayConverter<float, float, int=4, cutlass::FloatRoundStyle>, bool>, cutlass::epilogue::threadblock::Epilogue<cutlass::gemm::GemmShape<int=128, int=128, int=8>, cutlass::gemm::warp::MmaSimt<cutlass::gemm::GemmShape<int=32, int=64, int=8>, float, cutlass::layout::ColumnMajor, float, cutlass::layout::RowMajor, float, cutlass::layout::RowMajor, cutlass::gemm::warp::MmaSimtPolicy<cutlass::MatrixShape<int=4, int=8>, cutlass::layout::RowMajorInterleaved<int=2>, cutlass::gemm::GemmShape<int=4, int=4, int=1>>, int=1, bool>, int=1, cutlass::epilogue::threadblock::PredicatedTileIterator<cutlass::epilogue::threadblock::OutputTileOptimalThreadMap<cutlass::epilogue::threadblock::OutputTileShape<int=128, int=1, int=4, int=4, int=1>, cutlass::epilogue::threadblock::OutputTileShape<int=1, int=4, int=2, int=1, int=8>, int=256, int=1, int=32>, float>, cutlass::epilogue::warp::FragmentIteratorSimt<cutlass::gemm::GemmShape<int=32, int=64, int=8>, cutlass::gemm::thread::Mma<cutlass::gemm::GemmShape<int=8, int=8, int=1>, float, cutlass::layout::ColumnMajor, float, cutlass::layout::RowMajor, float, cutlass::layout::RowMajor, cutlass::arch::OpMultiplyAdd, bool>, cutlass::layout::RowMajor, cutlass::gemm::warp::MmaSimtPolicy<cutlass::MatrixShape<int=4, int=8>, cutlass::layout::RowMajorInterleaved<int=2>, cutlass::gemm::GemmShape<int=4, int=4, int=1>>>, cutlass::epilogue::warp::TileIteratorSimt<cutlass::gemm::GemmShape<int=32, int=64, int=8>, cutlass::gemm::thread::Mma<cutlass::gemm::GemmShape<int=8, int=8, int=1>, float, cutlass::layout::ColumnMajor, float, cutlass::layout::RowMajor, float, cutlass::layout::RowMajor, cutlass::arch::OpMultiplyAdd, bool>, float, cutlass::layout::RowMajor, cutlass::gemm::warp::MmaSimtPolicy<cutlass::MatrixShape<int=4, int=8>, cutlass::layout::RowMajorInterleaved<int=2>, cutlass::gemm::GemmShape<int=4, int=4, int=1>>>, cutlass::epilogue::threadblock::SharedLoadIterator<cutlass::epilogue::threadblock::OutputTileOptimalThreadMap<cutlass::epilogue::threadblock::OutputTileShape<int=128, int=1, int=4, int=4, int=1>::CompactedThreadMap, cutlass::epilogue::threadblock::OutputTileShape<int=1, int=4, int=2, int=1, int=8>, int=256, int=1, int=32>, float, int=4>, cutlass::epilogue::thread::LinearCombination<float",20795
20.331114,0.001856,,,,,,,,,,112,57.549312,"Pageable","Device","Tesla V100-PCIE-32GB (0)","1","7","[CUDA memcpy HtoD]",20815
20.342282,0.019968,2048,1,1,384,1,1,16,0.000000,0.000000,,,,,"Tesla V100-PCIE-32GB (0)","1","7","void scal_kernel_val<double, double>(cublasScalParamsVal<double, double>)",20929
20.342797,91.736630,64,64,1,256,1,1,124,0.000000,16.250000,,,,,"Tesla V100-PCIE-32GB (0)","1","7","void cutlass::Kernel<cutlass::gemm::kernel::Gemm<cutlass::gemm::threadblock::MmaPipelined<cutlass::gemm::GemmShape<int=128, int=128, int=8>, cutlass::transform::threadblock::PredicatedTileIterator<cutlass::MatrixShape<int=128, int=8>, float, cutlass::layout::RowMajor, int=1, cutlass::transform::PitchLinearStripminedThreadMap<cutlass::layout::PitchLinearShape<int=8, int=128>, int=256, int=1>, int=1>, cutlass::transform::threadblock::RegularTileIterator<cutlass::MatrixShape<int=128, int=8>, float, cutlass::layout::ColumnMajor, int=1, cutlass::transform::TransposePitchLinearThreadMapSimt<cutlass::transform::PitchLinearStripminedThreadMap<cutlass::layout::PitchLinearShape<int=8, int=128>, int=256, int=1>>, int=4>, cutlass::transform::threadblock::PredicatedTileIterator<cutlass::MatrixShape<int=8, int=128>, float, cutlass::layout::RowMajor, int=0, cutlass::transform::PitchLinearStripminedThreadMap<cutlass::layout::PitchLinearShape<int=128, int=8>, int=256, int=1>, int=1>, cutlass::transform::threadblock::RegularTileIterator<cutlass::MatrixShape<int=8, int=128>, float, cutlass::layout::RowMajor, int=0, cutlass::transform::PitchLinearStripminedThreadMap<cutlass::layout::PitchLinearShape<int=128, int=8>, int=256, int=1>, int=4>, float, cutlass::layout::RowMajor, cutlass::gemm::threadblock::MmaPolicy<cutlass::gemm::warp::MmaSimt<cutlass::gemm::GemmShape<int=32, int=64, int=8>, float, cutlass::layout::ColumnMajor, float, cutlass::layout::RowMajor, float, cutlass::layout::RowMajor, cutlass::gemm::warp::MmaSimtPolicy<cutlass::MatrixShape<int=4, int=8>, cutlass::layout::RowMajorInterleaved<int=2>, cutlass::gemm::GemmShape<int=4, int=4, int=1>>, int=1, bool>, cutlass::MatrixShape<int=4, int=0>, cutlass::MatrixShape<int=0, int=0>, int=1>, cutlass::NumericArrayConverter<float, float, int=4, cutlass::FloatRoundStyle>, cutlass::NumericArrayConverter<float, float, int=4, cutlass::FloatRoundStyle>, bool>, cutlass::epilogue::threadblock::Epilogue<cutlass::gemm::GemmShape<int=128, int=128, int=8>, cutlass::gemm::warp::MmaSimt<cutlass::gemm::GemmShape<int=32, int=64, int=8>, float, cutlass::layout::ColumnMajor, float, cutlass::layout::RowMajor, float, cutlass::layout::RowMajor, cutlass::gemm::warp::MmaSimtPolicy<cutlass::MatrixShape<int=4, int=8>, cutlass::layout::RowMajorInterleaved<int=2>, cutlass::gemm::GemmShape<int=4, int=4, int=1>>, int=1, bool>, int=1, cutlass::epilogue::threadblock::PredicatedTileIterator<cutlass::epilogue::threadblock::OutputTileOptimalThreadMap<cutlass::epilogue::threadblock::OutputTileShape<int=128, int=1, int=4, int=4, int=1>, cutlass::epilogue::threadblock::OutputTileShape<int=1, int=4, int=2, int=1, int=8>, int=256, int=1, int=32>, float>, cutlass::epilogue::warp::FragmentIteratorSimt<cutlass::gemm::GemmShape<int=32, int=64, int=8>, cutlass::gemm::thread::Mma<cutlass::gemm::GemmShape<int=8, int=8, int=1>, float, cutlass::layout::ColumnMajor, float, cutlass::layout::RowMajor, float, cutlass::layout::RowMajor, cutlass::arch::OpMultiplyAdd, bool>, cutlass::layout::RowMajor, cutlass::gemm::warp::MmaSimtPolicy<cutlass::MatrixShape<int=4, int=8>, cutlass::layout::RowMajorInterleaved<int=2>, cutlass::gemm::GemmShape<int=4, int=4, int=1>>>, cutlass::epilogue::warp::TileIteratorSimt<cutlass::gemm::GemmShape<int=32, int=64, int=8>, cutlass::gemm::thread::Mma<cutlass::gemm::GemmShape<int=8, int=8, int=1>, float, cutlass::layout::ColumnMajor, float, cutlass::layout::RowMajor, float, cutlass::layout::RowMajor, cutlass::arch::OpMultiplyAdd, bool>, float, cutlass::layout::RowMajor, cutlass::gemm::warp::MmaSimtPolicy<cutlass::MatrixShape<int=4, int=8>, cutlass::layout::RowMajorInterleaved<int=2>, cutlass::gemm::GemmShape<int=4, int=4, int=1>>>, cutlass::epilogue::threadblock::SharedLoadIterator<cutlass::epilogue::threadblock::OutputTileOptimalThreadMap<cutlass::epilogue::threadblock::OutputTileShape<int=128, int=1, int=4, int=4, int=1>::CompactedThreadMap, cutlass::epilogue::threadblock::OutputTileShape<int=1, int=4, int=2, int=1, int=8>, int=256, int=1, int=32>, float, int=4>, cutlass::epilogue::thread::LinearCombination<float",20958
20.434544,0.001888,,,,,,,,,,112,56.573899,"Pageable","Device","Tesla V100-PCIE-32GB (0)","1","7","[CUDA memcpy HtoD]",20978
20.436060,0.018976,2048,1,1,384,1,1,16,0.000000,0.000000,,,,,"Tesla V100-PCIE-32GB (0)","1","7","void scal_kernel_val<double, double>(cublasScalParamsVal<double, double>)",21092
20.436515,91.743703,64,64,1,256,1,1,124,0.000000,16.250000,,,,,"Tesla V100-PCIE-32GB (0)","1","7","void cutlass::Kernel<cutlass::gemm::kernel::Gemm<cutlass::gemm::threadblock::MmaPipelined<cutlass::gemm::GemmShape<int=128, int=128, int=8>, cutlass::transform::threadblock::PredicatedTileIterator<cutlass::MatrixShape<int=128, int=8>, float, cutlass::layout::RowMajor, int=1, cutlass::transform::PitchLinearStripminedThreadMap<cutlass::layout::PitchLinearShape<int=8, int=128>, int=256, int=1>, int=1>, cutlass::transform::threadblock::RegularTileIterator<cutlass::MatrixShape<int=128, int=8>, float, cutlass::layout::ColumnMajor, int=1, cutlass::transform::TransposePitchLinearThreadMapSimt<cutlass::transform::PitchLinearStripminedThreadMap<cutlass::layout::PitchLinearShape<int=8, int=128>, int=256, int=1>>, int=4>, cutlass::transform::threadblock::PredicatedTileIterator<cutlass::MatrixShape<int=8, int=128>, float, cutlass::layout::RowMajor, int=0, cutlass::transform::PitchLinearStripminedThreadMap<cutlass::layout::PitchLinearShape<int=128, int=8>, int=256, int=1>, int=1>, cutlass::transform::threadblock::RegularTileIterator<cutlass::MatrixShape<int=8, int=128>, float, cutlass::layout::RowMajor, int=0, cutlass::transform::PitchLinearStripminedThreadMap<cutlass::layout::PitchLinearShape<int=128, int=8>, int=256, int=1>, int=4>, float, cutlass::layout::RowMajor, cutlass::gemm::threadblock::MmaPolicy<cutlass::gemm::warp::MmaSimt<cutlass::gemm::GemmShape<int=32, int=64, int=8>, float, cutlass::layout::ColumnMajor, float, cutlass::layout::RowMajor, float, cutlass::layout::RowMajor, cutlass::gemm::warp::MmaSimtPolicy<cutlass::MatrixShape<int=4, int=8>, cutlass::layout::RowMajorInterleaved<int=2>, cutlass::gemm::GemmShape<int=4, int=4, int=1>>, int=1, bool>, cutlass::MatrixShape<int=4, int=0>, cutlass::MatrixShape<int=0, int=0>, int=1>, cutlass::NumericArrayConverter<float, float, int=4, cutlass::FloatRoundStyle>, cutlass::NumericArrayConverter<float, float, int=4, cutlass::FloatRoundStyle>, bool>, cutlass::epilogue::threadblock::Epilogue<cutlass::gemm::GemmShape<int=128, int=128, int=8>, cutlass::gemm::warp::MmaSimt<cutlass::gemm::GemmShape<int=32, int=64, int=8>, float, cutlass::layout::ColumnMajor, float, cutlass::layout::RowMajor, float, cutlass::layout::RowMajor, cutlass::gemm::warp::MmaSimtPolicy<cutlass::MatrixShape<int=4, int=8>, cutlass::layout::RowMajorInterleaved<int=2>, cutlass::gemm::GemmShape<int=4, int=4, int=1>>, int=1, bool>, int=1, cutlass::epilogue::threadblock::PredicatedTileIterator<cutlass::epilogue::threadblock::OutputTileOptimalThreadMap<cutlass::epilogue::threadblock::OutputTileShape<int=128, int=1, int=4, int=4, int=1>, cutlass::epilogue::threadblock::OutputTileShape<int=1, int=4, int=2, int=1, int=8>, int=256, int=1, int=32>, float>, cutlass::epilogue::warp::FragmentIteratorSimt<cutlass::gemm::GemmShape<int=32, int=64, int=8>, cutlass::gemm::thread::Mma<cutlass::gemm::GemmShape<int=8, int=8, int=1>, float, cutlass::layout::ColumnMajor, float, cutlass::layout::RowMajor, float, cutlass::layout::RowMajor, cutlass::arch::OpMultiplyAdd, bool>, cutlass::layout::RowMajor, cutlass::gemm::warp::MmaSimtPolicy<cutlass::MatrixShape<int=4, int=8>, cutlass::layout::RowMajorInterleaved<int=2>, cutlass::gemm::GemmShape<int=4, int=4, int=1>>>, cutlass::epilogue::warp::TileIteratorSimt<cutlass::gemm::GemmShape<int=32, int=64, int=8>, cutlass::gemm::thread::Mma<cutlass::gemm::GemmShape<int=8, int=8, int=1>, float, cutlass::layout::ColumnMajor, float, cutlass::layout::RowMajor, float, cutlass::layout::RowMajor, cutlass::arch::OpMultiplyAdd, bool>, float, cutlass::layout::RowMajor, cutlass::gemm::warp::MmaSimtPolicy<cutlass::MatrixShape<int=4, int=8>, cutlass::layout::RowMajorInterleaved<int=2>, cutlass::gemm::GemmShape<int=4, int=4, int=1>>>, cutlass::epilogue::threadblock::SharedLoadIterator<cutlass::epilogue::threadblock::OutputTileOptimalThreadMap<cutlass::epilogue::threadblock::OutputTileShape<int=128, int=1, int=4, int=4, int=1>::CompactedThreadMap, cutlass::epilogue::threadblock::OutputTileShape<int=1, int=4, int=2, int=1, int=8>, int=256, int=1, int=32>, float, int=4>, cutlass::epilogue::thread::LinearCombination<float",21121
20.528268,0.001888,,,,,,,,,,112,56.573899,"Pageable","Device","Tesla V100-PCIE-32GB (0)","1","7","[CUDA memcpy HtoD]",21141
20.528935,0.019776,2048,1,1,384,1,1,16,0.000000,0.000000,,,,,"Tesla V100-PCIE-32GB (0)","1","7","void scal_kernel_val<double, double>(cublasScalParamsVal<double, double>)",21255
20.530680,91.717654,64,64,1,256,1,1,124,0.000000,16.250000,,,,,"Tesla V100-PCIE-32GB (0)","1","7","void cutlass::Kernel<cutlass::gemm::kernel::Gemm<cutlass::gemm::threadblock::MmaPipelined<cutlass::gemm::GemmShape<int=128, int=128, int=8>, cutlass::transform::threadblock::PredicatedTileIterator<cutlass::MatrixShape<int=128, int=8>, float, cutlass::layout::RowMajor, int=1, cutlass::transform::PitchLinearStripminedThreadMap<cutlass::layout::PitchLinearShape<int=8, int=128>, int=256, int=1>, int=1>, cutlass::transform::threadblock::RegularTileIterator<cutlass::MatrixShape<int=128, int=8>, float, cutlass::layout::ColumnMajor, int=1, cutlass::transform::TransposePitchLinearThreadMapSimt<cutlass::transform::PitchLinearStripminedThreadMap<cutlass::layout::PitchLinearShape<int=8, int=128>, int=256, int=1>>, int=4>, cutlass::transform::threadblock::PredicatedTileIterator<cutlass::MatrixShape<int=8, int=128>, float, cutlass::layout::RowMajor, int=0, cutlass::transform::PitchLinearStripminedThreadMap<cutlass::layout::PitchLinearShape<int=128, int=8>, int=256, int=1>, int=1>, cutlass::transform::threadblock::RegularTileIterator<cutlass::MatrixShape<int=8, int=128>, float, cutlass::layout::RowMajor, int=0, cutlass::transform::PitchLinearStripminedThreadMap<cutlass::layout::PitchLinearShape<int=128, int=8>, int=256, int=1>, int=4>, float, cutlass::layout::RowMajor, cutlass::gemm::threadblock::MmaPolicy<cutlass::gemm::warp::MmaSimt<cutlass::gemm::GemmShape<int=32, int=64, int=8>, float, cutlass::layout::ColumnMajor, float, cutlass::layout::RowMajor, float, cutlass::layout::RowMajor, cutlass::gemm::warp::MmaSimtPolicy<cutlass::MatrixShape<int=4, int=8>, cutlass::layout::RowMajorInterleaved<int=2>, cutlass::gemm::GemmShape<int=4, int=4, int=1>>, int=1, bool>, cutlass::MatrixShape<int=4, int=0>, cutlass::MatrixShape<int=0, int=0>, int=1>, cutlass::NumericArrayConverter<float, float, int=4, cutlass::FloatRoundStyle>, cutlass::NumericArrayConverter<float, float, int=4, cutlass::FloatRoundStyle>, bool>, cutlass::epilogue::threadblock::Epilogue<cutlass::gemm::GemmShape<int=128, int=128, int=8>, cutlass::gemm::warp::MmaSimt<cutlass::gemm::GemmShape<int=32, int=64, int=8>, float, cutlass::layout::ColumnMajor, float, cutlass::layout::RowMajor, float, cutlass::layout::RowMajor, cutlass::gemm::warp::MmaSimtPolicy<cutlass::MatrixShape<int=4, int=8>, cutlass::layout::RowMajorInterleaved<int=2>, cutlass::gemm::GemmShape<int=4, int=4, int=1>>, int=1, bool>, int=1, cutlass::epilogue::threadblock::PredicatedTileIterator<cutlass::epilogue::threadblock::OutputTileOptimalThreadMap<cutlass::epilogue::threadblock::OutputTileShape<int=128, int=1, int=4, int=4, int=1>, cutlass::epilogue::threadblock::OutputTileShape<int=1, int=4, int=2, int=1, int=8>, int=256, int=1, int=32>, float>, cutlass::epilogue::warp::FragmentIteratorSimt<cutlass::gemm::GemmShape<int=32, int=64, int=8>, cutlass::gemm::thread::Mma<cutlass::gemm::GemmShape<int=8, int=8, int=1>, float, cutlass::layout::ColumnMajor, float, cutlass::layout::RowMajor, float, cutlass::layout::RowMajor, cutlass::arch::OpMultiplyAdd, bool>, cutlass::layout::RowMajor, cutlass::gemm::warp::MmaSimtPolicy<cutlass::MatrixShape<int=4, int=8>, cutlass::layout::RowMajorInterleaved<int=2>, cutlass::gemm::GemmShape<int=4, int=4, int=1>>>, cutlass::epilogue::warp::TileIteratorSimt<cutlass::gemm::GemmShape<int=32, int=64, int=8>, cutlass::gemm::thread::Mma<cutlass::gemm::GemmShape<int=8, int=8, int=1>, float, cutlass::layout::ColumnMajor, float, cutlass::layout::RowMajor, float, cutlass::layout::RowMajor, cutlass::arch::OpMultiplyAdd, bool>, float, cutlass::layout::RowMajor, cutlass::gemm::warp::MmaSimtPolicy<cutlass::MatrixShape<int=4, int=8>, cutlass::layout::RowMajorInterleaved<int=2>, cutlass::gemm::GemmShape<int=4, int=4, int=1>>>, cutlass::epilogue::threadblock::SharedLoadIterator<cutlass::epilogue::threadblock::OutputTileOptimalThreadMap<cutlass::epilogue::threadblock::OutputTileShape<int=128, int=1, int=4, int=4, int=1>::CompactedThreadMap, cutlass::epilogue::threadblock::OutputTileShape<int=1, int=4, int=2, int=1, int=8>, int=256, int=1, int=32>, float, int=4>, cutlass::epilogue::thread::LinearCombination<float",21284
20.622407,0.001888,,,,,,,,,,112,56.573899,"Pageable","Device","Tesla V100-PCIE-32GB (0)","1","7","[CUDA memcpy HtoD]",21304
20.623049,0.019744,2048,1,1,384,1,1,16,0.000000,0.000000,,,,,"Tesla V100-PCIE-32GB (0)","1","7","void scal_kernel_val<double, double>(cublasScalParamsVal<double, double>)",21418
20.623482,91.746551,64,64,1,256,1,1,124,0.000000,16.250000,,,,,"Tesla V100-PCIE-32GB (0)","1","7","void cutlass::Kernel<cutlass::gemm::kernel::Gemm<cutlass::gemm::threadblock::MmaPipelined<cutlass::gemm::GemmShape<int=128, int=128, int=8>, cutlass::transform::threadblock::PredicatedTileIterator<cutlass::MatrixShape<int=128, int=8>, float, cutlass::layout::RowMajor, int=1, cutlass::transform::PitchLinearStripminedThreadMap<cutlass::layout::PitchLinearShape<int=8, int=128>, int=256, int=1>, int=1>, cutlass::transform::threadblock::RegularTileIterator<cutlass::MatrixShape<int=128, int=8>, float, cutlass::layout::ColumnMajor, int=1, cutlass::transform::TransposePitchLinearThreadMapSimt<cutlass::transform::PitchLinearStripminedThreadMap<cutlass::layout::PitchLinearShape<int=8, int=128>, int=256, int=1>>, int=4>, cutlass::transform::threadblock::PredicatedTileIterator<cutlass::MatrixShape<int=8, int=128>, float, cutlass::layout::RowMajor, int=0, cutlass::transform::PitchLinearStripminedThreadMap<cutlass::layout::PitchLinearShape<int=128, int=8>, int=256, int=1>, int=1>, cutlass::transform::threadblock::RegularTileIterator<cutlass::MatrixShape<int=8, int=128>, float, cutlass::layout::RowMajor, int=0, cutlass::transform::PitchLinearStripminedThreadMap<cutlass::layout::PitchLinearShape<int=128, int=8>, int=256, int=1>, int=4>, float, cutlass::layout::RowMajor, cutlass::gemm::threadblock::MmaPolicy<cutlass::gemm::warp::MmaSimt<cutlass::gemm::GemmShape<int=32, int=64, int=8>, float, cutlass::layout::ColumnMajor, float, cutlass::layout::RowMajor, float, cutlass::layout::RowMajor, cutlass::gemm::warp::MmaSimtPolicy<cutlass::MatrixShape<int=4, int=8>, cutlass::layout::RowMajorInterleaved<int=2>, cutlass::gemm::GemmShape<int=4, int=4, int=1>>, int=1, bool>, cutlass::MatrixShape<int=4, int=0>, cutlass::MatrixShape<int=0, int=0>, int=1>, cutlass::NumericArrayConverter<float, float, int=4, cutlass::FloatRoundStyle>, cutlass::NumericArrayConverter<float, float, int=4, cutlass::FloatRoundStyle>, bool>, cutlass::epilogue::threadblock::Epilogue<cutlass::gemm::GemmShape<int=128, int=128, int=8>, cutlass::gemm::warp::MmaSimt<cutlass::gemm::GemmShape<int=32, int=64, int=8>, float, cutlass::layout::ColumnMajor, float, cutlass::layout::RowMajor, float, cutlass::layout::RowMajor, cutlass::gemm::warp::MmaSimtPolicy<cutlass::MatrixShape<int=4, int=8>, cutlass::layout::RowMajorInterleaved<int=2>, cutlass::gemm::GemmShape<int=4, int=4, int=1>>, int=1, bool>, int=1, cutlass::epilogue::threadblock::PredicatedTileIterator<cutlass::epilogue::threadblock::OutputTileOptimalThreadMap<cutlass::epilogue::threadblock::OutputTileShape<int=128, int=1, int=4, int=4, int=1>, cutlass::epilogue::threadblock::OutputTileShape<int=1, int=4, int=2, int=1, int=8>, int=256, int=1, int=32>, float>, cutlass::epilogue::warp::FragmentIteratorSimt<cutlass::gemm::GemmShape<int=32, int=64, int=8>, cutlass::gemm::thread::Mma<cutlass::gemm::GemmShape<int=8, int=8, int=1>, float, cutlass::layout::ColumnMajor, float, cutlass::layout::RowMajor, float, cutlass::layout::RowMajor, cutlass::arch::OpMultiplyAdd, bool>, cutlass::layout::RowMajor, cutlass::gemm::warp::MmaSimtPolicy<cutlass::MatrixShape<int=4, int=8>, cutlass::layout::RowMajorInterleaved<int=2>, cutlass::gemm::GemmShape<int=4, int=4, int=1>>>, cutlass::epilogue::warp::TileIteratorSimt<cutlass::gemm::GemmShape<int=32, int=64, int=8>, cutlass::gemm::thread::Mma<cutlass::gemm::GemmShape<int=8, int=8, int=1>, float, cutlass::layout::ColumnMajor, float, cutlass::layout::RowMajor, float, cutlass::layout::RowMajor, cutlass::arch::OpMultiplyAdd, bool>, float, cutlass::layout::RowMajor, cutlass::gemm::warp::MmaSimtPolicy<cutlass::MatrixShape<int=4, int=8>, cutlass::layout::RowMajorInterleaved<int=2>, cutlass::gemm::GemmShape<int=4, int=4, int=1>>>, cutlass::epilogue::threadblock::SharedLoadIterator<cutlass::epilogue::threadblock::OutputTileOptimalThreadMap<cutlass::epilogue::threadblock::OutputTileShape<int=128, int=1, int=4, int=4, int=1>::CompactedThreadMap, cutlass::epilogue::threadblock::OutputTileShape<int=1, int=4, int=2, int=1, int=8>, int=256, int=1, int=32>, float, int=4>, cutlass::epilogue::thread::LinearCombination<float",21447
20.715237,0.001888,,,,,,,,,,112,56.573899,"Pageable","Device","Tesla V100-PCIE-32GB (0)","1","7","[CUDA memcpy HtoD]",21467
20.715880,0.020448,2048,1,1,384,1,1,16,0.000000,0.000000,,,,,"Tesla V100-PCIE-32GB (0)","1","7","void scal_kernel_val<double, double>(cublasScalParamsVal<double, double>)",21581
20.719850,91.750070,64,64,1,256,1,1,124,0.000000,16.250000,,,,,"Tesla V100-PCIE-32GB (0)","1","7","void cutlass::Kernel<cutlass::gemm::kernel::Gemm<cutlass::gemm::threadblock::MmaPipelined<cutlass::gemm::GemmShape<int=128, int=128, int=8>, cutlass::transform::threadblock::PredicatedTileIterator<cutlass::MatrixShape<int=128, int=8>, float, cutlass::layout::RowMajor, int=1, cutlass::transform::PitchLinearStripminedThreadMap<cutlass::layout::PitchLinearShape<int=8, int=128>, int=256, int=1>, int=1>, cutlass::transform::threadblock::RegularTileIterator<cutlass::MatrixShape<int=128, int=8>, float, cutlass::layout::ColumnMajor, int=1, cutlass::transform::TransposePitchLinearThreadMapSimt<cutlass::transform::PitchLinearStripminedThreadMap<cutlass::layout::PitchLinearShape<int=8, int=128>, int=256, int=1>>, int=4>, cutlass::transform::threadblock::PredicatedTileIterator<cutlass::MatrixShape<int=8, int=128>, float, cutlass::layout::RowMajor, int=0, cutlass::transform::PitchLinearStripminedThreadMap<cutlass::layout::PitchLinearShape<int=128, int=8>, int=256, int=1>, int=1>, cutlass::transform::threadblock::RegularTileIterator<cutlass::MatrixShape<int=8, int=128>, float, cutlass::layout::RowMajor, int=0, cutlass::transform::PitchLinearStripminedThreadMap<cutlass::layout::PitchLinearShape<int=128, int=8>, int=256, int=1>, int=4>, float, cutlass::layout::RowMajor, cutlass::gemm::threadblock::MmaPolicy<cutlass::gemm::warp::MmaSimt<cutlass::gemm::GemmShape<int=32, int=64, int=8>, float, cutlass::layout::ColumnMajor, float, cutlass::layout::RowMajor, float, cutlass::layout::RowMajor, cutlass::gemm::warp::MmaSimtPolicy<cutlass::MatrixShape<int=4, int=8>, cutlass::layout::RowMajorInterleaved<int=2>, cutlass::gemm::GemmShape<int=4, int=4, int=1>>, int=1, bool>, cutlass::MatrixShape<int=4, int=0>, cutlass::MatrixShape<int=0, int=0>, int=1>, cutlass::NumericArrayConverter<float, float, int=4, cutlass::FloatRoundStyle>, cutlass::NumericArrayConverter<float, float, int=4, cutlass::FloatRoundStyle>, bool>, cutlass::epilogue::threadblock::Epilogue<cutlass::gemm::GemmShape<int=128, int=128, int=8>, cutlass::gemm::warp::MmaSimt<cutlass::gemm::GemmShape<int=32, int=64, int=8>, float, cutlass::layout::ColumnMajor, float, cutlass::layout::RowMajor, float, cutlass::layout::RowMajor, cutlass::gemm::warp::MmaSimtPolicy<cutlass::MatrixShape<int=4, int=8>, cutlass::layout::RowMajorInterleaved<int=2>, cutlass::gemm::GemmShape<int=4, int=4, int=1>>, int=1, bool>, int=1, cutlass::epilogue::threadblock::PredicatedTileIterator<cutlass::epilogue::threadblock::OutputTileOptimalThreadMap<cutlass::epilogue::threadblock::OutputTileShape<int=128, int=1, int=4, int=4, int=1>, cutlass::epilogue::threadblock::OutputTileShape<int=1, int=4, int=2, int=1, int=8>, int=256, int=1, int=32>, float>, cutlass::epilogue::warp::FragmentIteratorSimt<cutlass::gemm::GemmShape<int=32, int=64, int=8>, cutlass::gemm::thread::Mma<cutlass::gemm::GemmShape<int=8, int=8, int=1>, float, cutlass::layout::ColumnMajor, float, cutlass::layout::RowMajor, float, cutlass::layout::RowMajor, cutlass::arch::OpMultiplyAdd, bool>, cutlass::layout::RowMajor, cutlass::gemm::warp::MmaSimtPolicy<cutlass::MatrixShape<int=4, int=8>, cutlass::layout::RowMajorInterleaved<int=2>, cutlass::gemm::GemmShape<int=4, int=4, int=1>>>, cutlass::epilogue::warp::TileIteratorSimt<cutlass::gemm::GemmShape<int=32, int=64, int=8>, cutlass::gemm::thread::Mma<cutlass::gemm::GemmShape<int=8, int=8, int=1>, float, cutlass::layout::ColumnMajor, float, cutlass::layout::RowMajor, float, cutlass::layout::RowMajor, cutlass::arch::OpMultiplyAdd, bool>, float, cutlass::layout::RowMajor, cutlass::gemm::warp::MmaSimtPolicy<cutlass::MatrixShape<int=4, int=8>, cutlass::layout::RowMajorInterleaved<int=2>, cutlass::gemm::GemmShape<int=4, int=4, int=1>>>, cutlass::epilogue::threadblock::SharedLoadIterator<cutlass::epilogue::threadblock::OutputTileOptimalThreadMap<cutlass::epilogue::threadblock::OutputTileShape<int=128, int=1, int=4, int=4, int=1>::CompactedThreadMap, cutlass::epilogue::threadblock::OutputTileShape<int=1, int=4, int=2, int=1, int=8>, int=256, int=1, int=32>, float, int=4>, cutlass::epilogue::thread::LinearCombination<float",21610
20.811612,0.001856,,,,,,,,,,112,57.549312,"Pageable","Device","Tesla V100-PCIE-32GB (0)","1","7","[CUDA memcpy HtoD]",21630
20.812253,0.019936,2048,1,1,384,1,1,16,0.000000,0.000000,,,,,"Tesla V100-PCIE-32GB (0)","1","7","void scal_kernel_val<double, double>(cublasScalParamsVal<double, double>)",21744
20.812695,91.755478,64,64,1,256,1,1,124,0.000000,16.250000,,,,,"Tesla V100-PCIE-32GB (0)","1","7","void cutlass::Kernel<cutlass::gemm::kernel::Gemm<cutlass::gemm::threadblock::MmaPipelined<cutlass::gemm::GemmShape<int=128, int=128, int=8>, cutlass::transform::threadblock::PredicatedTileIterator<cutlass::MatrixShape<int=128, int=8>, float, cutlass::layout::RowMajor, int=1, cutlass::transform::PitchLinearStripminedThreadMap<cutlass::layout::PitchLinearShape<int=8, int=128>, int=256, int=1>, int=1>, cutlass::transform::threadblock::RegularTileIterator<cutlass::MatrixShape<int=128, int=8>, float, cutlass::layout::ColumnMajor, int=1, cutlass::transform::TransposePitchLinearThreadMapSimt<cutlass::transform::PitchLinearStripminedThreadMap<cutlass::layout::PitchLinearShape<int=8, int=128>, int=256, int=1>>, int=4>, cutlass::transform::threadblock::PredicatedTileIterator<cutlass::MatrixShape<int=8, int=128>, float, cutlass::layout::RowMajor, int=0, cutlass::transform::PitchLinearStripminedThreadMap<cutlass::layout::PitchLinearShape<int=128, int=8>, int=256, int=1>, int=1>, cutlass::transform::threadblock::RegularTileIterator<cutlass::MatrixShape<int=8, int=128>, float, cutlass::layout::RowMajor, int=0, cutlass::transform::PitchLinearStripminedThreadMap<cutlass::layout::PitchLinearShape<int=128, int=8>, int=256, int=1>, int=4>, float, cutlass::layout::RowMajor, cutlass::gemm::threadblock::MmaPolicy<cutlass::gemm::warp::MmaSimt<cutlass::gemm::GemmShape<int=32, int=64, int=8>, float, cutlass::layout::ColumnMajor, float, cutlass::layout::RowMajor, float, cutlass::layout::RowMajor, cutlass::gemm::warp::MmaSimtPolicy<cutlass::MatrixShape<int=4, int=8>, cutlass::layout::RowMajorInterleaved<int=2>, cutlass::gemm::GemmShape<int=4, int=4, int=1>>, int=1, bool>, cutlass::MatrixShape<int=4, int=0>, cutlass::MatrixShape<int=0, int=0>, int=1>, cutlass::NumericArrayConverter<float, float, int=4, cutlass::FloatRoundStyle>, cutlass::NumericArrayConverter<float, float, int=4, cutlass::FloatRoundStyle>, bool>, cutlass::epilogue::threadblock::Epilogue<cutlass::gemm::GemmShape<int=128, int=128, int=8>, cutlass::gemm::warp::MmaSimt<cutlass::gemm::GemmShape<int=32, int=64, int=8>, float, cutlass::layout::ColumnMajor, float, cutlass::layout::RowMajor, float, cutlass::layout::RowMajor, cutlass::gemm::warp::MmaSimtPolicy<cutlass::MatrixShape<int=4, int=8>, cutlass::layout::RowMajorInterleaved<int=2>, cutlass::gemm::GemmShape<int=4, int=4, int=1>>, int=1, bool>, int=1, cutlass::epilogue::threadblock::PredicatedTileIterator<cutlass::epilogue::threadblock::OutputTileOptimalThreadMap<cutlass::epilogue::threadblock::OutputTileShape<int=128, int=1, int=4, int=4, int=1>, cutlass::epilogue::threadblock::OutputTileShape<int=1, int=4, int=2, int=1, int=8>, int=256, int=1, int=32>, float>, cutlass::epilogue::warp::FragmentIteratorSimt<cutlass::gemm::GemmShape<int=32, int=64, int=8>, cutlass::gemm::thread::Mma<cutlass::gemm::GemmShape<int=8, int=8, int=1>, float, cutlass::layout::ColumnMajor, float, cutlass::layout::RowMajor, float, cutlass::layout::RowMajor, cutlass::arch::OpMultiplyAdd, bool>, cutlass::layout::RowMajor, cutlass::gemm::warp::MmaSimtPolicy<cutlass::MatrixShape<int=4, int=8>, cutlass::layout::RowMajorInterleaved<int=2>, cutlass::gemm::GemmShape<int=4, int=4, int=1>>>, cutlass::epilogue::warp::TileIteratorSimt<cutlass::gemm::GemmShape<int=32, int=64, int=8>, cutlass::gemm::thread::Mma<cutlass::gemm::GemmShape<int=8, int=8, int=1>, float, cutlass::layout::ColumnMajor, float, cutlass::layout::RowMajor, float, cutlass::layout::RowMajor, cutlass::arch::OpMultiplyAdd, bool>, float, cutlass::layout::RowMajor, cutlass::gemm::warp::MmaSimtPolicy<cutlass::MatrixShape<int=4, int=8>, cutlass::layout::RowMajorInterleaved<int=2>, cutlass::gemm::GemmShape<int=4, int=4, int=1>>>, cutlass::epilogue::threadblock::SharedLoadIterator<cutlass::epilogue::threadblock::OutputTileOptimalThreadMap<cutlass::epilogue::threadblock::OutputTileShape<int=128, int=1, int=4, int=4, int=1>::CompactedThreadMap, cutlass::epilogue::threadblock::OutputTileShape<int=1, int=4, int=2, int=1, int=8>, int=256, int=1, int=32>, float, int=4>, cutlass::epilogue::thread::LinearCombination<float",21773
20.904461,0.001888,,,,,,,,,,112,56.573899,"Pageable","Device","Tesla V100-PCIE-32GB (0)","1","7","[CUDA memcpy HtoD]",21793
20.905127,0.020160,2048,1,1,384,1,1,16,0.000000,0.000000,,,,,"Tesla V100-PCIE-32GB (0)","1","7","void scal_kernel_val<double, double>(cublasScalParamsVal<double, double>)",21907
20.905588,91.745462,64,64,1,256,1,1,124,0.000000,16.250000,,,,,"Tesla V100-PCIE-32GB (0)","1","7","void cutlass::Kernel<cutlass::gemm::kernel::Gemm<cutlass::gemm::threadblock::MmaPipelined<cutlass::gemm::GemmShape<int=128, int=128, int=8>, cutlass::transform::threadblock::PredicatedTileIterator<cutlass::MatrixShape<int=128, int=8>, float, cutlass::layout::RowMajor, int=1, cutlass::transform::PitchLinearStripminedThreadMap<cutlass::layout::PitchLinearShape<int=8, int=128>, int=256, int=1>, int=1>, cutlass::transform::threadblock::RegularTileIterator<cutlass::MatrixShape<int=128, int=8>, float, cutlass::layout::ColumnMajor, int=1, cutlass::transform::TransposePitchLinearThreadMapSimt<cutlass::transform::PitchLinearStripminedThreadMap<cutlass::layout::PitchLinearShape<int=8, int=128>, int=256, int=1>>, int=4>, cutlass::transform::threadblock::PredicatedTileIterator<cutlass::MatrixShape<int=8, int=128>, float, cutlass::layout::RowMajor, int=0, cutlass::transform::PitchLinearStripminedThreadMap<cutlass::layout::PitchLinearShape<int=128, int=8>, int=256, int=1>, int=1>, cutlass::transform::threadblock::RegularTileIterator<cutlass::MatrixShape<int=8, int=128>, float, cutlass::layout::RowMajor, int=0, cutlass::transform::PitchLinearStripminedThreadMap<cutlass::layout::PitchLinearShape<int=128, int=8>, int=256, int=1>, int=4>, float, cutlass::layout::RowMajor, cutlass::gemm::threadblock::MmaPolicy<cutlass::gemm::warp::MmaSimt<cutlass::gemm::GemmShape<int=32, int=64, int=8>, float, cutlass::layout::ColumnMajor, float, cutlass::layout::RowMajor, float, cutlass::layout::RowMajor, cutlass::gemm::warp::MmaSimtPolicy<cutlass::MatrixShape<int=4, int=8>, cutlass::layout::RowMajorInterleaved<int=2>, cutlass::gemm::GemmShape<int=4, int=4, int=1>>, int=1, bool>, cutlass::MatrixShape<int=4, int=0>, cutlass::MatrixShape<int=0, int=0>, int=1>, cutlass::NumericArrayConverter<float, float, int=4, cutlass::FloatRoundStyle>, cutlass::NumericArrayConverter<float, float, int=4, cutlass::FloatRoundStyle>, bool>, cutlass::epilogue::threadblock::Epilogue<cutlass::gemm::GemmShape<int=128, int=128, int=8>, cutlass::gemm::warp::MmaSimt<cutlass::gemm::GemmShape<int=32, int=64, int=8>, float, cutlass::layout::ColumnMajor, float, cutlass::layout::RowMajor, float, cutlass::layout::RowMajor, cutlass::gemm::warp::MmaSimtPolicy<cutlass::MatrixShape<int=4, int=8>, cutlass::layout::RowMajorInterleaved<int=2>, cutlass::gemm::GemmShape<int=4, int=4, int=1>>, int=1, bool>, int=1, cutlass::epilogue::threadblock::PredicatedTileIterator<cutlass::epilogue::threadblock::OutputTileOptimalThreadMap<cutlass::epilogue::threadblock::OutputTileShape<int=128, int=1, int=4, int=4, int=1>, cutlass::epilogue::threadblock::OutputTileShape<int=1, int=4, int=2, int=1, int=8>, int=256, int=1, int=32>, float>, cutlass::epilogue::warp::FragmentIteratorSimt<cutlass::gemm::GemmShape<int=32, int=64, int=8>, cutlass::gemm::thread::Mma<cutlass::gemm::GemmShape<int=8, int=8, int=1>, float, cutlass::layout::ColumnMajor, float, cutlass::layout::RowMajor, float, cutlass::layout::RowMajor, cutlass::arch::OpMultiplyAdd, bool>, cutlass::layout::RowMajor, cutlass::gemm::warp::MmaSimtPolicy<cutlass::MatrixShape<int=4, int=8>, cutlass::layout::RowMajorInterleaved<int=2>, cutlass::gemm::GemmShape<int=4, int=4, int=1>>>, cutlass::epilogue::warp::TileIteratorSimt<cutlass::gemm::GemmShape<int=32, int=64, int=8>, cutlass::gemm::thread::Mma<cutlass::gemm::GemmShape<int=8, int=8, int=1>, float, cutlass::layout::ColumnMajor, float, cutlass::layout::RowMajor, float, cutlass::layout::RowMajor, cutlass::arch::OpMultiplyAdd, bool>, float, cutlass::layout::RowMajor, cutlass::gemm::warp::MmaSimtPolicy<cutlass::MatrixShape<int=4, int=8>, cutlass::layout::RowMajorInterleaved<int=2>, cutlass::gemm::GemmShape<int=4, int=4, int=1>>>, cutlass::epilogue::threadblock::SharedLoadIterator<cutlass::epilogue::threadblock::OutputTileOptimalThreadMap<cutlass::epilogue::threadblock::OutputTileShape<int=128, int=1, int=4, int=4, int=1>::CompactedThreadMap, cutlass::epilogue::threadblock::OutputTileShape<int=1, int=4, int=2, int=1, int=8>, int=256, int=1, int=32>, float, int=4>, cutlass::epilogue::thread::LinearCombination<float",21936
20.997344,0.001888,,,,,,,,,,112,56.573899,"Pageable","Device","Tesla V100-PCIE-32GB (0)","1","7","[CUDA memcpy HtoD]",21956
20.998033,0.019648,2048,1,1,384,1,1,16,0.000000,0.000000,,,,,"Tesla V100-PCIE-32GB (0)","1","7","void scal_kernel_val<double, double>(cublasScalParamsVal<double, double>)",22070
20.998507,91.725878,64,64,1,256,1,1,124,0.000000,16.250000,,,,,"Tesla V100-PCIE-32GB (0)","1","7","void cutlass::Kernel<cutlass::gemm::kernel::Gemm<cutlass::gemm::threadblock::MmaPipelined<cutlass::gemm::GemmShape<int=128, int=128, int=8>, cutlass::transform::threadblock::PredicatedTileIterator<cutlass::MatrixShape<int=128, int=8>, float, cutlass::layout::RowMajor, int=1, cutlass::transform::PitchLinearStripminedThreadMap<cutlass::layout::PitchLinearShape<int=8, int=128>, int=256, int=1>, int=1>, cutlass::transform::threadblock::RegularTileIterator<cutlass::MatrixShape<int=128, int=8>, float, cutlass::layout::ColumnMajor, int=1, cutlass::transform::TransposePitchLinearThreadMapSimt<cutlass::transform::PitchLinearStripminedThreadMap<cutlass::layout::PitchLinearShape<int=8, int=128>, int=256, int=1>>, int=4>, cutlass::transform::threadblock::PredicatedTileIterator<cutlass::MatrixShape<int=8, int=128>, float, cutlass::layout::RowMajor, int=0, cutlass::transform::PitchLinearStripminedThreadMap<cutlass::layout::PitchLinearShape<int=128, int=8>, int=256, int=1>, int=1>, cutlass::transform::threadblock::RegularTileIterator<cutlass::MatrixShape<int=8, int=128>, float, cutlass::layout::RowMajor, int=0, cutlass::transform::PitchLinearStripminedThreadMap<cutlass::layout::PitchLinearShape<int=128, int=8>, int=256, int=1>, int=4>, float, cutlass::layout::RowMajor, cutlass::gemm::threadblock::MmaPolicy<cutlass::gemm::warp::MmaSimt<cutlass::gemm::GemmShape<int=32, int=64, int=8>, float, cutlass::layout::ColumnMajor, float, cutlass::layout::RowMajor, float, cutlass::layout::RowMajor, cutlass::gemm::warp::MmaSimtPolicy<cutlass::MatrixShape<int=4, int=8>, cutlass::layout::RowMajorInterleaved<int=2>, cutlass::gemm::GemmShape<int=4, int=4, int=1>>, int=1, bool>, cutlass::MatrixShape<int=4, int=0>, cutlass::MatrixShape<int=0, int=0>, int=1>, cutlass::NumericArrayConverter<float, float, int=4, cutlass::FloatRoundStyle>, cutlass::NumericArrayConverter<float, float, int=4, cutlass::FloatRoundStyle>, bool>, cutlass::epilogue::threadblock::Epilogue<cutlass::gemm::GemmShape<int=128, int=128, int=8>, cutlass::gemm::warp::MmaSimt<cutlass::gemm::GemmShape<int=32, int=64, int=8>, float, cutlass::layout::ColumnMajor, float, cutlass::layout::RowMajor, float, cutlass::layout::RowMajor, cutlass::gemm::warp::MmaSimtPolicy<cutlass::MatrixShape<int=4, int=8>, cutlass::layout::RowMajorInterleaved<int=2>, cutlass::gemm::GemmShape<int=4, int=4, int=1>>, int=1, bool>, int=1, cutlass::epilogue::threadblock::PredicatedTileIterator<cutlass::epilogue::threadblock::OutputTileOptimalThreadMap<cutlass::epilogue::threadblock::OutputTileShape<int=128, int=1, int=4, int=4, int=1>, cutlass::epilogue::threadblock::OutputTileShape<int=1, int=4, int=2, int=1, int=8>, int=256, int=1, int=32>, float>, cutlass::epilogue::warp::FragmentIteratorSimt<cutlass::gemm::GemmShape<int=32, int=64, int=8>, cutlass::gemm::thread::Mma<cutlass::gemm::GemmShape<int=8, int=8, int=1>, float, cutlass::layout::ColumnMajor, float, cutlass::layout::RowMajor, float, cutlass::layout::RowMajor, cutlass::arch::OpMultiplyAdd, bool>, cutlass::layout::RowMajor, cutlass::gemm::warp::MmaSimtPolicy<cutlass::MatrixShape<int=4, int=8>, cutlass::layout::RowMajorInterleaved<int=2>, cutlass::gemm::GemmShape<int=4, int=4, int=1>>>, cutlass::epilogue::warp::TileIteratorSimt<cutlass::gemm::GemmShape<int=32, int=64, int=8>, cutlass::gemm::thread::Mma<cutlass::gemm::GemmShape<int=8, int=8, int=1>, float, cutlass::layout::ColumnMajor, float, cutlass::layout::RowMajor, float, cutlass::layout::RowMajor, cutlass::arch::OpMultiplyAdd, bool>, float, cutlass::layout::RowMajor, cutlass::gemm::warp::MmaSimtPolicy<cutlass::MatrixShape<int=4, int=8>, cutlass::layout::RowMajorInterleaved<int=2>, cutlass::gemm::GemmShape<int=4, int=4, int=1>>>, cutlass::epilogue::threadblock::SharedLoadIterator<cutlass::epilogue::threadblock::OutputTileOptimalThreadMap<cutlass::epilogue::threadblock::OutputTileShape<int=128, int=1, int=4, int=4, int=1>::CompactedThreadMap, cutlass::epilogue::threadblock::OutputTileShape<int=1, int=4, int=2, int=1, int=8>, int=256, int=1, int=32>, float, int=4>, cutlass::epilogue::thread::LinearCombination<float",22099
21.090295,0.001888,,,,,,,,,,112,56.573899,"Pageable","Device","Tesla V100-PCIE-32GB (0)","1","7","[CUDA memcpy HtoD]",22119
21.091103,0.020096,2048,1,1,384,1,1,16,0.000000,0.000000,,,,,"Tesla V100-PCIE-32GB (0)","1","7","void scal_kernel_val<double, double>(cublasScalParamsVal<double, double>)",22233
21.091636,91.728407,64,64,1,256,1,1,124,0.000000,16.250000,,,,,"Tesla V100-PCIE-32GB (0)","1","7","void cutlass::Kernel<cutlass::gemm::kernel::Gemm<cutlass::gemm::threadblock::MmaPipelined<cutlass::gemm::GemmShape<int=128, int=128, int=8>, cutlass::transform::threadblock::PredicatedTileIterator<cutlass::MatrixShape<int=128, int=8>, float, cutlass::layout::RowMajor, int=1, cutlass::transform::PitchLinearStripminedThreadMap<cutlass::layout::PitchLinearShape<int=8, int=128>, int=256, int=1>, int=1>, cutlass::transform::threadblock::RegularTileIterator<cutlass::MatrixShape<int=128, int=8>, float, cutlass::layout::ColumnMajor, int=1, cutlass::transform::TransposePitchLinearThreadMapSimt<cutlass::transform::PitchLinearStripminedThreadMap<cutlass::layout::PitchLinearShape<int=8, int=128>, int=256, int=1>>, int=4>, cutlass::transform::threadblock::PredicatedTileIterator<cutlass::MatrixShape<int=8, int=128>, float, cutlass::layout::RowMajor, int=0, cutlass::transform::PitchLinearStripminedThreadMap<cutlass::layout::PitchLinearShape<int=128, int=8>, int=256, int=1>, int=1>, cutlass::transform::threadblock::RegularTileIterator<cutlass::MatrixShape<int=8, int=128>, float, cutlass::layout::RowMajor, int=0, cutlass::transform::PitchLinearStripminedThreadMap<cutlass::layout::PitchLinearShape<int=128, int=8>, int=256, int=1>, int=4>, float, cutlass::layout::RowMajor, cutlass::gemm::threadblock::MmaPolicy<cutlass::gemm::warp::MmaSimt<cutlass::gemm::GemmShape<int=32, int=64, int=8>, float, cutlass::layout::ColumnMajor, float, cutlass::layout::RowMajor, float, cutlass::layout::RowMajor, cutlass::gemm::warp::MmaSimtPolicy<cutlass::MatrixShape<int=4, int=8>, cutlass::layout::RowMajorInterleaved<int=2>, cutlass::gemm::GemmShape<int=4, int=4, int=1>>, int=1, bool>, cutlass::MatrixShape<int=4, int=0>, cutlass::MatrixShape<int=0, int=0>, int=1>, cutlass::NumericArrayConverter<float, float, int=4, cutlass::FloatRoundStyle>, cutlass::NumericArrayConverter<float, float, int=4, cutlass::FloatRoundStyle>, bool>, cutlass::epilogue::threadblock::Epilogue<cutlass::gemm::GemmShape<int=128, int=128, int=8>, cutlass::gemm::warp::MmaSimt<cutlass::gemm::GemmShape<int=32, int=64, int=8>, float, cutlass::layout::ColumnMajor, float, cutlass::layout::RowMajor, float, cutlass::layout::RowMajor, cutlass::gemm::warp::MmaSimtPolicy<cutlass::MatrixShape<int=4, int=8>, cutlass::layout::RowMajorInterleaved<int=2>, cutlass::gemm::GemmShape<int=4, int=4, int=1>>, int=1, bool>, int=1, cutlass::epilogue::threadblock::PredicatedTileIterator<cutlass::epilogue::threadblock::OutputTileOptimalThreadMap<cutlass::epilogue::threadblock::OutputTileShape<int=128, int=1, int=4, int=4, int=1>, cutlass::epilogue::threadblock::OutputTileShape<int=1, int=4, int=2, int=1, int=8>, int=256, int=1, int=32>, float>, cutlass::epilogue::warp::FragmentIteratorSimt<cutlass::gemm::GemmShape<int=32, int=64, int=8>, cutlass::gemm::thread::Mma<cutlass::gemm::GemmShape<int=8, int=8, int=1>, float, cutlass::layout::ColumnMajor, float, cutlass::layout::RowMajor, float, cutlass::layout::RowMajor, cutlass::arch::OpMultiplyAdd, bool>, cutlass::layout::RowMajor, cutlass::gemm::warp::MmaSimtPolicy<cutlass::MatrixShape<int=4, int=8>, cutlass::layout::RowMajorInterleaved<int=2>, cutlass::gemm::GemmShape<int=4, int=4, int=1>>>, cutlass::epilogue::warp::TileIteratorSimt<cutlass::gemm::GemmShape<int=32, int=64, int=8>, cutlass::gemm::thread::Mma<cutlass::gemm::GemmShape<int=8, int=8, int=1>, float, cutlass::layout::ColumnMajor, float, cutlass::layout::RowMajor, float, cutlass::layout::RowMajor, cutlass::arch::OpMultiplyAdd, bool>, float, cutlass::layout::RowMajor, cutlass::gemm::warp::MmaSimtPolicy<cutlass::MatrixShape<int=4, int=8>, cutlass::layout::RowMajorInterleaved<int=2>, cutlass::gemm::GemmShape<int=4, int=4, int=1>>>, cutlass::epilogue::threadblock::SharedLoadIterator<cutlass::epilogue::threadblock::OutputTileOptimalThreadMap<cutlass::epilogue::threadblock::OutputTileShape<int=128, int=1, int=4, int=4, int=1>::CompactedThreadMap, cutlass::epilogue::threadblock::OutputTileShape<int=1, int=4, int=2, int=1, int=8>, int=256, int=1, int=32>, float, int=4>, cutlass::epilogue::thread::LinearCombination<float",22262
21.183374,0.001888,,,,,,,,,,112,56.573899,"Pageable","Device","Tesla V100-PCIE-32GB (0)","1","7","[CUDA memcpy HtoD]",22282
21.184009,0.019392,2048,1,1,384,1,1,16,0.000000,0.000000,,,,,"Tesla V100-PCIE-32GB (0)","1","7","void scal_kernel_val<double, double>(cublasScalParamsVal<double, double>)",22396
21.184441,91.721143,64,64,1,256,1,1,124,0.000000,16.250000,,,,,"Tesla V100-PCIE-32GB (0)","1","7","void cutlass::Kernel<cutlass::gemm::kernel::Gemm<cutlass::gemm::threadblock::MmaPipelined<cutlass::gemm::GemmShape<int=128, int=128, int=8>, cutlass::transform::threadblock::PredicatedTileIterator<cutlass::MatrixShape<int=128, int=8>, float, cutlass::layout::RowMajor, int=1, cutlass::transform::PitchLinearStripminedThreadMap<cutlass::layout::PitchLinearShape<int=8, int=128>, int=256, int=1>, int=1>, cutlass::transform::threadblock::RegularTileIterator<cutlass::MatrixShape<int=128, int=8>, float, cutlass::layout::ColumnMajor, int=1, cutlass::transform::TransposePitchLinearThreadMapSimt<cutlass::transform::PitchLinearStripminedThreadMap<cutlass::layout::PitchLinearShape<int=8, int=128>, int=256, int=1>>, int=4>, cutlass::transform::threadblock::PredicatedTileIterator<cutlass::MatrixShape<int=8, int=128>, float, cutlass::layout::RowMajor, int=0, cutlass::transform::PitchLinearStripminedThreadMap<cutlass::layout::PitchLinearShape<int=128, int=8>, int=256, int=1>, int=1>, cutlass::transform::threadblock::RegularTileIterator<cutlass::MatrixShape<int=8, int=128>, float, cutlass::layout::RowMajor, int=0, cutlass::transform::PitchLinearStripminedThreadMap<cutlass::layout::PitchLinearShape<int=128, int=8>, int=256, int=1>, int=4>, float, cutlass::layout::RowMajor, cutlass::gemm::threadblock::MmaPolicy<cutlass::gemm::warp::MmaSimt<cutlass::gemm::GemmShape<int=32, int=64, int=8>, float, cutlass::layout::ColumnMajor, float, cutlass::layout::RowMajor, float, cutlass::layout::RowMajor, cutlass::gemm::warp::MmaSimtPolicy<cutlass::MatrixShape<int=4, int=8>, cutlass::layout::RowMajorInterleaved<int=2>, cutlass::gemm::GemmShape<int=4, int=4, int=1>>, int=1, bool>, cutlass::MatrixShape<int=4, int=0>, cutlass::MatrixShape<int=0, int=0>, int=1>, cutlass::NumericArrayConverter<float, float, int=4, cutlass::FloatRoundStyle>, cutlass::NumericArrayConverter<float, float, int=4, cutlass::FloatRoundStyle>, bool>, cutlass::epilogue::threadblock::Epilogue<cutlass::gemm::GemmShape<int=128, int=128, int=8>, cutlass::gemm::warp::MmaSimt<cutlass::gemm::GemmShape<int=32, int=64, int=8>, float, cutlass::layout::ColumnMajor, float, cutlass::layout::RowMajor, float, cutlass::layout::RowMajor, cutlass::gemm::warp::MmaSimtPolicy<cutlass::MatrixShape<int=4, int=8>, cutlass::layout::RowMajorInterleaved<int=2>, cutlass::gemm::GemmShape<int=4, int=4, int=1>>, int=1, bool>, int=1, cutlass::epilogue::threadblock::PredicatedTileIterator<cutlass::epilogue::threadblock::OutputTileOptimalThreadMap<cutlass::epilogue::threadblock::OutputTileShape<int=128, int=1, int=4, int=4, int=1>, cutlass::epilogue::threadblock::OutputTileShape<int=1, int=4, int=2, int=1, int=8>, int=256, int=1, int=32>, float>, cutlass::epilogue::warp::FragmentIteratorSimt<cutlass::gemm::GemmShape<int=32, int=64, int=8>, cutlass::gemm::thread::Mma<cutlass::gemm::GemmShape<int=8, int=8, int=1>, float, cutlass::layout::ColumnMajor, float, cutlass::layout::RowMajor, float, cutlass::layout::RowMajor, cutlass::arch::OpMultiplyAdd, bool>, cutlass::layout::RowMajor, cutlass::gemm::warp::MmaSimtPolicy<cutlass::MatrixShape<int=4, int=8>, cutlass::layout::RowMajorInterleaved<int=2>, cutlass::gemm::GemmShape<int=4, int=4, int=1>>>, cutlass::epilogue::warp::TileIteratorSimt<cutlass::gemm::GemmShape<int=32, int=64, int=8>, cutlass::gemm::thread::Mma<cutlass::gemm::GemmShape<int=8, int=8, int=1>, float, cutlass::layout::ColumnMajor, float, cutlass::layout::RowMajor, float, cutlass::layout::RowMajor, cutlass::arch::OpMultiplyAdd, bool>, float, cutlass::layout::RowMajor, cutlass::gemm::warp::MmaSimtPolicy<cutlass::MatrixShape<int=4, int=8>, cutlass::layout::RowMajorInterleaved<int=2>, cutlass::gemm::GemmShape<int=4, int=4, int=1>>>, cutlass::epilogue::threadblock::SharedLoadIterator<cutlass::epilogue::threadblock::OutputTileOptimalThreadMap<cutlass::epilogue::threadblock::OutputTileShape<int=128, int=1, int=4, int=4, int=1>::CompactedThreadMap, cutlass::epilogue::threadblock::OutputTileShape<int=1, int=4, int=2, int=1, int=8>, int=256, int=1, int=32>, float, int=4>, cutlass::epilogue::thread::LinearCombination<float",22425
21.276171,0.001920,,,,,,,,,,112,55.631001,"Pageable","Device","Tesla V100-PCIE-32GB (0)","1","7","[CUDA memcpy HtoD]",22445
21.276803,0.019392,2048,1,1,384,1,1,16,0.000000,0.000000,,,,,"Tesla V100-PCIE-32GB (0)","1","7","void scal_kernel_val<double, double>(cublasScalParamsVal<double, double>)",22559
21.277242,91.699382,64,64,1,256,1,1,124,0.000000,16.250000,,,,,"Tesla V100-PCIE-32GB (0)","1","7","void cutlass::Kernel<cutlass::gemm::kernel::Gemm<cutlass::gemm::threadblock::MmaPipelined<cutlass::gemm::GemmShape<int=128, int=128, int=8>, cutlass::transform::threadblock::PredicatedTileIterator<cutlass::MatrixShape<int=128, int=8>, float, cutlass::layout::RowMajor, int=1, cutlass::transform::PitchLinearStripminedThreadMap<cutlass::layout::PitchLinearShape<int=8, int=128>, int=256, int=1>, int=1>, cutlass::transform::threadblock::RegularTileIterator<cutlass::MatrixShape<int=128, int=8>, float, cutlass::layout::ColumnMajor, int=1, cutlass::transform::TransposePitchLinearThreadMapSimt<cutlass::transform::PitchLinearStripminedThreadMap<cutlass::layout::PitchLinearShape<int=8, int=128>, int=256, int=1>>, int=4>, cutlass::transform::threadblock::PredicatedTileIterator<cutlass::MatrixShape<int=8, int=128>, float, cutlass::layout::RowMajor, int=0, cutlass::transform::PitchLinearStripminedThreadMap<cutlass::layout::PitchLinearShape<int=128, int=8>, int=256, int=1>, int=1>, cutlass::transform::threadblock::RegularTileIterator<cutlass::MatrixShape<int=8, int=128>, float, cutlass::layout::RowMajor, int=0, cutlass::transform::PitchLinearStripminedThreadMap<cutlass::layout::PitchLinearShape<int=128, int=8>, int=256, int=1>, int=4>, float, cutlass::layout::RowMajor, cutlass::gemm::threadblock::MmaPolicy<cutlass::gemm::warp::MmaSimt<cutlass::gemm::GemmShape<int=32, int=64, int=8>, float, cutlass::layout::ColumnMajor, float, cutlass::layout::RowMajor, float, cutlass::layout::RowMajor, cutlass::gemm::warp::MmaSimtPolicy<cutlass::MatrixShape<int=4, int=8>, cutlass::layout::RowMajorInterleaved<int=2>, cutlass::gemm::GemmShape<int=4, int=4, int=1>>, int=1, bool>, cutlass::MatrixShape<int=4, int=0>, cutlass::MatrixShape<int=0, int=0>, int=1>, cutlass::NumericArrayConverter<float, float, int=4, cutlass::FloatRoundStyle>, cutlass::NumericArrayConverter<float, float, int=4, cutlass::FloatRoundStyle>, bool>, cutlass::epilogue::threadblock::Epilogue<cutlass::gemm::GemmShape<int=128, int=128, int=8>, cutlass::gemm::warp::MmaSimt<cutlass::gemm::GemmShape<int=32, int=64, int=8>, float, cutlass::layout::ColumnMajor, float, cutlass::layout::RowMajor, float, cutlass::layout::RowMajor, cutlass::gemm::warp::MmaSimtPolicy<cutlass::MatrixShape<int=4, int=8>, cutlass::layout::RowMajorInterleaved<int=2>, cutlass::gemm::GemmShape<int=4, int=4, int=1>>, int=1, bool>, int=1, cutlass::epilogue::threadblock::PredicatedTileIterator<cutlass::epilogue::threadblock::OutputTileOptimalThreadMap<cutlass::epilogue::threadblock::OutputTileShape<int=128, int=1, int=4, int=4, int=1>, cutlass::epilogue::threadblock::OutputTileShape<int=1, int=4, int=2, int=1, int=8>, int=256, int=1, int=32>, float>, cutlass::epilogue::warp::FragmentIteratorSimt<cutlass::gemm::GemmShape<int=32, int=64, int=8>, cutlass::gemm::thread::Mma<cutlass::gemm::GemmShape<int=8, int=8, int=1>, float, cutlass::layout::ColumnMajor, float, cutlass::layout::RowMajor, float, cutlass::layout::RowMajor, cutlass::arch::OpMultiplyAdd, bool>, cutlass::layout::RowMajor, cutlass::gemm::warp::MmaSimtPolicy<cutlass::MatrixShape<int=4, int=8>, cutlass::layout::RowMajorInterleaved<int=2>, cutlass::gemm::GemmShape<int=4, int=4, int=1>>>, cutlass::epilogue::warp::TileIteratorSimt<cutlass::gemm::GemmShape<int=32, int=64, int=8>, cutlass::gemm::thread::Mma<cutlass::gemm::GemmShape<int=8, int=8, int=1>, float, cutlass::layout::ColumnMajor, float, cutlass::layout::RowMajor, float, cutlass::layout::RowMajor, cutlass::arch::OpMultiplyAdd, bool>, float, cutlass::layout::RowMajor, cutlass::gemm::warp::MmaSimtPolicy<cutlass::MatrixShape<int=4, int=8>, cutlass::layout::RowMajorInterleaved<int=2>, cutlass::gemm::GemmShape<int=4, int=4, int=1>>>, cutlass::epilogue::threadblock::SharedLoadIterator<cutlass::epilogue::threadblock::OutputTileOptimalThreadMap<cutlass::epilogue::threadblock::OutputTileShape<int=128, int=1, int=4, int=4, int=1>::CompactedThreadMap, cutlass::epilogue::threadblock::OutputTileShape<int=1, int=4, int=2, int=1, int=8>, int=256, int=1, int=32>, float, int=4>, cutlass::epilogue::thread::LinearCombination<float",22588
21.368951,0.001888,,,,,,,,,,112,56.573899,"Pageable","Device","Tesla V100-PCIE-32GB (0)","1","7","[CUDA memcpy HtoD]",22608
21.369616,0.019872,2048,1,1,384,1,1,16,0.000000,0.000000,,,,,"Tesla V100-PCIE-32GB (0)","1","7","void scal_kernel_val<double, double>(cublasScalParamsVal<double, double>)",22722
21.370074,91.755159,64,64,1,256,1,1,124,0.000000,16.250000,,,,,"Tesla V100-PCIE-32GB (0)","1","7","void cutlass::Kernel<cutlass::gemm::kernel::Gemm<cutlass::gemm::threadblock::MmaPipelined<cutlass::gemm::GemmShape<int=128, int=128, int=8>, cutlass::transform::threadblock::PredicatedTileIterator<cutlass::MatrixShape<int=128, int=8>, float, cutlass::layout::RowMajor, int=1, cutlass::transform::PitchLinearStripminedThreadMap<cutlass::layout::PitchLinearShape<int=8, int=128>, int=256, int=1>, int=1>, cutlass::transform::threadblock::RegularTileIterator<cutlass::MatrixShape<int=128, int=8>, float, cutlass::layout::ColumnMajor, int=1, cutlass::transform::TransposePitchLinearThreadMapSimt<cutlass::transform::PitchLinearStripminedThreadMap<cutlass::layout::PitchLinearShape<int=8, int=128>, int=256, int=1>>, int=4>, cutlass::transform::threadblock::PredicatedTileIterator<cutlass::MatrixShape<int=8, int=128>, float, cutlass::layout::RowMajor, int=0, cutlass::transform::PitchLinearStripminedThreadMap<cutlass::layout::PitchLinearShape<int=128, int=8>, int=256, int=1>, int=1>, cutlass::transform::threadblock::RegularTileIterator<cutlass::MatrixShape<int=8, int=128>, float, cutlass::layout::RowMajor, int=0, cutlass::transform::PitchLinearStripminedThreadMap<cutlass::layout::PitchLinearShape<int=128, int=8>, int=256, int=1>, int=4>, float, cutlass::layout::RowMajor, cutlass::gemm::threadblock::MmaPolicy<cutlass::gemm::warp::MmaSimt<cutlass::gemm::GemmShape<int=32, int=64, int=8>, float, cutlass::layout::ColumnMajor, float, cutlass::layout::RowMajor, float, cutlass::layout::RowMajor, cutlass::gemm::warp::MmaSimtPolicy<cutlass::MatrixShape<int=4, int=8>, cutlass::layout::RowMajorInterleaved<int=2>, cutlass::gemm::GemmShape<int=4, int=4, int=1>>, int=1, bool>, cutlass::MatrixShape<int=4, int=0>, cutlass::MatrixShape<int=0, int=0>, int=1>, cutlass::NumericArrayConverter<float, float, int=4, cutlass::FloatRoundStyle>, cutlass::NumericArrayConverter<float, float, int=4, cutlass::FloatRoundStyle>, bool>, cutlass::epilogue::threadblock::Epilogue<cutlass::gemm::GemmShape<int=128, int=128, int=8>, cutlass::gemm::warp::MmaSimt<cutlass::gemm::GemmShape<int=32, int=64, int=8>, float, cutlass::layout::ColumnMajor, float, cutlass::layout::RowMajor, float, cutlass::layout::RowMajor, cutlass::gemm::warp::MmaSimtPolicy<cutlass::MatrixShape<int=4, int=8>, cutlass::layout::RowMajorInterleaved<int=2>, cutlass::gemm::GemmShape<int=4, int=4, int=1>>, int=1, bool>, int=1, cutlass::epilogue::threadblock::PredicatedTileIterator<cutlass::epilogue::threadblock::OutputTileOptimalThreadMap<cutlass::epilogue::threadblock::OutputTileShape<int=128, int=1, int=4, int=4, int=1>, cutlass::epilogue::threadblock::OutputTileShape<int=1, int=4, int=2, int=1, int=8>, int=256, int=1, int=32>, float>, cutlass::epilogue::warp::FragmentIteratorSimt<cutlass::gemm::GemmShape<int=32, int=64, int=8>, cutlass::gemm::thread::Mma<cutlass::gemm::GemmShape<int=8, int=8, int=1>, float, cutlass::layout::ColumnMajor, float, cutlass::layout::RowMajor, float, cutlass::layout::RowMajor, cutlass::arch::OpMultiplyAdd, bool>, cutlass::layout::RowMajor, cutlass::gemm::warp::MmaSimtPolicy<cutlass::MatrixShape<int=4, int=8>, cutlass::layout::RowMajorInterleaved<int=2>, cutlass::gemm::GemmShape<int=4, int=4, int=1>>>, cutlass::epilogue::warp::TileIteratorSimt<cutlass::gemm::GemmShape<int=32, int=64, int=8>, cutlass::gemm::thread::Mma<cutlass::gemm::GemmShape<int=8, int=8, int=1>, float, cutlass::layout::ColumnMajor, float, cutlass::layout::RowMajor, float, cutlass::layout::RowMajor, cutlass::arch::OpMultiplyAdd, bool>, float, cutlass::layout::RowMajor, cutlass::gemm::warp::MmaSimtPolicy<cutlass::MatrixShape<int=4, int=8>, cutlass::layout::RowMajorInterleaved<int=2>, cutlass::gemm::GemmShape<int=4, int=4, int=1>>>, cutlass::epilogue::threadblock::SharedLoadIterator<cutlass::epilogue::threadblock::OutputTileOptimalThreadMap<cutlass::epilogue::threadblock::OutputTileShape<int=128, int=1, int=4, int=4, int=1>::CompactedThreadMap, cutlass::epilogue::threadblock::OutputTileShape<int=1, int=4, int=2, int=1, int=8>, int=256, int=1, int=32>, float, int=4>, cutlass::epilogue::thread::LinearCombination<float",22751
21.461839,0.001856,,,,,,,,,,112,57.549312,"Pageable","Device","Tesla V100-PCIE-32GB (0)","1","7","[CUDA memcpy HtoD]",22771
21.462465,0.019584,2048,1,1,384,1,1,16,0.000000,0.000000,,,,,"Tesla V100-PCIE-32GB (0)","1","7","void scal_kernel_val<double, double>(cublasScalParamsVal<double, double>)",22885
21.462902,91.735702,64,64,1,256,1,1,124,0.000000,16.250000,,,,,"Tesla V100-PCIE-32GB (0)","1","7","void cutlass::Kernel<cutlass::gemm::kernel::Gemm<cutlass::gemm::threadblock::MmaPipelined<cutlass::gemm::GemmShape<int=128, int=128, int=8>, cutlass::transform::threadblock::PredicatedTileIterator<cutlass::MatrixShape<int=128, int=8>, float, cutlass::layout::RowMajor, int=1, cutlass::transform::PitchLinearStripminedThreadMap<cutlass::layout::PitchLinearShape<int=8, int=128>, int=256, int=1>, int=1>, cutlass::transform::threadblock::RegularTileIterator<cutlass::MatrixShape<int=128, int=8>, float, cutlass::layout::ColumnMajor, int=1, cutlass::transform::TransposePitchLinearThreadMapSimt<cutlass::transform::PitchLinearStripminedThreadMap<cutlass::layout::PitchLinearShape<int=8, int=128>, int=256, int=1>>, int=4>, cutlass::transform::threadblock::PredicatedTileIterator<cutlass::MatrixShape<int=8, int=128>, float, cutlass::layout::RowMajor, int=0, cutlass::transform::PitchLinearStripminedThreadMap<cutlass::layout::PitchLinearShape<int=128, int=8>, int=256, int=1>, int=1>, cutlass::transform::threadblock::RegularTileIterator<cutlass::MatrixShape<int=8, int=128>, float, cutlass::layout::RowMajor, int=0, cutlass::transform::PitchLinearStripminedThreadMap<cutlass::layout::PitchLinearShape<int=128, int=8>, int=256, int=1>, int=4>, float, cutlass::layout::RowMajor, cutlass::gemm::threadblock::MmaPolicy<cutlass::gemm::warp::MmaSimt<cutlass::gemm::GemmShape<int=32, int=64, int=8>, float, cutlass::layout::ColumnMajor, float, cutlass::layout::RowMajor, float, cutlass::layout::RowMajor, cutlass::gemm::warp::MmaSimtPolicy<cutlass::MatrixShape<int=4, int=8>, cutlass::layout::RowMajorInterleaved<int=2>, cutlass::gemm::GemmShape<int=4, int=4, int=1>>, int=1, bool>, cutlass::MatrixShape<int=4, int=0>, cutlass::MatrixShape<int=0, int=0>, int=1>, cutlass::NumericArrayConverter<float, float, int=4, cutlass::FloatRoundStyle>, cutlass::NumericArrayConverter<float, float, int=4, cutlass::FloatRoundStyle>, bool>, cutlass::epilogue::threadblock::Epilogue<cutlass::gemm::GemmShape<int=128, int=128, int=8>, cutlass::gemm::warp::MmaSimt<cutlass::gemm::GemmShape<int=32, int=64, int=8>, float, cutlass::layout::ColumnMajor, float, cutlass::layout::RowMajor, float, cutlass::layout::RowMajor, cutlass::gemm::warp::MmaSimtPolicy<cutlass::MatrixShape<int=4, int=8>, cutlass::layout::RowMajorInterleaved<int=2>, cutlass::gemm::GemmShape<int=4, int=4, int=1>>, int=1, bool>, int=1, cutlass::epilogue::threadblock::PredicatedTileIterator<cutlass::epilogue::threadblock::OutputTileOptimalThreadMap<cutlass::epilogue::threadblock::OutputTileShape<int=128, int=1, int=4, int=4, int=1>, cutlass::epilogue::threadblock::OutputTileShape<int=1, int=4, int=2, int=1, int=8>, int=256, int=1, int=32>, float>, cutlass::epilogue::warp::FragmentIteratorSimt<cutlass::gemm::GemmShape<int=32, int=64, int=8>, cutlass::gemm::thread::Mma<cutlass::gemm::GemmShape<int=8, int=8, int=1>, float, cutlass::layout::ColumnMajor, float, cutlass::layout::RowMajor, float, cutlass::layout::RowMajor, cutlass::arch::OpMultiplyAdd, bool>, cutlass::layout::RowMajor, cutlass::gemm::warp::MmaSimtPolicy<cutlass::MatrixShape<int=4, int=8>, cutlass::layout::RowMajorInterleaved<int=2>, cutlass::gemm::GemmShape<int=4, int=4, int=1>>>, cutlass::epilogue::warp::TileIteratorSimt<cutlass::gemm::GemmShape<int=32, int=64, int=8>, cutlass::gemm::thread::Mma<cutlass::gemm::GemmShape<int=8, int=8, int=1>, float, cutlass::layout::ColumnMajor, float, cutlass::layout::RowMajor, float, cutlass::layout::RowMajor, cutlass::arch::OpMultiplyAdd, bool>, float, cutlass::layout::RowMajor, cutlass::gemm::warp::MmaSimtPolicy<cutlass::MatrixShape<int=4, int=8>, cutlass::layout::RowMajorInterleaved<int=2>, cutlass::gemm::GemmShape<int=4, int=4, int=1>>>, cutlass::epilogue::threadblock::SharedLoadIterator<cutlass::epilogue::threadblock::OutputTileOptimalThreadMap<cutlass::epilogue::threadblock::OutputTileShape<int=128, int=1, int=4, int=4, int=1>::CompactedThreadMap, cutlass::epilogue::threadblock::OutputTileShape<int=1, int=4, int=2, int=1, int=8>, int=256, int=1, int=32>, float, int=4>, cutlass::epilogue::thread::LinearCombination<float",22914
21.554647,0.001888,,,,,,,,,,112,56.573899,"Pageable","Device","Tesla V100-PCIE-32GB (0)","1","7","[CUDA memcpy HtoD]",22934
21.555302,0.019552,2048,1,1,384,1,1,16,0.000000,0.000000,,,,,"Tesla V100-PCIE-32GB (0)","1","7","void scal_kernel_val<double, double>(cublasScalParamsVal<double, double>)",23048
21.555758,91.718678,64,64,1,256,1,1,124,0.000000,16.250000,,,,,"Tesla V100-PCIE-32GB (0)","1","7","void cutlass::Kernel<cutlass::gemm::kernel::Gemm<cutlass::gemm::threadblock::MmaPipelined<cutlass::gemm::GemmShape<int=128, int=128, int=8>, cutlass::transform::threadblock::PredicatedTileIterator<cutlass::MatrixShape<int=128, int=8>, float, cutlass::layout::RowMajor, int=1, cutlass::transform::PitchLinearStripminedThreadMap<cutlass::layout::PitchLinearShape<int=8, int=128>, int=256, int=1>, int=1>, cutlass::transform::threadblock::RegularTileIterator<cutlass::MatrixShape<int=128, int=8>, float, cutlass::layout::ColumnMajor, int=1, cutlass::transform::TransposePitchLinearThreadMapSimt<cutlass::transform::PitchLinearStripminedThreadMap<cutlass::layout::PitchLinearShape<int=8, int=128>, int=256, int=1>>, int=4>, cutlass::transform::threadblock::PredicatedTileIterator<cutlass::MatrixShape<int=8, int=128>, float, cutlass::layout::RowMajor, int=0, cutlass::transform::PitchLinearStripminedThreadMap<cutlass::layout::PitchLinearShape<int=128, int=8>, int=256, int=1>, int=1>, cutlass::transform::threadblock::RegularTileIterator<cutlass::MatrixShape<int=8, int=128>, float, cutlass::layout::RowMajor, int=0, cutlass::transform::PitchLinearStripminedThreadMap<cutlass::layout::PitchLinearShape<int=128, int=8>, int=256, int=1>, int=4>, float, cutlass::layout::RowMajor, cutlass::gemm::threadblock::MmaPolicy<cutlass::gemm::warp::MmaSimt<cutlass::gemm::GemmShape<int=32, int=64, int=8>, float, cutlass::layout::ColumnMajor, float, cutlass::layout::RowMajor, float, cutlass::layout::RowMajor, cutlass::gemm::warp::MmaSimtPolicy<cutlass::MatrixShape<int=4, int=8>, cutlass::layout::RowMajorInterleaved<int=2>, cutlass::gemm::GemmShape<int=4, int=4, int=1>>, int=1, bool>, cutlass::MatrixShape<int=4, int=0>, cutlass::MatrixShape<int=0, int=0>, int=1>, cutlass::NumericArrayConverter<float, float, int=4, cutlass::FloatRoundStyle>, cutlass::NumericArrayConverter<float, float, int=4, cutlass::FloatRoundStyle>, bool>, cutlass::epilogue::threadblock::Epilogue<cutlass::gemm::GemmShape<int=128, int=128, int=8>, cutlass::gemm::warp::MmaSimt<cutlass::gemm::GemmShape<int=32, int=64, int=8>, float, cutlass::layout::ColumnMajor, float, cutlass::layout::RowMajor, float, cutlass::layout::RowMajor, cutlass::gemm::warp::MmaSimtPolicy<cutlass::MatrixShape<int=4, int=8>, cutlass::layout::RowMajorInterleaved<int=2>, cutlass::gemm::GemmShape<int=4, int=4, int=1>>, int=1, bool>, int=1, cutlass::epilogue::threadblock::PredicatedTileIterator<cutlass::epilogue::threadblock::OutputTileOptimalThreadMap<cutlass::epilogue::threadblock::OutputTileShape<int=128, int=1, int=4, int=4, int=1>, cutlass::epilogue::threadblock::OutputTileShape<int=1, int=4, int=2, int=1, int=8>, int=256, int=1, int=32>, float>, cutlass::epilogue::warp::FragmentIteratorSimt<cutlass::gemm::GemmShape<int=32, int=64, int=8>, cutlass::gemm::thread::Mma<cutlass::gemm::GemmShape<int=8, int=8, int=1>, float, cutlass::layout::ColumnMajor, float, cutlass::layout::RowMajor, float, cutlass::layout::RowMajor, cutlass::arch::OpMultiplyAdd, bool>, cutlass::layout::RowMajor, cutlass::gemm::warp::MmaSimtPolicy<cutlass::MatrixShape<int=4, int=8>, cutlass::layout::RowMajorInterleaved<int=2>, cutlass::gemm::GemmShape<int=4, int=4, int=1>>>, cutlass::epilogue::warp::TileIteratorSimt<cutlass::gemm::GemmShape<int=32, int=64, int=8>, cutlass::gemm::thread::Mma<cutlass::gemm::GemmShape<int=8, int=8, int=1>, float, cutlass::layout::ColumnMajor, float, cutlass::layout::RowMajor, float, cutlass::layout::RowMajor, cutlass::arch::OpMultiplyAdd, bool>, float, cutlass::layout::RowMajor, cutlass::gemm::warp::MmaSimtPolicy<cutlass::MatrixShape<int=4, int=8>, cutlass::layout::RowMajorInterleaved<int=2>, cutlass::gemm::GemmShape<int=4, int=4, int=1>>>, cutlass::epilogue::threadblock::SharedLoadIterator<cutlass::epilogue::threadblock::OutputTileOptimalThreadMap<cutlass::epilogue::threadblock::OutputTileShape<int=128, int=1, int=4, int=4, int=1>::CompactedThreadMap, cutlass::epilogue::threadblock::OutputTileShape<int=1, int=4, int=2, int=1, int=8>, int=256, int=1, int=32>, float, int=4>, cutlass::epilogue::thread::LinearCombination<float",23077
21.647486,0.001888,,,,,,,,,,112,56.573899,"Pageable","Device","Tesla V100-PCIE-32GB (0)","1","7","[CUDA memcpy HtoD]",23097
21.648117,0.020287,2048,1,1,384,1,1,16,0.000000,0.000000,,,,,"Tesla V100-PCIE-32GB (0)","1","7","void scal_kernel_val<double, double>(cublasScalParamsVal<double, double>)",23211
21.648561,91.704727,64,64,1,256,1,1,124,0.000000,16.250000,,,,,"Tesla V100-PCIE-32GB (0)","1","7","void cutlass::Kernel<cutlass::gemm::kernel::Gemm<cutlass::gemm::threadblock::MmaPipelined<cutlass::gemm::GemmShape<int=128, int=128, int=8>, cutlass::transform::threadblock::PredicatedTileIterator<cutlass::MatrixShape<int=128, int=8>, float, cutlass::layout::RowMajor, int=1, cutlass::transform::PitchLinearStripminedThreadMap<cutlass::layout::PitchLinearShape<int=8, int=128>, int=256, int=1>, int=1>, cutlass::transform::threadblock::RegularTileIterator<cutlass::MatrixShape<int=128, int=8>, float, cutlass::layout::ColumnMajor, int=1, cutlass::transform::TransposePitchLinearThreadMapSimt<cutlass::transform::PitchLinearStripminedThreadMap<cutlass::layout::PitchLinearShape<int=8, int=128>, int=256, int=1>>, int=4>, cutlass::transform::threadblock::PredicatedTileIterator<cutlass::MatrixShape<int=8, int=128>, float, cutlass::layout::RowMajor, int=0, cutlass::transform::PitchLinearStripminedThreadMap<cutlass::layout::PitchLinearShape<int=128, int=8>, int=256, int=1>, int=1>, cutlass::transform::threadblock::RegularTileIterator<cutlass::MatrixShape<int=8, int=128>, float, cutlass::layout::RowMajor, int=0, cutlass::transform::PitchLinearStripminedThreadMap<cutlass::layout::PitchLinearShape<int=128, int=8>, int=256, int=1>, int=4>, float, cutlass::layout::RowMajor, cutlass::gemm::threadblock::MmaPolicy<cutlass::gemm::warp::MmaSimt<cutlass::gemm::GemmShape<int=32, int=64, int=8>, float, cutlass::layout::ColumnMajor, float, cutlass::layout::RowMajor, float, cutlass::layout::RowMajor, cutlass::gemm::warp::MmaSimtPolicy<cutlass::MatrixShape<int=4, int=8>, cutlass::layout::RowMajorInterleaved<int=2>, cutlass::gemm::GemmShape<int=4, int=4, int=1>>, int=1, bool>, cutlass::MatrixShape<int=4, int=0>, cutlass::MatrixShape<int=0, int=0>, int=1>, cutlass::NumericArrayConverter<float, float, int=4, cutlass::FloatRoundStyle>, cutlass::NumericArrayConverter<float, float, int=4, cutlass::FloatRoundStyle>, bool>, cutlass::epilogue::threadblock::Epilogue<cutlass::gemm::GemmShape<int=128, int=128, int=8>, cutlass::gemm::warp::MmaSimt<cutlass::gemm::GemmShape<int=32, int=64, int=8>, float, cutlass::layout::ColumnMajor, float, cutlass::layout::RowMajor, float, cutlass::layout::RowMajor, cutlass::gemm::warp::MmaSimtPolicy<cutlass::MatrixShape<int=4, int=8>, cutlass::layout::RowMajorInterleaved<int=2>, cutlass::gemm::GemmShape<int=4, int=4, int=1>>, int=1, bool>, int=1, cutlass::epilogue::threadblock::PredicatedTileIterator<cutlass::epilogue::threadblock::OutputTileOptimalThreadMap<cutlass::epilogue::threadblock::OutputTileShape<int=128, int=1, int=4, int=4, int=1>, cutlass::epilogue::threadblock::OutputTileShape<int=1, int=4, int=2, int=1, int=8>, int=256, int=1, int=32>, float>, cutlass::epilogue::warp::FragmentIteratorSimt<cutlass::gemm::GemmShape<int=32, int=64, int=8>, cutlass::gemm::thread::Mma<cutlass::gemm::GemmShape<int=8, int=8, int=1>, float, cutlass::layout::ColumnMajor, float, cutlass::layout::RowMajor, float, cutlass::layout::RowMajor, cutlass::arch::OpMultiplyAdd, bool>, cutlass::layout::RowMajor, cutlass::gemm::warp::MmaSimtPolicy<cutlass::MatrixShape<int=4, int=8>, cutlass::layout::RowMajorInterleaved<int=2>, cutlass::gemm::GemmShape<int=4, int=4, int=1>>>, cutlass::epilogue::warp::TileIteratorSimt<cutlass::gemm::GemmShape<int=32, int=64, int=8>, cutlass::gemm::thread::Mma<cutlass::gemm::GemmShape<int=8, int=8, int=1>, float, cutlass::layout::ColumnMajor, float, cutlass::layout::RowMajor, float, cutlass::layout::RowMajor, cutlass::arch::OpMultiplyAdd, bool>, float, cutlass::layout::RowMajor, cutlass::gemm::warp::MmaSimtPolicy<cutlass::MatrixShape<int=4, int=8>, cutlass::layout::RowMajorInterleaved<int=2>, cutlass::gemm::GemmShape<int=4, int=4, int=1>>>, cutlass::epilogue::threadblock::SharedLoadIterator<cutlass::epilogue::threadblock::OutputTileOptimalThreadMap<cutlass::epilogue::threadblock::OutputTileShape<int=128, int=1, int=4, int=4, int=1>::CompactedThreadMap, cutlass::epilogue::threadblock::OutputTileShape<int=1, int=4, int=2, int=1, int=8>, int=256, int=1, int=32>, float, int=4>, cutlass::epilogue::thread::LinearCombination<float",23240
21.740276,0.001888,,,,,,,,,,112,56.573899,"Pageable","Device","Tesla V100-PCIE-32GB (0)","1","7","[CUDA memcpy HtoD]",23260
21.742027,0.019519,2048,1,1,384,1,1,16,0.000000,0.000000,,,,,"Tesla V100-PCIE-32GB (0)","1","7","void scal_kernel_val<double, double>(cublasScalParamsVal<double, double>)",23374
21.742457,91.710551,64,64,1,256,1,1,124,0.000000,16.250000,,,,,"Tesla V100-PCIE-32GB (0)","1","7","void cutlass::Kernel<cutlass::gemm::kernel::Gemm<cutlass::gemm::threadblock::MmaPipelined<cutlass::gemm::GemmShape<int=128, int=128, int=8>, cutlass::transform::threadblock::PredicatedTileIterator<cutlass::MatrixShape<int=128, int=8>, float, cutlass::layout::RowMajor, int=1, cutlass::transform::PitchLinearStripminedThreadMap<cutlass::layout::PitchLinearShape<int=8, int=128>, int=256, int=1>, int=1>, cutlass::transform::threadblock::RegularTileIterator<cutlass::MatrixShape<int=128, int=8>, float, cutlass::layout::ColumnMajor, int=1, cutlass::transform::TransposePitchLinearThreadMapSimt<cutlass::transform::PitchLinearStripminedThreadMap<cutlass::layout::PitchLinearShape<int=8, int=128>, int=256, int=1>>, int=4>, cutlass::transform::threadblock::PredicatedTileIterator<cutlass::MatrixShape<int=8, int=128>, float, cutlass::layout::RowMajor, int=0, cutlass::transform::PitchLinearStripminedThreadMap<cutlass::layout::PitchLinearShape<int=128, int=8>, int=256, int=1>, int=1>, cutlass::transform::threadblock::RegularTileIterator<cutlass::MatrixShape<int=8, int=128>, float, cutlass::layout::RowMajor, int=0, cutlass::transform::PitchLinearStripminedThreadMap<cutlass::layout::PitchLinearShape<int=128, int=8>, int=256, int=1>, int=4>, float, cutlass::layout::RowMajor, cutlass::gemm::threadblock::MmaPolicy<cutlass::gemm::warp::MmaSimt<cutlass::gemm::GemmShape<int=32, int=64, int=8>, float, cutlass::layout::ColumnMajor, float, cutlass::layout::RowMajor, float, cutlass::layout::RowMajor, cutlass::gemm::warp::MmaSimtPolicy<cutlass::MatrixShape<int=4, int=8>, cutlass::layout::RowMajorInterleaved<int=2>, cutlass::gemm::GemmShape<int=4, int=4, int=1>>, int=1, bool>, cutlass::MatrixShape<int=4, int=0>, cutlass::MatrixShape<int=0, int=0>, int=1>, cutlass::NumericArrayConverter<float, float, int=4, cutlass::FloatRoundStyle>, cutlass::NumericArrayConverter<float, float, int=4, cutlass::FloatRoundStyle>, bool>, cutlass::epilogue::threadblock::Epilogue<cutlass::gemm::GemmShape<int=128, int=128, int=8>, cutlass::gemm::warp::MmaSimt<cutlass::gemm::GemmShape<int=32, int=64, int=8>, float, cutlass::layout::ColumnMajor, float, cutlass::layout::RowMajor, float, cutlass::layout::RowMajor, cutlass::gemm::warp::MmaSimtPolicy<cutlass::MatrixShape<int=4, int=8>, cutlass::layout::RowMajorInterleaved<int=2>, cutlass::gemm::GemmShape<int=4, int=4, int=1>>, int=1, bool>, int=1, cutlass::epilogue::threadblock::PredicatedTileIterator<cutlass::epilogue::threadblock::OutputTileOptimalThreadMap<cutlass::epilogue::threadblock::OutputTileShape<int=128, int=1, int=4, int=4, int=1>, cutlass::epilogue::threadblock::OutputTileShape<int=1, int=4, int=2, int=1, int=8>, int=256, int=1, int=32>, float>, cutlass::epilogue::warp::FragmentIteratorSimt<cutlass::gemm::GemmShape<int=32, int=64, int=8>, cutlass::gemm::thread::Mma<cutlass::gemm::GemmShape<int=8, int=8, int=1>, float, cutlass::layout::ColumnMajor, float, cutlass::layout::RowMajor, float, cutlass::layout::RowMajor, cutlass::arch::OpMultiplyAdd, bool>, cutlass::layout::RowMajor, cutlass::gemm::warp::MmaSimtPolicy<cutlass::MatrixShape<int=4, int=8>, cutlass::layout::RowMajorInterleaved<int=2>, cutlass::gemm::GemmShape<int=4, int=4, int=1>>>, cutlass::epilogue::warp::TileIteratorSimt<cutlass::gemm::GemmShape<int=32, int=64, int=8>, cutlass::gemm::thread::Mma<cutlass::gemm::GemmShape<int=8, int=8, int=1>, float, cutlass::layout::ColumnMajor, float, cutlass::layout::RowMajor, float, cutlass::layout::RowMajor, cutlass::arch::OpMultiplyAdd, bool>, float, cutlass::layout::RowMajor, cutlass::gemm::warp::MmaSimtPolicy<cutlass::MatrixShape<int=4, int=8>, cutlass::layout::RowMajorInterleaved<int=2>, cutlass::gemm::GemmShape<int=4, int=4, int=1>>>, cutlass::epilogue::threadblock::SharedLoadIterator<cutlass::epilogue::threadblock::OutputTileOptimalThreadMap<cutlass::epilogue::threadblock::OutputTileShape<int=128, int=1, int=4, int=4, int=1>::CompactedThreadMap, cutlass::epilogue::threadblock::OutputTileShape<int=1, int=4, int=2, int=1, int=8>, int=256, int=1, int=32>, float, int=4>, cutlass::epilogue::thread::LinearCombination<float",23403
21.834177,0.001888,,,,,,,,,,112,56.573899,"Pageable","Device","Tesla V100-PCIE-32GB (0)","1","7","[CUDA memcpy HtoD]",23423
21.834816,0.019360,2048,1,1,384,1,1,16,0.000000,0.000000,,,,,"Tesla V100-PCIE-32GB (0)","1","7","void scal_kernel_val<double, double>(cublasScalParamsVal<double, double>)",23537
21.835247,91.743191,64,64,1,256,1,1,124,0.000000,16.250000,,,,,"Tesla V100-PCIE-32GB (0)","1","7","void cutlass::Kernel<cutlass::gemm::kernel::Gemm<cutlass::gemm::threadblock::MmaPipelined<cutlass::gemm::GemmShape<int=128, int=128, int=8>, cutlass::transform::threadblock::PredicatedTileIterator<cutlass::MatrixShape<int=128, int=8>, float, cutlass::layout::RowMajor, int=1, cutlass::transform::PitchLinearStripminedThreadMap<cutlass::layout::PitchLinearShape<int=8, int=128>, int=256, int=1>, int=1>, cutlass::transform::threadblock::RegularTileIterator<cutlass::MatrixShape<int=128, int=8>, float, cutlass::layout::ColumnMajor, int=1, cutlass::transform::TransposePitchLinearThreadMapSimt<cutlass::transform::PitchLinearStripminedThreadMap<cutlass::layout::PitchLinearShape<int=8, int=128>, int=256, int=1>>, int=4>, cutlass::transform::threadblock::PredicatedTileIterator<cutlass::MatrixShape<int=8, int=128>, float, cutlass::layout::RowMajor, int=0, cutlass::transform::PitchLinearStripminedThreadMap<cutlass::layout::PitchLinearShape<int=128, int=8>, int=256, int=1>, int=1>, cutlass::transform::threadblock::RegularTileIterator<cutlass::MatrixShape<int=8, int=128>, float, cutlass::layout::RowMajor, int=0, cutlass::transform::PitchLinearStripminedThreadMap<cutlass::layout::PitchLinearShape<int=128, int=8>, int=256, int=1>, int=4>, float, cutlass::layout::RowMajor, cutlass::gemm::threadblock::MmaPolicy<cutlass::gemm::warp::MmaSimt<cutlass::gemm::GemmShape<int=32, int=64, int=8>, float, cutlass::layout::ColumnMajor, float, cutlass::layout::RowMajor, float, cutlass::layout::RowMajor, cutlass::gemm::warp::MmaSimtPolicy<cutlass::MatrixShape<int=4, int=8>, cutlass::layout::RowMajorInterleaved<int=2>, cutlass::gemm::GemmShape<int=4, int=4, int=1>>, int=1, bool>, cutlass::MatrixShape<int=4, int=0>, cutlass::MatrixShape<int=0, int=0>, int=1>, cutlass::NumericArrayConverter<float, float, int=4, cutlass::FloatRoundStyle>, cutlass::NumericArrayConverter<float, float, int=4, cutlass::FloatRoundStyle>, bool>, cutlass::epilogue::threadblock::Epilogue<cutlass::gemm::GemmShape<int=128, int=128, int=8>, cutlass::gemm::warp::MmaSimt<cutlass::gemm::GemmShape<int=32, int=64, int=8>, float, cutlass::layout::ColumnMajor, float, cutlass::layout::RowMajor, float, cutlass::layout::RowMajor, cutlass::gemm::warp::MmaSimtPolicy<cutlass::MatrixShape<int=4, int=8>, cutlass::layout::RowMajorInterleaved<int=2>, cutlass::gemm::GemmShape<int=4, int=4, int=1>>, int=1, bool>, int=1, cutlass::epilogue::threadblock::PredicatedTileIterator<cutlass::epilogue::threadblock::OutputTileOptimalThreadMap<cutlass::epilogue::threadblock::OutputTileShape<int=128, int=1, int=4, int=4, int=1>, cutlass::epilogue::threadblock::OutputTileShape<int=1, int=4, int=2, int=1, int=8>, int=256, int=1, int=32>, float>, cutlass::epilogue::warp::FragmentIteratorSimt<cutlass::gemm::GemmShape<int=32, int=64, int=8>, cutlass::gemm::thread::Mma<cutlass::gemm::GemmShape<int=8, int=8, int=1>, float, cutlass::layout::ColumnMajor, float, cutlass::layout::RowMajor, float, cutlass::layout::RowMajor, cutlass::arch::OpMultiplyAdd, bool>, cutlass::layout::RowMajor, cutlass::gemm::warp::MmaSimtPolicy<cutlass::MatrixShape<int=4, int=8>, cutlass::layout::RowMajorInterleaved<int=2>, cutlass::gemm::GemmShape<int=4, int=4, int=1>>>, cutlass::epilogue::warp::TileIteratorSimt<cutlass::gemm::GemmShape<int=32, int=64, int=8>, cutlass::gemm::thread::Mma<cutlass::gemm::GemmShape<int=8, int=8, int=1>, float, cutlass::layout::ColumnMajor, float, cutlass::layout::RowMajor, float, cutlass::layout::RowMajor, cutlass::arch::OpMultiplyAdd, bool>, float, cutlass::layout::RowMajor, cutlass::gemm::warp::MmaSimtPolicy<cutlass::MatrixShape<int=4, int=8>, cutlass::layout::RowMajorInterleaved<int=2>, cutlass::gemm::GemmShape<int=4, int=4, int=1>>>, cutlass::epilogue::threadblock::SharedLoadIterator<cutlass::epilogue::threadblock::OutputTileOptimalThreadMap<cutlass::epilogue::threadblock::OutputTileShape<int=128, int=1, int=4, int=4, int=1>::CompactedThreadMap, cutlass::epilogue::threadblock::OutputTileShape<int=1, int=4, int=2, int=1, int=8>, int=256, int=1, int=32>, float, int=4>, cutlass::epilogue::thread::LinearCombination<float",23566
21.927004,0.001888,,,,,,,,,,112,56.573899,"Pageable","Device","Tesla V100-PCIE-32GB (0)","1","7","[CUDA memcpy HtoD]",23586
21.929433,0.019360,2048,1,1,384,1,1,16,0.000000,0.000000,,,,,"Tesla V100-PCIE-32GB (0)","1","7","void scal_kernel_val<double, double>(cublasScalParamsVal<double, double>)",23700
21.930086,91.720950,64,64,1,256,1,1,124,0.000000,16.250000,,,,,"Tesla V100-PCIE-32GB (0)","1","7","void cutlass::Kernel<cutlass::gemm::kernel::Gemm<cutlass::gemm::threadblock::MmaPipelined<cutlass::gemm::GemmShape<int=128, int=128, int=8>, cutlass::transform::threadblock::PredicatedTileIterator<cutlass::MatrixShape<int=128, int=8>, float, cutlass::layout::RowMajor, int=1, cutlass::transform::PitchLinearStripminedThreadMap<cutlass::layout::PitchLinearShape<int=8, int=128>, int=256, int=1>, int=1>, cutlass::transform::threadblock::RegularTileIterator<cutlass::MatrixShape<int=128, int=8>, float, cutlass::layout::ColumnMajor, int=1, cutlass::transform::TransposePitchLinearThreadMapSimt<cutlass::transform::PitchLinearStripminedThreadMap<cutlass::layout::PitchLinearShape<int=8, int=128>, int=256, int=1>>, int=4>, cutlass::transform::threadblock::PredicatedTileIterator<cutlass::MatrixShape<int=8, int=128>, float, cutlass::layout::RowMajor, int=0, cutlass::transform::PitchLinearStripminedThreadMap<cutlass::layout::PitchLinearShape<int=128, int=8>, int=256, int=1>, int=1>, cutlass::transform::threadblock::RegularTileIterator<cutlass::MatrixShape<int=8, int=128>, float, cutlass::layout::RowMajor, int=0, cutlass::transform::PitchLinearStripminedThreadMap<cutlass::layout::PitchLinearShape<int=128, int=8>, int=256, int=1>, int=4>, float, cutlass::layout::RowMajor, cutlass::gemm::threadblock::MmaPolicy<cutlass::gemm::warp::MmaSimt<cutlass::gemm::GemmShape<int=32, int=64, int=8>, float, cutlass::layout::ColumnMajor, float, cutlass::layout::RowMajor, float, cutlass::layout::RowMajor, cutlass::gemm::warp::MmaSimtPolicy<cutlass::MatrixShape<int=4, int=8>, cutlass::layout::RowMajorInterleaved<int=2>, cutlass::gemm::GemmShape<int=4, int=4, int=1>>, int=1, bool>, cutlass::MatrixShape<int=4, int=0>, cutlass::MatrixShape<int=0, int=0>, int=1>, cutlass::NumericArrayConverter<float, float, int=4, cutlass::FloatRoundStyle>, cutlass::NumericArrayConverter<float, float, int=4, cutlass::FloatRoundStyle>, bool>, cutlass::epilogue::threadblock::Epilogue<cutlass::gemm::GemmShape<int=128, int=128, int=8>, cutlass::gemm::warp::MmaSimt<cutlass::gemm::GemmShape<int=32, int=64, int=8>, float, cutlass::layout::ColumnMajor, float, cutlass::layout::RowMajor, float, cutlass::layout::RowMajor, cutlass::gemm::warp::MmaSimtPolicy<cutlass::MatrixShape<int=4, int=8>, cutlass::layout::RowMajorInterleaved<int=2>, cutlass::gemm::GemmShape<int=4, int=4, int=1>>, int=1, bool>, int=1, cutlass::epilogue::threadblock::PredicatedTileIterator<cutlass::epilogue::threadblock::OutputTileOptimalThreadMap<cutlass::epilogue::threadblock::OutputTileShape<int=128, int=1, int=4, int=4, int=1>, cutlass::epilogue::threadblock::OutputTileShape<int=1, int=4, int=2, int=1, int=8>, int=256, int=1, int=32>, float>, cutlass::epilogue::warp::FragmentIteratorSimt<cutlass::gemm::GemmShape<int=32, int=64, int=8>, cutlass::gemm::thread::Mma<cutlass::gemm::GemmShape<int=8, int=8, int=1>, float, cutlass::layout::ColumnMajor, float, cutlass::layout::RowMajor, float, cutlass::layout::RowMajor, cutlass::arch::OpMultiplyAdd, bool>, cutlass::layout::RowMajor, cutlass::gemm::warp::MmaSimtPolicy<cutlass::MatrixShape<int=4, int=8>, cutlass::layout::RowMajorInterleaved<int=2>, cutlass::gemm::GemmShape<int=4, int=4, int=1>>>, cutlass::epilogue::warp::TileIteratorSimt<cutlass::gemm::GemmShape<int=32, int=64, int=8>, cutlass::gemm::thread::Mma<cutlass::gemm::GemmShape<int=8, int=8, int=1>, float, cutlass::layout::ColumnMajor, float, cutlass::layout::RowMajor, float, cutlass::layout::RowMajor, cutlass::arch::OpMultiplyAdd, bool>, float, cutlass::layout::RowMajor, cutlass::gemm::warp::MmaSimtPolicy<cutlass::MatrixShape<int=4, int=8>, cutlass::layout::RowMajorInterleaved<int=2>, cutlass::gemm::GemmShape<int=4, int=4, int=1>>>, cutlass::epilogue::threadblock::SharedLoadIterator<cutlass::epilogue::threadblock::OutputTileOptimalThreadMap<cutlass::epilogue::threadblock::OutputTileShape<int=128, int=1, int=4, int=4, int=1>::CompactedThreadMap, cutlass::epilogue::threadblock::OutputTileShape<int=1, int=4, int=2, int=1, int=8>, int=256, int=1, int=32>, float, int=4>, cutlass::epilogue::thread::LinearCombination<float",23729
22.021816,0.001888,,,,,,,,,,112,56.573899,"Pageable","Device","Tesla V100-PCIE-32GB (0)","1","7","[CUDA memcpy HtoD]",23749
22.022832,0.019296,2048,1,1,384,1,1,16,0.000000,0.000000,,,,,"Tesla V100-PCIE-32GB (0)","1","7","void scal_kernel_val<double, double>(cublasScalParamsVal<double, double>)",23863
22.023267,91.734134,64,64,1,256,1,1,124,0.000000,16.250000,,,,,"Tesla V100-PCIE-32GB (0)","1","7","void cutlass::Kernel<cutlass::gemm::kernel::Gemm<cutlass::gemm::threadblock::MmaPipelined<cutlass::gemm::GemmShape<int=128, int=128, int=8>, cutlass::transform::threadblock::PredicatedTileIterator<cutlass::MatrixShape<int=128, int=8>, float, cutlass::layout::RowMajor, int=1, cutlass::transform::PitchLinearStripminedThreadMap<cutlass::layout::PitchLinearShape<int=8, int=128>, int=256, int=1>, int=1>, cutlass::transform::threadblock::RegularTileIterator<cutlass::MatrixShape<int=128, int=8>, float, cutlass::layout::ColumnMajor, int=1, cutlass::transform::TransposePitchLinearThreadMapSimt<cutlass::transform::PitchLinearStripminedThreadMap<cutlass::layout::PitchLinearShape<int=8, int=128>, int=256, int=1>>, int=4>, cutlass::transform::threadblock::PredicatedTileIterator<cutlass::MatrixShape<int=8, int=128>, float, cutlass::layout::RowMajor, int=0, cutlass::transform::PitchLinearStripminedThreadMap<cutlass::layout::PitchLinearShape<int=128, int=8>, int=256, int=1>, int=1>, cutlass::transform::threadblock::RegularTileIterator<cutlass::MatrixShape<int=8, int=128>, float, cutlass::layout::RowMajor, int=0, cutlass::transform::PitchLinearStripminedThreadMap<cutlass::layout::PitchLinearShape<int=128, int=8>, int=256, int=1>, int=4>, float, cutlass::layout::RowMajor, cutlass::gemm::threadblock::MmaPolicy<cutlass::gemm::warp::MmaSimt<cutlass::gemm::GemmShape<int=32, int=64, int=8>, float, cutlass::layout::ColumnMajor, float, cutlass::layout::RowMajor, float, cutlass::layout::RowMajor, cutlass::gemm::warp::MmaSimtPolicy<cutlass::MatrixShape<int=4, int=8>, cutlass::layout::RowMajorInterleaved<int=2>, cutlass::gemm::GemmShape<int=4, int=4, int=1>>, int=1, bool>, cutlass::MatrixShape<int=4, int=0>, cutlass::MatrixShape<int=0, int=0>, int=1>, cutlass::NumericArrayConverter<float, float, int=4, cutlass::FloatRoundStyle>, cutlass::NumericArrayConverter<float, float, int=4, cutlass::FloatRoundStyle>, bool>, cutlass::epilogue::threadblock::Epilogue<cutlass::gemm::GemmShape<int=128, int=128, int=8>, cutlass::gemm::warp::MmaSimt<cutlass::gemm::GemmShape<int=32, int=64, int=8>, float, cutlass::layout::ColumnMajor, float, cutlass::layout::RowMajor, float, cutlass::layout::RowMajor, cutlass::gemm::warp::MmaSimtPolicy<cutlass::MatrixShape<int=4, int=8>, cutlass::layout::RowMajorInterleaved<int=2>, cutlass::gemm::GemmShape<int=4, int=4, int=1>>, int=1, bool>, int=1, cutlass::epilogue::threadblock::PredicatedTileIterator<cutlass::epilogue::threadblock::OutputTileOptimalThreadMap<cutlass::epilogue::threadblock::OutputTileShape<int=128, int=1, int=4, int=4, int=1>, cutlass::epilogue::threadblock::OutputTileShape<int=1, int=4, int=2, int=1, int=8>, int=256, int=1, int=32>, float>, cutlass::epilogue::warp::FragmentIteratorSimt<cutlass::gemm::GemmShape<int=32, int=64, int=8>, cutlass::gemm::thread::Mma<cutlass::gemm::GemmShape<int=8, int=8, int=1>, float, cutlass::layout::ColumnMajor, float, cutlass::layout::RowMajor, float, cutlass::layout::RowMajor, cutlass::arch::OpMultiplyAdd, bool>, cutlass::layout::RowMajor, cutlass::gemm::warp::MmaSimtPolicy<cutlass::MatrixShape<int=4, int=8>, cutlass::layout::RowMajorInterleaved<int=2>, cutlass::gemm::GemmShape<int=4, int=4, int=1>>>, cutlass::epilogue::warp::TileIteratorSimt<cutlass::gemm::GemmShape<int=32, int=64, int=8>, cutlass::gemm::thread::Mma<cutlass::gemm::GemmShape<int=8, int=8, int=1>, float, cutlass::layout::ColumnMajor, float, cutlass::layout::RowMajor, float, cutlass::layout::RowMajor, cutlass::arch::OpMultiplyAdd, bool>, float, cutlass::layout::RowMajor, cutlass::gemm::warp::MmaSimtPolicy<cutlass::MatrixShape<int=4, int=8>, cutlass::layout::RowMajorInterleaved<int=2>, cutlass::gemm::GemmShape<int=4, int=4, int=1>>>, cutlass::epilogue::threadblock::SharedLoadIterator<cutlass::epilogue::threadblock::OutputTileOptimalThreadMap<cutlass::epilogue::threadblock::OutputTileShape<int=128, int=1, int=4, int=4, int=1>::CompactedThreadMap, cutlass::epilogue::threadblock::OutputTileShape<int=1, int=4, int=2, int=1, int=8>, int=256, int=1, int=32>, float, int=4>, cutlass::epilogue::thread::LinearCombination<float",23892
22.115010,0.001856,,,,,,,,,,112,57.549312,"Pageable","Device","Tesla V100-PCIE-32GB (0)","1","7","[CUDA memcpy HtoD]",23912
22.116485,0.019072,2048,1,1,384,1,1,16,0.000000,0.000000,,,,,"Tesla V100-PCIE-32GB (0)","1","7","void scal_kernel_val<double, double>(cublasScalParamsVal<double, double>)",24026
22.117190,91.711830,64,64,1,256,1,1,124,0.000000,16.250000,,,,,"Tesla V100-PCIE-32GB (0)","1","7","void cutlass::Kernel<cutlass::gemm::kernel::Gemm<cutlass::gemm::threadblock::MmaPipelined<cutlass::gemm::GemmShape<int=128, int=128, int=8>, cutlass::transform::threadblock::PredicatedTileIterator<cutlass::MatrixShape<int=128, int=8>, float, cutlass::layout::RowMajor, int=1, cutlass::transform::PitchLinearStripminedThreadMap<cutlass::layout::PitchLinearShape<int=8, int=128>, int=256, int=1>, int=1>, cutlass::transform::threadblock::RegularTileIterator<cutlass::MatrixShape<int=128, int=8>, float, cutlass::layout::ColumnMajor, int=1, cutlass::transform::TransposePitchLinearThreadMapSimt<cutlass::transform::PitchLinearStripminedThreadMap<cutlass::layout::PitchLinearShape<int=8, int=128>, int=256, int=1>>, int=4>, cutlass::transform::threadblock::PredicatedTileIterator<cutlass::MatrixShape<int=8, int=128>, float, cutlass::layout::RowMajor, int=0, cutlass::transform::PitchLinearStripminedThreadMap<cutlass::layout::PitchLinearShape<int=128, int=8>, int=256, int=1>, int=1>, cutlass::transform::threadblock::RegularTileIterator<cutlass::MatrixShape<int=8, int=128>, float, cutlass::layout::RowMajor, int=0, cutlass::transform::PitchLinearStripminedThreadMap<cutlass::layout::PitchLinearShape<int=128, int=8>, int=256, int=1>, int=4>, float, cutlass::layout::RowMajor, cutlass::gemm::threadblock::MmaPolicy<cutlass::gemm::warp::MmaSimt<cutlass::gemm::GemmShape<int=32, int=64, int=8>, float, cutlass::layout::ColumnMajor, float, cutlass::layout::RowMajor, float, cutlass::layout::RowMajor, cutlass::gemm::warp::MmaSimtPolicy<cutlass::MatrixShape<int=4, int=8>, cutlass::layout::RowMajorInterleaved<int=2>, cutlass::gemm::GemmShape<int=4, int=4, int=1>>, int=1, bool>, cutlass::MatrixShape<int=4, int=0>, cutlass::MatrixShape<int=0, int=0>, int=1>, cutlass::NumericArrayConverter<float, float, int=4, cutlass::FloatRoundStyle>, cutlass::NumericArrayConverter<float, float, int=4, cutlass::FloatRoundStyle>, bool>, cutlass::epilogue::threadblock::Epilogue<cutlass::gemm::GemmShape<int=128, int=128, int=8>, cutlass::gemm::warp::MmaSimt<cutlass::gemm::GemmShape<int=32, int=64, int=8>, float, cutlass::layout::ColumnMajor, float, cutlass::layout::RowMajor, float, cutlass::layout::RowMajor, cutlass::gemm::warp::MmaSimtPolicy<cutlass::MatrixShape<int=4, int=8>, cutlass::layout::RowMajorInterleaved<int=2>, cutlass::gemm::GemmShape<int=4, int=4, int=1>>, int=1, bool>, int=1, cutlass::epilogue::threadblock::PredicatedTileIterator<cutlass::epilogue::threadblock::OutputTileOptimalThreadMap<cutlass::epilogue::threadblock::OutputTileShape<int=128, int=1, int=4, int=4, int=1>, cutlass::epilogue::threadblock::OutputTileShape<int=1, int=4, int=2, int=1, int=8>, int=256, int=1, int=32>, float>, cutlass::epilogue::warp::FragmentIteratorSimt<cutlass::gemm::GemmShape<int=32, int=64, int=8>, cutlass::gemm::thread::Mma<cutlass::gemm::GemmShape<int=8, int=8, int=1>, float, cutlass::layout::ColumnMajor, float, cutlass::layout::RowMajor, float, cutlass::layout::RowMajor, cutlass::arch::OpMultiplyAdd, bool>, cutlass::layout::RowMajor, cutlass::gemm::warp::MmaSimtPolicy<cutlass::MatrixShape<int=4, int=8>, cutlass::layout::RowMajorInterleaved<int=2>, cutlass::gemm::GemmShape<int=4, int=4, int=1>>>, cutlass::epilogue::warp::TileIteratorSimt<cutlass::gemm::GemmShape<int=32, int=64, int=8>, cutlass::gemm::thread::Mma<cutlass::gemm::GemmShape<int=8, int=8, int=1>, float, cutlass::layout::ColumnMajor, float, cutlass::layout::RowMajor, float, cutlass::layout::RowMajor, cutlass::arch::OpMultiplyAdd, bool>, float, cutlass::layout::RowMajor, cutlass::gemm::warp::MmaSimtPolicy<cutlass::MatrixShape<int=4, int=8>, cutlass::layout::RowMajorInterleaved<int=2>, cutlass::gemm::GemmShape<int=4, int=4, int=1>>>, cutlass::epilogue::threadblock::SharedLoadIterator<cutlass::epilogue::threadblock::OutputTileOptimalThreadMap<cutlass::epilogue::threadblock::OutputTileShape<int=128, int=1, int=4, int=4, int=1>::CompactedThreadMap, cutlass::epilogue::threadblock::OutputTileShape<int=1, int=4, int=2, int=1, int=8>, int=256, int=1, int=32>, float, int=4>, cutlass::epilogue::thread::LinearCombination<float",24055
22.208910,0.002208,,,,,,,,,,112,48.374784,"Pageable","Device","Tesla V100-PCIE-32GB (0)","1","7","[CUDA memcpy HtoD]",24075
22.209548,0.019968,2048,1,1,384,1,1,16,0.000000,0.000000,,,,,"Tesla V100-PCIE-32GB (0)","1","7","void scal_kernel_val<double, double>(cublasScalParamsVal<double, double>)",24189
22.209983,91.734166,64,64,1,256,1,1,124,0.000000,16.250000,,,,,"Tesla V100-PCIE-32GB (0)","1","7","void cutlass::Kernel<cutlass::gemm::kernel::Gemm<cutlass::gemm::threadblock::MmaPipelined<cutlass::gemm::GemmShape<int=128, int=128, int=8>, cutlass::transform::threadblock::PredicatedTileIterator<cutlass::MatrixShape<int=128, int=8>, float, cutlass::layout::RowMajor, int=1, cutlass::transform::PitchLinearStripminedThreadMap<cutlass::layout::PitchLinearShape<int=8, int=128>, int=256, int=1>, int=1>, cutlass::transform::threadblock::RegularTileIterator<cutlass::MatrixShape<int=128, int=8>, float, cutlass::layout::ColumnMajor, int=1, cutlass::transform::TransposePitchLinearThreadMapSimt<cutlass::transform::PitchLinearStripminedThreadMap<cutlass::layout::PitchLinearShape<int=8, int=128>, int=256, int=1>>, int=4>, cutlass::transform::threadblock::PredicatedTileIterator<cutlass::MatrixShape<int=8, int=128>, float, cutlass::layout::RowMajor, int=0, cutlass::transform::PitchLinearStripminedThreadMap<cutlass::layout::PitchLinearShape<int=128, int=8>, int=256, int=1>, int=1>, cutlass::transform::threadblock::RegularTileIterator<cutlass::MatrixShape<int=8, int=128>, float, cutlass::layout::RowMajor, int=0, cutlass::transform::PitchLinearStripminedThreadMap<cutlass::layout::PitchLinearShape<int=128, int=8>, int=256, int=1>, int=4>, float, cutlass::layout::RowMajor, cutlass::gemm::threadblock::MmaPolicy<cutlass::gemm::warp::MmaSimt<cutlass::gemm::GemmShape<int=32, int=64, int=8>, float, cutlass::layout::ColumnMajor, float, cutlass::layout::RowMajor, float, cutlass::layout::RowMajor, cutlass::gemm::warp::MmaSimtPolicy<cutlass::MatrixShape<int=4, int=8>, cutlass::layout::RowMajorInterleaved<int=2>, cutlass::gemm::GemmShape<int=4, int=4, int=1>>, int=1, bool>, cutlass::MatrixShape<int=4, int=0>, cutlass::MatrixShape<int=0, int=0>, int=1>, cutlass::NumericArrayConverter<float, float, int=4, cutlass::FloatRoundStyle>, cutlass::NumericArrayConverter<float, float, int=4, cutlass::FloatRoundStyle>, bool>, cutlass::epilogue::threadblock::Epilogue<cutlass::gemm::GemmShape<int=128, int=128, int=8>, cutlass::gemm::warp::MmaSimt<cutlass::gemm::GemmShape<int=32, int=64, int=8>, float, cutlass::layout::ColumnMajor, float, cutlass::layout::RowMajor, float, cutlass::layout::RowMajor, cutlass::gemm::warp::MmaSimtPolicy<cutlass::MatrixShape<int=4, int=8>, cutlass::layout::RowMajorInterleaved<int=2>, cutlass::gemm::GemmShape<int=4, int=4, int=1>>, int=1, bool>, int=1, cutlass::epilogue::threadblock::PredicatedTileIterator<cutlass::epilogue::threadblock::OutputTileOptimalThreadMap<cutlass::epilogue::threadblock::OutputTileShape<int=128, int=1, int=4, int=4, int=1>, cutlass::epilogue::threadblock::OutputTileShape<int=1, int=4, int=2, int=1, int=8>, int=256, int=1, int=32>, float>, cutlass::epilogue::warp::FragmentIteratorSimt<cutlass::gemm::GemmShape<int=32, int=64, int=8>, cutlass::gemm::thread::Mma<cutlass::gemm::GemmShape<int=8, int=8, int=1>, float, cutlass::layout::ColumnMajor, float, cutlass::layout::RowMajor, float, cutlass::layout::RowMajor, cutlass::arch::OpMultiplyAdd, bool>, cutlass::layout::RowMajor, cutlass::gemm::warp::MmaSimtPolicy<cutlass::MatrixShape<int=4, int=8>, cutlass::layout::RowMajorInterleaved<int=2>, cutlass::gemm::GemmShape<int=4, int=4, int=1>>>, cutlass::epilogue::warp::TileIteratorSimt<cutlass::gemm::GemmShape<int=32, int=64, int=8>, cutlass::gemm::thread::Mma<cutlass::gemm::GemmShape<int=8, int=8, int=1>, float, cutlass::layout::ColumnMajor, float, cutlass::layout::RowMajor, float, cutlass::layout::RowMajor, cutlass::arch::OpMultiplyAdd, bool>, float, cutlass::layout::RowMajor, cutlass::gemm::warp::MmaSimtPolicy<cutlass::MatrixShape<int=4, int=8>, cutlass::layout::RowMajorInterleaved<int=2>, cutlass::gemm::GemmShape<int=4, int=4, int=1>>>, cutlass::epilogue::threadblock::SharedLoadIterator<cutlass::epilogue::threadblock::OutputTileOptimalThreadMap<cutlass::epilogue::threadblock::OutputTileShape<int=128, int=1, int=4, int=4, int=1>::CompactedThreadMap, cutlass::epilogue::threadblock::OutputTileShape<int=1, int=4, int=2, int=1, int=8>, int=256, int=1, int=32>, float, int=4>, cutlass::epilogue::thread::LinearCombination<float",24218
22.301726,0.002176,,,,,,,,,,112,49.086178,"Pageable","Device","Tesla V100-PCIE-32GB (0)","1","7","[CUDA memcpy HtoD]",24238
22.303076,0.019360,2048,1,1,384,1,1,16,0.000000,0.000000,,,,,"Tesla V100-PCIE-32GB (0)","1","7","void scal_kernel_val<double, double>(cublasScalParamsVal<double, double>)",24352
22.303517,91.727319,64,64,1,256,1,1,124,0.000000,16.250000,,,,,"Tesla V100-PCIE-32GB (0)","1","7","void cutlass::Kernel<cutlass::gemm::kernel::Gemm<cutlass::gemm::threadblock::MmaPipelined<cutlass::gemm::GemmShape<int=128, int=128, int=8>, cutlass::transform::threadblock::PredicatedTileIterator<cutlass::MatrixShape<int=128, int=8>, float, cutlass::layout::RowMajor, int=1, cutlass::transform::PitchLinearStripminedThreadMap<cutlass::layout::PitchLinearShape<int=8, int=128>, int=256, int=1>, int=1>, cutlass::transform::threadblock::RegularTileIterator<cutlass::MatrixShape<int=128, int=8>, float, cutlass::layout::ColumnMajor, int=1, cutlass::transform::TransposePitchLinearThreadMapSimt<cutlass::transform::PitchLinearStripminedThreadMap<cutlass::layout::PitchLinearShape<int=8, int=128>, int=256, int=1>>, int=4>, cutlass::transform::threadblock::PredicatedTileIterator<cutlass::MatrixShape<int=8, int=128>, float, cutlass::layout::RowMajor, int=0, cutlass::transform::PitchLinearStripminedThreadMap<cutlass::layout::PitchLinearShape<int=128, int=8>, int=256, int=1>, int=1>, cutlass::transform::threadblock::RegularTileIterator<cutlass::MatrixShape<int=8, int=128>, float, cutlass::layout::RowMajor, int=0, cutlass::transform::PitchLinearStripminedThreadMap<cutlass::layout::PitchLinearShape<int=128, int=8>, int=256, int=1>, int=4>, float, cutlass::layout::RowMajor, cutlass::gemm::threadblock::MmaPolicy<cutlass::gemm::warp::MmaSimt<cutlass::gemm::GemmShape<int=32, int=64, int=8>, float, cutlass::layout::ColumnMajor, float, cutlass::layout::RowMajor, float, cutlass::layout::RowMajor, cutlass::gemm::warp::MmaSimtPolicy<cutlass::MatrixShape<int=4, int=8>, cutlass::layout::RowMajorInterleaved<int=2>, cutlass::gemm::GemmShape<int=4, int=4, int=1>>, int=1, bool>, cutlass::MatrixShape<int=4, int=0>, cutlass::MatrixShape<int=0, int=0>, int=1>, cutlass::NumericArrayConverter<float, float, int=4, cutlass::FloatRoundStyle>, cutlass::NumericArrayConverter<float, float, int=4, cutlass::FloatRoundStyle>, bool>, cutlass::epilogue::threadblock::Epilogue<cutlass::gemm::GemmShape<int=128, int=128, int=8>, cutlass::gemm::warp::MmaSimt<cutlass::gemm::GemmShape<int=32, int=64, int=8>, float, cutlass::layout::ColumnMajor, float, cutlass::layout::RowMajor, float, cutlass::layout::RowMajor, cutlass::gemm::warp::MmaSimtPolicy<cutlass::MatrixShape<int=4, int=8>, cutlass::layout::RowMajorInterleaved<int=2>, cutlass::gemm::GemmShape<int=4, int=4, int=1>>, int=1, bool>, int=1, cutlass::epilogue::threadblock::PredicatedTileIterator<cutlass::epilogue::threadblock::OutputTileOptimalThreadMap<cutlass::epilogue::threadblock::OutputTileShape<int=128, int=1, int=4, int=4, int=1>, cutlass::epilogue::threadblock::OutputTileShape<int=1, int=4, int=2, int=1, int=8>, int=256, int=1, int=32>, float>, cutlass::epilogue::warp::FragmentIteratorSimt<cutlass::gemm::GemmShape<int=32, int=64, int=8>, cutlass::gemm::thread::Mma<cutlass::gemm::GemmShape<int=8, int=8, int=1>, float, cutlass::layout::ColumnMajor, float, cutlass::layout::RowMajor, float, cutlass::layout::RowMajor, cutlass::arch::OpMultiplyAdd, bool>, cutlass::layout::RowMajor, cutlass::gemm::warp::MmaSimtPolicy<cutlass::MatrixShape<int=4, int=8>, cutlass::layout::RowMajorInterleaved<int=2>, cutlass::gemm::GemmShape<int=4, int=4, int=1>>>, cutlass::epilogue::warp::TileIteratorSimt<cutlass::gemm::GemmShape<int=32, int=64, int=8>, cutlass::gemm::thread::Mma<cutlass::gemm::GemmShape<int=8, int=8, int=1>, float, cutlass::layout::ColumnMajor, float, cutlass::layout::RowMajor, float, cutlass::layout::RowMajor, cutlass::arch::OpMultiplyAdd, bool>, float, cutlass::layout::RowMajor, cutlass::gemm::warp::MmaSimtPolicy<cutlass::MatrixShape<int=4, int=8>, cutlass::layout::RowMajorInterleaved<int=2>, cutlass::gemm::GemmShape<int=4, int=4, int=1>>>, cutlass::epilogue::threadblock::SharedLoadIterator<cutlass::epilogue::threadblock::OutputTileOptimalThreadMap<cutlass::epilogue::threadblock::OutputTileShape<int=128, int=1, int=4, int=4, int=1>::CompactedThreadMap, cutlass::epilogue::threadblock::OutputTileShape<int=1, int=4, int=2, int=1, int=8>, int=256, int=1, int=32>, float, int=4>, cutlass::epilogue::thread::LinearCombination<float",24381
22.395253,0.002048,,,,,,,,,,112,52.154064,"Pageable","Device","Tesla V100-PCIE-32GB (0)","1","7","[CUDA memcpy HtoD]",24401
22.395918,0.020352,2048,1,1,384,1,1,16,0.000000,0.000000,,,,,"Tesla V100-PCIE-32GB (0)","1","7","void scal_kernel_val<double, double>(cublasScalParamsVal<double, double>)",24515
22.396365,91.745686,64,64,1,256,1,1,124,0.000000,16.250000,,,,,"Tesla V100-PCIE-32GB (0)","1","7","void cutlass::Kernel<cutlass::gemm::kernel::Gemm<cutlass::gemm::threadblock::MmaPipelined<cutlass::gemm::GemmShape<int=128, int=128, int=8>, cutlass::transform::threadblock::PredicatedTileIterator<cutlass::MatrixShape<int=128, int=8>, float, cutlass::layout::RowMajor, int=1, cutlass::transform::PitchLinearStripminedThreadMap<cutlass::layout::PitchLinearShape<int=8, int=128>, int=256, int=1>, int=1>, cutlass::transform::threadblock::RegularTileIterator<cutlass::MatrixShape<int=128, int=8>, float, cutlass::layout::ColumnMajor, int=1, cutlass::transform::TransposePitchLinearThreadMapSimt<cutlass::transform::PitchLinearStripminedThreadMap<cutlass::layout::PitchLinearShape<int=8, int=128>, int=256, int=1>>, int=4>, cutlass::transform::threadblock::PredicatedTileIterator<cutlass::MatrixShape<int=8, int=128>, float, cutlass::layout::RowMajor, int=0, cutlass::transform::PitchLinearStripminedThreadMap<cutlass::layout::PitchLinearShape<int=128, int=8>, int=256, int=1>, int=1>, cutlass::transform::threadblock::RegularTileIterator<cutlass::MatrixShape<int=8, int=128>, float, cutlass::layout::RowMajor, int=0, cutlass::transform::PitchLinearStripminedThreadMap<cutlass::layout::PitchLinearShape<int=128, int=8>, int=256, int=1>, int=4>, float, cutlass::layout::RowMajor, cutlass::gemm::threadblock::MmaPolicy<cutlass::gemm::warp::MmaSimt<cutlass::gemm::GemmShape<int=32, int=64, int=8>, float, cutlass::layout::ColumnMajor, float, cutlass::layout::RowMajor, float, cutlass::layout::RowMajor, cutlass::gemm::warp::MmaSimtPolicy<cutlass::MatrixShape<int=4, int=8>, cutlass::layout::RowMajorInterleaved<int=2>, cutlass::gemm::GemmShape<int=4, int=4, int=1>>, int=1, bool>, cutlass::MatrixShape<int=4, int=0>, cutlass::MatrixShape<int=0, int=0>, int=1>, cutlass::NumericArrayConverter<float, float, int=4, cutlass::FloatRoundStyle>, cutlass::NumericArrayConverter<float, float, int=4, cutlass::FloatRoundStyle>, bool>, cutlass::epilogue::threadblock::Epilogue<cutlass::gemm::GemmShape<int=128, int=128, int=8>, cutlass::gemm::warp::MmaSimt<cutlass::gemm::GemmShape<int=32, int=64, int=8>, float, cutlass::layout::ColumnMajor, float, cutlass::layout::RowMajor, float, cutlass::layout::RowMajor, cutlass::gemm::warp::MmaSimtPolicy<cutlass::MatrixShape<int=4, int=8>, cutlass::layout::RowMajorInterleaved<int=2>, cutlass::gemm::GemmShape<int=4, int=4, int=1>>, int=1, bool>, int=1, cutlass::epilogue::threadblock::PredicatedTileIterator<cutlass::epilogue::threadblock::OutputTileOptimalThreadMap<cutlass::epilogue::threadblock::OutputTileShape<int=128, int=1, int=4, int=4, int=1>, cutlass::epilogue::threadblock::OutputTileShape<int=1, int=4, int=2, int=1, int=8>, int=256, int=1, int=32>, float>, cutlass::epilogue::warp::FragmentIteratorSimt<cutlass::gemm::GemmShape<int=32, int=64, int=8>, cutlass::gemm::thread::Mma<cutlass::gemm::GemmShape<int=8, int=8, int=1>, float, cutlass::layout::ColumnMajor, float, cutlass::layout::RowMajor, float, cutlass::layout::RowMajor, cutlass::arch::OpMultiplyAdd, bool>, cutlass::layout::RowMajor, cutlass::gemm::warp::MmaSimtPolicy<cutlass::MatrixShape<int=4, int=8>, cutlass::layout::RowMajorInterleaved<int=2>, cutlass::gemm::GemmShape<int=4, int=4, int=1>>>, cutlass::epilogue::warp::TileIteratorSimt<cutlass::gemm::GemmShape<int=32, int=64, int=8>, cutlass::gemm::thread::Mma<cutlass::gemm::GemmShape<int=8, int=8, int=1>, float, cutlass::layout::ColumnMajor, float, cutlass::layout::RowMajor, float, cutlass::layout::RowMajor, cutlass::arch::OpMultiplyAdd, bool>, float, cutlass::layout::RowMajor, cutlass::gemm::warp::MmaSimtPolicy<cutlass::MatrixShape<int=4, int=8>, cutlass::layout::RowMajorInterleaved<int=2>, cutlass::gemm::GemmShape<int=4, int=4, int=1>>>, cutlass::epilogue::threadblock::SharedLoadIterator<cutlass::epilogue::threadblock::OutputTileOptimalThreadMap<cutlass::epilogue::threadblock::OutputTileShape<int=128, int=1, int=4, int=4, int=1>::CompactedThreadMap, cutlass::epilogue::threadblock::OutputTileShape<int=1, int=4, int=2, int=1, int=8>, int=256, int=1, int=32>, float, int=4>, cutlass::epilogue::thread::LinearCombination<float",24544
22.488119,0.001856,,,,,,,,,,112,57.549312,"Pageable","Device","Tesla V100-PCIE-32GB (0)","1","7","[CUDA memcpy HtoD]",24564
22.488762,0.019359,2048,1,1,384,1,1,16,0.000000,0.000000,,,,,"Tesla V100-PCIE-32GB (0)","1","7","void scal_kernel_val<double, double>(cublasScalParamsVal<double, double>)",24678
22.489196,91.710999,64,64,1,256,1,1,124,0.000000,16.250000,,,,,"Tesla V100-PCIE-32GB (0)","1","7","void cutlass::Kernel<cutlass::gemm::kernel::Gemm<cutlass::gemm::threadblock::MmaPipelined<cutlass::gemm::GemmShape<int=128, int=128, int=8>, cutlass::transform::threadblock::PredicatedTileIterator<cutlass::MatrixShape<int=128, int=8>, float, cutlass::layout::RowMajor, int=1, cutlass::transform::PitchLinearStripminedThreadMap<cutlass::layout::PitchLinearShape<int=8, int=128>, int=256, int=1>, int=1>, cutlass::transform::threadblock::RegularTileIterator<cutlass::MatrixShape<int=128, int=8>, float, cutlass::layout::ColumnMajor, int=1, cutlass::transform::TransposePitchLinearThreadMapSimt<cutlass::transform::PitchLinearStripminedThreadMap<cutlass::layout::PitchLinearShape<int=8, int=128>, int=256, int=1>>, int=4>, cutlass::transform::threadblock::PredicatedTileIterator<cutlass::MatrixShape<int=8, int=128>, float, cutlass::layout::RowMajor, int=0, cutlass::transform::PitchLinearStripminedThreadMap<cutlass::layout::PitchLinearShape<int=128, int=8>, int=256, int=1>, int=1>, cutlass::transform::threadblock::RegularTileIterator<cutlass::MatrixShape<int=8, int=128>, float, cutlass::layout::RowMajor, int=0, cutlass::transform::PitchLinearStripminedThreadMap<cutlass::layout::PitchLinearShape<int=128, int=8>, int=256, int=1>, int=4>, float, cutlass::layout::RowMajor, cutlass::gemm::threadblock::MmaPolicy<cutlass::gemm::warp::MmaSimt<cutlass::gemm::GemmShape<int=32, int=64, int=8>, float, cutlass::layout::ColumnMajor, float, cutlass::layout::RowMajor, float, cutlass::layout::RowMajor, cutlass::gemm::warp::MmaSimtPolicy<cutlass::MatrixShape<int=4, int=8>, cutlass::layout::RowMajorInterleaved<int=2>, cutlass::gemm::GemmShape<int=4, int=4, int=1>>, int=1, bool>, cutlass::MatrixShape<int=4, int=0>, cutlass::MatrixShape<int=0, int=0>, int=1>, cutlass::NumericArrayConverter<float, float, int=4, cutlass::FloatRoundStyle>, cutlass::NumericArrayConverter<float, float, int=4, cutlass::FloatRoundStyle>, bool>, cutlass::epilogue::threadblock::Epilogue<cutlass::gemm::GemmShape<int=128, int=128, int=8>, cutlass::gemm::warp::MmaSimt<cutlass::gemm::GemmShape<int=32, int=64, int=8>, float, cutlass::layout::ColumnMajor, float, cutlass::layout::RowMajor, float, cutlass::layout::RowMajor, cutlass::gemm::warp::MmaSimtPolicy<cutlass::MatrixShape<int=4, int=8>, cutlass::layout::RowMajorInterleaved<int=2>, cutlass::gemm::GemmShape<int=4, int=4, int=1>>, int=1, bool>, int=1, cutlass::epilogue::threadblock::PredicatedTileIterator<cutlass::epilogue::threadblock::OutputTileOptimalThreadMap<cutlass::epilogue::threadblock::OutputTileShape<int=128, int=1, int=4, int=4, int=1>, cutlass::epilogue::threadblock::OutputTileShape<int=1, int=4, int=2, int=1, int=8>, int=256, int=1, int=32>, float>, cutlass::epilogue::warp::FragmentIteratorSimt<cutlass::gemm::GemmShape<int=32, int=64, int=8>, cutlass::gemm::thread::Mma<cutlass::gemm::GemmShape<int=8, int=8, int=1>, float, cutlass::layout::ColumnMajor, float, cutlass::layout::RowMajor, float, cutlass::layout::RowMajor, cutlass::arch::OpMultiplyAdd, bool>, cutlass::layout::RowMajor, cutlass::gemm::warp::MmaSimtPolicy<cutlass::MatrixShape<int=4, int=8>, cutlass::layout::RowMajorInterleaved<int=2>, cutlass::gemm::GemmShape<int=4, int=4, int=1>>>, cutlass::epilogue::warp::TileIteratorSimt<cutlass::gemm::GemmShape<int=32, int=64, int=8>, cutlass::gemm::thread::Mma<cutlass::gemm::GemmShape<int=8, int=8, int=1>, float, cutlass::layout::ColumnMajor, float, cutlass::layout::RowMajor, float, cutlass::layout::RowMajor, cutlass::arch::OpMultiplyAdd, bool>, float, cutlass::layout::RowMajor, cutlass::gemm::warp::MmaSimtPolicy<cutlass::MatrixShape<int=4, int=8>, cutlass::layout::RowMajorInterleaved<int=2>, cutlass::gemm::GemmShape<int=4, int=4, int=1>>>, cutlass::epilogue::threadblock::SharedLoadIterator<cutlass::epilogue::threadblock::OutputTileOptimalThreadMap<cutlass::epilogue::threadblock::OutputTileShape<int=128, int=1, int=4, int=4, int=1>::CompactedThreadMap, cutlass::epilogue::threadblock::OutputTileShape<int=1, int=4, int=2, int=1, int=8>, int=256, int=1, int=32>, float, int=4>, cutlass::epilogue::thread::LinearCombination<float",24707
22.580917,0.001888,,,,,,,,,,112,56.573899,"Pageable","Device","Tesla V100-PCIE-32GB (0)","1","7","[CUDA memcpy HtoD]",24727
22.581706,0.019744,2048,1,1,384,1,1,16,0.000000,0.000000,,,,,"Tesla V100-PCIE-32GB (0)","1","7","void scal_kernel_val<double, double>(cublasScalParamsVal<double, double>)",24841
22.583556,91.717431,64,64,1,256,1,1,124,0.000000,16.250000,,,,,"Tesla V100-PCIE-32GB (0)","1","7","void cutlass::Kernel<cutlass::gemm::kernel::Gemm<cutlass::gemm::threadblock::MmaPipelined<cutlass::gemm::GemmShape<int=128, int=128, int=8>, cutlass::transform::threadblock::PredicatedTileIterator<cutlass::MatrixShape<int=128, int=8>, float, cutlass::layout::RowMajor, int=1, cutlass::transform::PitchLinearStripminedThreadMap<cutlass::layout::PitchLinearShape<int=8, int=128>, int=256, int=1>, int=1>, cutlass::transform::threadblock::RegularTileIterator<cutlass::MatrixShape<int=128, int=8>, float, cutlass::layout::ColumnMajor, int=1, cutlass::transform::TransposePitchLinearThreadMapSimt<cutlass::transform::PitchLinearStripminedThreadMap<cutlass::layout::PitchLinearShape<int=8, int=128>, int=256, int=1>>, int=4>, cutlass::transform::threadblock::PredicatedTileIterator<cutlass::MatrixShape<int=8, int=128>, float, cutlass::layout::RowMajor, int=0, cutlass::transform::PitchLinearStripminedThreadMap<cutlass::layout::PitchLinearShape<int=128, int=8>, int=256, int=1>, int=1>, cutlass::transform::threadblock::RegularTileIterator<cutlass::MatrixShape<int=8, int=128>, float, cutlass::layout::RowMajor, int=0, cutlass::transform::PitchLinearStripminedThreadMap<cutlass::layout::PitchLinearShape<int=128, int=8>, int=256, int=1>, int=4>, float, cutlass::layout::RowMajor, cutlass::gemm::threadblock::MmaPolicy<cutlass::gemm::warp::MmaSimt<cutlass::gemm::GemmShape<int=32, int=64, int=8>, float, cutlass::layout::ColumnMajor, float, cutlass::layout::RowMajor, float, cutlass::layout::RowMajor, cutlass::gemm::warp::MmaSimtPolicy<cutlass::MatrixShape<int=4, int=8>, cutlass::layout::RowMajorInterleaved<int=2>, cutlass::gemm::GemmShape<int=4, int=4, int=1>>, int=1, bool>, cutlass::MatrixShape<int=4, int=0>, cutlass::MatrixShape<int=0, int=0>, int=1>, cutlass::NumericArrayConverter<float, float, int=4, cutlass::FloatRoundStyle>, cutlass::NumericArrayConverter<float, float, int=4, cutlass::FloatRoundStyle>, bool>, cutlass::epilogue::threadblock::Epilogue<cutlass::gemm::GemmShape<int=128, int=128, int=8>, cutlass::gemm::warp::MmaSimt<cutlass::gemm::GemmShape<int=32, int=64, int=8>, float, cutlass::layout::ColumnMajor, float, cutlass::layout::RowMajor, float, cutlass::layout::RowMajor, cutlass::gemm::warp::MmaSimtPolicy<cutlass::MatrixShape<int=4, int=8>, cutlass::layout::RowMajorInterleaved<int=2>, cutlass::gemm::GemmShape<int=4, int=4, int=1>>, int=1, bool>, int=1, cutlass::epilogue::threadblock::PredicatedTileIterator<cutlass::epilogue::threadblock::OutputTileOptimalThreadMap<cutlass::epilogue::threadblock::OutputTileShape<int=128, int=1, int=4, int=4, int=1>, cutlass::epilogue::threadblock::OutputTileShape<int=1, int=4, int=2, int=1, int=8>, int=256, int=1, int=32>, float>, cutlass::epilogue::warp::FragmentIteratorSimt<cutlass::gemm::GemmShape<int=32, int=64, int=8>, cutlass::gemm::thread::Mma<cutlass::gemm::GemmShape<int=8, int=8, int=1>, float, cutlass::layout::ColumnMajor, float, cutlass::layout::RowMajor, float, cutlass::layout::RowMajor, cutlass::arch::OpMultiplyAdd, bool>, cutlass::layout::RowMajor, cutlass::gemm::warp::MmaSimtPolicy<cutlass::MatrixShape<int=4, int=8>, cutlass::layout::RowMajorInterleaved<int=2>, cutlass::gemm::GemmShape<int=4, int=4, int=1>>>, cutlass::epilogue::warp::TileIteratorSimt<cutlass::gemm::GemmShape<int=32, int=64, int=8>, cutlass::gemm::thread::Mma<cutlass::gemm::GemmShape<int=8, int=8, int=1>, float, cutlass::layout::ColumnMajor, float, cutlass::layout::RowMajor, float, cutlass::layout::RowMajor, cutlass::arch::OpMultiplyAdd, bool>, float, cutlass::layout::RowMajor, cutlass::gemm::warp::MmaSimtPolicy<cutlass::MatrixShape<int=4, int=8>, cutlass::layout::RowMajorInterleaved<int=2>, cutlass::gemm::GemmShape<int=4, int=4, int=1>>>, cutlass::epilogue::threadblock::SharedLoadIterator<cutlass::epilogue::threadblock::OutputTileOptimalThreadMap<cutlass::epilogue::threadblock::OutputTileShape<int=128, int=1, int=4, int=4, int=1>::CompactedThreadMap, cutlass::epilogue::threadblock::OutputTileShape<int=1, int=4, int=2, int=1, int=8>, int=256, int=1, int=32>, float, int=4>, cutlass::epilogue::thread::LinearCombination<float",24870
22.675282,0.001856,,,,,,,,,,112,57.549312,"Pageable","Device","Tesla V100-PCIE-32GB (0)","1","7","[CUDA memcpy HtoD]",24890
22.677297,0.020032,2048,1,1,384,1,1,16,0.000000,0.000000,,,,,"Tesla V100-PCIE-32GB (0)","1","7","void scal_kernel_val<double, double>(cublasScalParamsVal<double, double>)",25004
22.677829,91.722358,64,64,1,256,1,1,124,0.000000,16.250000,,,,,"Tesla V100-PCIE-32GB (0)","1","7","void cutlass::Kernel<cutlass::gemm::kernel::Gemm<cutlass::gemm::threadblock::MmaPipelined<cutlass::gemm::GemmShape<int=128, int=128, int=8>, cutlass::transform::threadblock::PredicatedTileIterator<cutlass::MatrixShape<int=128, int=8>, float, cutlass::layout::RowMajor, int=1, cutlass::transform::PitchLinearStripminedThreadMap<cutlass::layout::PitchLinearShape<int=8, int=128>, int=256, int=1>, int=1>, cutlass::transform::threadblock::RegularTileIterator<cutlass::MatrixShape<int=128, int=8>, float, cutlass::layout::ColumnMajor, int=1, cutlass::transform::TransposePitchLinearThreadMapSimt<cutlass::transform::PitchLinearStripminedThreadMap<cutlass::layout::PitchLinearShape<int=8, int=128>, int=256, int=1>>, int=4>, cutlass::transform::threadblock::PredicatedTileIterator<cutlass::MatrixShape<int=8, int=128>, float, cutlass::layout::RowMajor, int=0, cutlass::transform::PitchLinearStripminedThreadMap<cutlass::layout::PitchLinearShape<int=128, int=8>, int=256, int=1>, int=1>, cutlass::transform::threadblock::RegularTileIterator<cutlass::MatrixShape<int=8, int=128>, float, cutlass::layout::RowMajor, int=0, cutlass::transform::PitchLinearStripminedThreadMap<cutlass::layout::PitchLinearShape<int=128, int=8>, int=256, int=1>, int=4>, float, cutlass::layout::RowMajor, cutlass::gemm::threadblock::MmaPolicy<cutlass::gemm::warp::MmaSimt<cutlass::gemm::GemmShape<int=32, int=64, int=8>, float, cutlass::layout::ColumnMajor, float, cutlass::layout::RowMajor, float, cutlass::layout::RowMajor, cutlass::gemm::warp::MmaSimtPolicy<cutlass::MatrixShape<int=4, int=8>, cutlass::layout::RowMajorInterleaved<int=2>, cutlass::gemm::GemmShape<int=4, int=4, int=1>>, int=1, bool>, cutlass::MatrixShape<int=4, int=0>, cutlass::MatrixShape<int=0, int=0>, int=1>, cutlass::NumericArrayConverter<float, float, int=4, cutlass::FloatRoundStyle>, cutlass::NumericArrayConverter<float, float, int=4, cutlass::FloatRoundStyle>, bool>, cutlass::epilogue::threadblock::Epilogue<cutlass::gemm::GemmShape<int=128, int=128, int=8>, cutlass::gemm::warp::MmaSimt<cutlass::gemm::GemmShape<int=32, int=64, int=8>, float, cutlass::layout::ColumnMajor, float, cutlass::layout::RowMajor, float, cutlass::layout::RowMajor, cutlass::gemm::warp::MmaSimtPolicy<cutlass::MatrixShape<int=4, int=8>, cutlass::layout::RowMajorInterleaved<int=2>, cutlass::gemm::GemmShape<int=4, int=4, int=1>>, int=1, bool>, int=1, cutlass::epilogue::threadblock::PredicatedTileIterator<cutlass::epilogue::threadblock::OutputTileOptimalThreadMap<cutlass::epilogue::threadblock::OutputTileShape<int=128, int=1, int=4, int=4, int=1>, cutlass::epilogue::threadblock::OutputTileShape<int=1, int=4, int=2, int=1, int=8>, int=256, int=1, int=32>, float>, cutlass::epilogue::warp::FragmentIteratorSimt<cutlass::gemm::GemmShape<int=32, int=64, int=8>, cutlass::gemm::thread::Mma<cutlass::gemm::GemmShape<int=8, int=8, int=1>, float, cutlass::layout::ColumnMajor, float, cutlass::layout::RowMajor, float, cutlass::layout::RowMajor, cutlass::arch::OpMultiplyAdd, bool>, cutlass::layout::RowMajor, cutlass::gemm::warp::MmaSimtPolicy<cutlass::MatrixShape<int=4, int=8>, cutlass::layout::RowMajorInterleaved<int=2>, cutlass::gemm::GemmShape<int=4, int=4, int=1>>>, cutlass::epilogue::warp::TileIteratorSimt<cutlass::gemm::GemmShape<int=32, int=64, int=8>, cutlass::gemm::thread::Mma<cutlass::gemm::GemmShape<int=8, int=8, int=1>, float, cutlass::layout::ColumnMajor, float, cutlass::layout::RowMajor, float, cutlass::layout::RowMajor, cutlass::arch::OpMultiplyAdd, bool>, float, cutlass::layout::RowMajor, cutlass::gemm::warp::MmaSimtPolicy<cutlass::MatrixShape<int=4, int=8>, cutlass::layout::RowMajorInterleaved<int=2>, cutlass::gemm::GemmShape<int=4, int=4, int=1>>>, cutlass::epilogue::threadblock::SharedLoadIterator<cutlass::epilogue::threadblock::OutputTileOptimalThreadMap<cutlass::epilogue::threadblock::OutputTileShape<int=128, int=1, int=4, int=4, int=1>::CompactedThreadMap, cutlass::epilogue::threadblock::OutputTileShape<int=1, int=4, int=2, int=1, int=8>, int=256, int=1, int=32>, float, int=4>, cutlass::epilogue::thread::LinearCombination<float",25033
22.769560,0.001888,,,,,,,,,,112,56.573899,"Pageable","Device","Tesla V100-PCIE-32GB (0)","1","7","[CUDA memcpy HtoD]",25053
22.770224,0.020064,2048,1,1,384,1,1,16,0.000000,0.000000,,,,,"Tesla V100-PCIE-32GB (0)","1","7","void scal_kernel_val<double, double>(cublasScalParamsVal<double, double>)",25167
22.770812,91.728439,64,64,1,256,1,1,124,0.000000,16.250000,,,,,"Tesla V100-PCIE-32GB (0)","1","7","void cutlass::Kernel<cutlass::gemm::kernel::Gemm<cutlass::gemm::threadblock::MmaPipelined<cutlass::gemm::GemmShape<int=128, int=128, int=8>, cutlass::transform::threadblock::PredicatedTileIterator<cutlass::MatrixShape<int=128, int=8>, float, cutlass::layout::RowMajor, int=1, cutlass::transform::PitchLinearStripminedThreadMap<cutlass::layout::PitchLinearShape<int=8, int=128>, int=256, int=1>, int=1>, cutlass::transform::threadblock::RegularTileIterator<cutlass::MatrixShape<int=128, int=8>, float, cutlass::layout::ColumnMajor, int=1, cutlass::transform::TransposePitchLinearThreadMapSimt<cutlass::transform::PitchLinearStripminedThreadMap<cutlass::layout::PitchLinearShape<int=8, int=128>, int=256, int=1>>, int=4>, cutlass::transform::threadblock::PredicatedTileIterator<cutlass::MatrixShape<int=8, int=128>, float, cutlass::layout::RowMajor, int=0, cutlass::transform::PitchLinearStripminedThreadMap<cutlass::layout::PitchLinearShape<int=128, int=8>, int=256, int=1>, int=1>, cutlass::transform::threadblock::RegularTileIterator<cutlass::MatrixShape<int=8, int=128>, float, cutlass::layout::RowMajor, int=0, cutlass::transform::PitchLinearStripminedThreadMap<cutlass::layout::PitchLinearShape<int=128, int=8>, int=256, int=1>, int=4>, float, cutlass::layout::RowMajor, cutlass::gemm::threadblock::MmaPolicy<cutlass::gemm::warp::MmaSimt<cutlass::gemm::GemmShape<int=32, int=64, int=8>, float, cutlass::layout::ColumnMajor, float, cutlass::layout::RowMajor, float, cutlass::layout::RowMajor, cutlass::gemm::warp::MmaSimtPolicy<cutlass::MatrixShape<int=4, int=8>, cutlass::layout::RowMajorInterleaved<int=2>, cutlass::gemm::GemmShape<int=4, int=4, int=1>>, int=1, bool>, cutlass::MatrixShape<int=4, int=0>, cutlass::MatrixShape<int=0, int=0>, int=1>, cutlass::NumericArrayConverter<float, float, int=4, cutlass::FloatRoundStyle>, cutlass::NumericArrayConverter<float, float, int=4, cutlass::FloatRoundStyle>, bool>, cutlass::epilogue::threadblock::Epilogue<cutlass::gemm::GemmShape<int=128, int=128, int=8>, cutlass::gemm::warp::MmaSimt<cutlass::gemm::GemmShape<int=32, int=64, int=8>, float, cutlass::layout::ColumnMajor, float, cutlass::layout::RowMajor, float, cutlass::layout::RowMajor, cutlass::gemm::warp::MmaSimtPolicy<cutlass::MatrixShape<int=4, int=8>, cutlass::layout::RowMajorInterleaved<int=2>, cutlass::gemm::GemmShape<int=4, int=4, int=1>>, int=1, bool>, int=1, cutlass::epilogue::threadblock::PredicatedTileIterator<cutlass::epilogue::threadblock::OutputTileOptimalThreadMap<cutlass::epilogue::threadblock::OutputTileShape<int=128, int=1, int=4, int=4, int=1>, cutlass::epilogue::threadblock::OutputTileShape<int=1, int=4, int=2, int=1, int=8>, int=256, int=1, int=32>, float>, cutlass::epilogue::warp::FragmentIteratorSimt<cutlass::gemm::GemmShape<int=32, int=64, int=8>, cutlass::gemm::thread::Mma<cutlass::gemm::GemmShape<int=8, int=8, int=1>, float, cutlass::layout::ColumnMajor, float, cutlass::layout::RowMajor, float, cutlass::layout::RowMajor, cutlass::arch::OpMultiplyAdd, bool>, cutlass::layout::RowMajor, cutlass::gemm::warp::MmaSimtPolicy<cutlass::MatrixShape<int=4, int=8>, cutlass::layout::RowMajorInterleaved<int=2>, cutlass::gemm::GemmShape<int=4, int=4, int=1>>>, cutlass::epilogue::warp::TileIteratorSimt<cutlass::gemm::GemmShape<int=32, int=64, int=8>, cutlass::gemm::thread::Mma<cutlass::gemm::GemmShape<int=8, int=8, int=1>, float, cutlass::layout::ColumnMajor, float, cutlass::layout::RowMajor, float, cutlass::layout::RowMajor, cutlass::arch::OpMultiplyAdd, bool>, float, cutlass::layout::RowMajor, cutlass::gemm::warp::MmaSimtPolicy<cutlass::MatrixShape<int=4, int=8>, cutlass::layout::RowMajorInterleaved<int=2>, cutlass::gemm::GemmShape<int=4, int=4, int=1>>>, cutlass::epilogue::threadblock::SharedLoadIterator<cutlass::epilogue::threadblock::OutputTileOptimalThreadMap<cutlass::epilogue::threadblock::OutputTileShape<int=128, int=1, int=4, int=4, int=1>::CompactedThreadMap, cutlass::epilogue::threadblock::OutputTileShape<int=1, int=4, int=2, int=1, int=8>, int=256, int=1, int=32>, float, int=4>, cutlass::epilogue::thread::LinearCombination<float",25196
22.862549,0.001888,,,,,,,,,,112,56.573899,"Pageable","Device","Tesla V100-PCIE-32GB (0)","1","7","[CUDA memcpy HtoD]",25216
22.864239,0.020223,2048,1,1,384,1,1,16,0.000000,0.000000,,,,,"Tesla V100-PCIE-32GB (0)","1","7","void scal_kernel_val<double, double>(cublasScalParamsVal<double, double>)",25330
22.864687,91.706743,64,64,1,256,1,1,124,0.000000,16.250000,,,,,"Tesla V100-PCIE-32GB (0)","1","7","void cutlass::Kernel<cutlass::gemm::kernel::Gemm<cutlass::gemm::threadblock::MmaPipelined<cutlass::gemm::GemmShape<int=128, int=128, int=8>, cutlass::transform::threadblock::PredicatedTileIterator<cutlass::MatrixShape<int=128, int=8>, float, cutlass::layout::RowMajor, int=1, cutlass::transform::PitchLinearStripminedThreadMap<cutlass::layout::PitchLinearShape<int=8, int=128>, int=256, int=1>, int=1>, cutlass::transform::threadblock::RegularTileIterator<cutlass::MatrixShape<int=128, int=8>, float, cutlass::layout::ColumnMajor, int=1, cutlass::transform::TransposePitchLinearThreadMapSimt<cutlass::transform::PitchLinearStripminedThreadMap<cutlass::layout::PitchLinearShape<int=8, int=128>, int=256, int=1>>, int=4>, cutlass::transform::threadblock::PredicatedTileIterator<cutlass::MatrixShape<int=8, int=128>, float, cutlass::layout::RowMajor, int=0, cutlass::transform::PitchLinearStripminedThreadMap<cutlass::layout::PitchLinearShape<int=128, int=8>, int=256, int=1>, int=1>, cutlass::transform::threadblock::RegularTileIterator<cutlass::MatrixShape<int=8, int=128>, float, cutlass::layout::RowMajor, int=0, cutlass::transform::PitchLinearStripminedThreadMap<cutlass::layout::PitchLinearShape<int=128, int=8>, int=256, int=1>, int=4>, float, cutlass::layout::RowMajor, cutlass::gemm::threadblock::MmaPolicy<cutlass::gemm::warp::MmaSimt<cutlass::gemm::GemmShape<int=32, int=64, int=8>, float, cutlass::layout::ColumnMajor, float, cutlass::layout::RowMajor, float, cutlass::layout::RowMajor, cutlass::gemm::warp::MmaSimtPolicy<cutlass::MatrixShape<int=4, int=8>, cutlass::layout::RowMajorInterleaved<int=2>, cutlass::gemm::GemmShape<int=4, int=4, int=1>>, int=1, bool>, cutlass::MatrixShape<int=4, int=0>, cutlass::MatrixShape<int=0, int=0>, int=1>, cutlass::NumericArrayConverter<float, float, int=4, cutlass::FloatRoundStyle>, cutlass::NumericArrayConverter<float, float, int=4, cutlass::FloatRoundStyle>, bool>, cutlass::epilogue::threadblock::Epilogue<cutlass::gemm::GemmShape<int=128, int=128, int=8>, cutlass::gemm::warp::MmaSimt<cutlass::gemm::GemmShape<int=32, int=64, int=8>, float, cutlass::layout::ColumnMajor, float, cutlass::layout::RowMajor, float, cutlass::layout::RowMajor, cutlass::gemm::warp::MmaSimtPolicy<cutlass::MatrixShape<int=4, int=8>, cutlass::layout::RowMajorInterleaved<int=2>, cutlass::gemm::GemmShape<int=4, int=4, int=1>>, int=1, bool>, int=1, cutlass::epilogue::threadblock::PredicatedTileIterator<cutlass::epilogue::threadblock::OutputTileOptimalThreadMap<cutlass::epilogue::threadblock::OutputTileShape<int=128, int=1, int=4, int=4, int=1>, cutlass::epilogue::threadblock::OutputTileShape<int=1, int=4, int=2, int=1, int=8>, int=256, int=1, int=32>, float>, cutlass::epilogue::warp::FragmentIteratorSimt<cutlass::gemm::GemmShape<int=32, int=64, int=8>, cutlass::gemm::thread::Mma<cutlass::gemm::GemmShape<int=8, int=8, int=1>, float, cutlass::layout::ColumnMajor, float, cutlass::layout::RowMajor, float, cutlass::layout::RowMajor, cutlass::arch::OpMultiplyAdd, bool>, cutlass::layout::RowMajor, cutlass::gemm::warp::MmaSimtPolicy<cutlass::MatrixShape<int=4, int=8>, cutlass::layout::RowMajorInterleaved<int=2>, cutlass::gemm::GemmShape<int=4, int=4, int=1>>>, cutlass::epilogue::warp::TileIteratorSimt<cutlass::gemm::GemmShape<int=32, int=64, int=8>, cutlass::gemm::thread::Mma<cutlass::gemm::GemmShape<int=8, int=8, int=1>, float, cutlass::layout::ColumnMajor, float, cutlass::layout::RowMajor, float, cutlass::layout::RowMajor, cutlass::arch::OpMultiplyAdd, bool>, float, cutlass::layout::RowMajor, cutlass::gemm::warp::MmaSimtPolicy<cutlass::MatrixShape<int=4, int=8>, cutlass::layout::RowMajorInterleaved<int=2>, cutlass::gemm::GemmShape<int=4, int=4, int=1>>>, cutlass::epilogue::threadblock::SharedLoadIterator<cutlass::epilogue::threadblock::OutputTileOptimalThreadMap<cutlass::epilogue::threadblock::OutputTileShape<int=128, int=1, int=4, int=4, int=1>::CompactedThreadMap, cutlass::epilogue::threadblock::OutputTileShape<int=1, int=4, int=2, int=1, int=8>, int=256, int=1, int=32>, float, int=4>, cutlass::epilogue::thread::LinearCombination<float",25359
22.956405,0.001888,,,,,,,,,,112,56.573899,"Pageable","Device","Tesla V100-PCIE-32GB (0)","1","7","[CUDA memcpy HtoD]",25379
22.957040,0.019072,2048,1,1,384,1,1,16,0.000000,0.000000,,,,,"Tesla V100-PCIE-32GB (0)","1","7","void scal_kernel_val<double, double>(cublasScalParamsVal<double, double>)",25493
22.957470,91.729559,64,64,1,256,1,1,124,0.000000,16.250000,,,,,"Tesla V100-PCIE-32GB (0)","1","7","void cutlass::Kernel<cutlass::gemm::kernel::Gemm<cutlass::gemm::threadblock::MmaPipelined<cutlass::gemm::GemmShape<int=128, int=128, int=8>, cutlass::transform::threadblock::PredicatedTileIterator<cutlass::MatrixShape<int=128, int=8>, float, cutlass::layout::RowMajor, int=1, cutlass::transform::PitchLinearStripminedThreadMap<cutlass::layout::PitchLinearShape<int=8, int=128>, int=256, int=1>, int=1>, cutlass::transform::threadblock::RegularTileIterator<cutlass::MatrixShape<int=128, int=8>, float, cutlass::layout::ColumnMajor, int=1, cutlass::transform::TransposePitchLinearThreadMapSimt<cutlass::transform::PitchLinearStripminedThreadMap<cutlass::layout::PitchLinearShape<int=8, int=128>, int=256, int=1>>, int=4>, cutlass::transform::threadblock::PredicatedTileIterator<cutlass::MatrixShape<int=8, int=128>, float, cutlass::layout::RowMajor, int=0, cutlass::transform::PitchLinearStripminedThreadMap<cutlass::layout::PitchLinearShape<int=128, int=8>, int=256, int=1>, int=1>, cutlass::transform::threadblock::RegularTileIterator<cutlass::MatrixShape<int=8, int=128>, float, cutlass::layout::RowMajor, int=0, cutlass::transform::PitchLinearStripminedThreadMap<cutlass::layout::PitchLinearShape<int=128, int=8>, int=256, int=1>, int=4>, float, cutlass::layout::RowMajor, cutlass::gemm::threadblock::MmaPolicy<cutlass::gemm::warp::MmaSimt<cutlass::gemm::GemmShape<int=32, int=64, int=8>, float, cutlass::layout::ColumnMajor, float, cutlass::layout::RowMajor, float, cutlass::layout::RowMajor, cutlass::gemm::warp::MmaSimtPolicy<cutlass::MatrixShape<int=4, int=8>, cutlass::layout::RowMajorInterleaved<int=2>, cutlass::gemm::GemmShape<int=4, int=4, int=1>>, int=1, bool>, cutlass::MatrixShape<int=4, int=0>, cutlass::MatrixShape<int=0, int=0>, int=1>, cutlass::NumericArrayConverter<float, float, int=4, cutlass::FloatRoundStyle>, cutlass::NumericArrayConverter<float, float, int=4, cutlass::FloatRoundStyle>, bool>, cutlass::epilogue::threadblock::Epilogue<cutlass::gemm::GemmShape<int=128, int=128, int=8>, cutlass::gemm::warp::MmaSimt<cutlass::gemm::GemmShape<int=32, int=64, int=8>, float, cutlass::layout::ColumnMajor, float, cutlass::layout::RowMajor, float, cutlass::layout::RowMajor, cutlass::gemm::warp::MmaSimtPolicy<cutlass::MatrixShape<int=4, int=8>, cutlass::layout::RowMajorInterleaved<int=2>, cutlass::gemm::GemmShape<int=4, int=4, int=1>>, int=1, bool>, int=1, cutlass::epilogue::threadblock::PredicatedTileIterator<cutlass::epilogue::threadblock::OutputTileOptimalThreadMap<cutlass::epilogue::threadblock::OutputTileShape<int=128, int=1, int=4, int=4, int=1>, cutlass::epilogue::threadblock::OutputTileShape<int=1, int=4, int=2, int=1, int=8>, int=256, int=1, int=32>, float>, cutlass::epilogue::warp::FragmentIteratorSimt<cutlass::gemm::GemmShape<int=32, int=64, int=8>, cutlass::gemm::thread::Mma<cutlass::gemm::GemmShape<int=8, int=8, int=1>, float, cutlass::layout::ColumnMajor, float, cutlass::layout::RowMajor, float, cutlass::layout::RowMajor, cutlass::arch::OpMultiplyAdd, bool>, cutlass::layout::RowMajor, cutlass::gemm::warp::MmaSimtPolicy<cutlass::MatrixShape<int=4, int=8>, cutlass::layout::RowMajorInterleaved<int=2>, cutlass::gemm::GemmShape<int=4, int=4, int=1>>>, cutlass::epilogue::warp::TileIteratorSimt<cutlass::gemm::GemmShape<int=32, int=64, int=8>, cutlass::gemm::thread::Mma<cutlass::gemm::GemmShape<int=8, int=8, int=1>, float, cutlass::layout::ColumnMajor, float, cutlass::layout::RowMajor, float, cutlass::layout::RowMajor, cutlass::arch::OpMultiplyAdd, bool>, float, cutlass::layout::RowMajor, cutlass::gemm::warp::MmaSimtPolicy<cutlass::MatrixShape<int=4, int=8>, cutlass::layout::RowMajorInterleaved<int=2>, cutlass::gemm::GemmShape<int=4, int=4, int=1>>>, cutlass::epilogue::threadblock::SharedLoadIterator<cutlass::epilogue::threadblock::OutputTileOptimalThreadMap<cutlass::epilogue::threadblock::OutputTileShape<int=128, int=1, int=4, int=4, int=1>::CompactedThreadMap, cutlass::epilogue::threadblock::OutputTileShape<int=1, int=4, int=2, int=1, int=8>, int=256, int=1, int=32>, float, int=4>, cutlass::epilogue::thread::LinearCombination<float",25522
23.049208,0.001856,,,,,,,,,,112,57.549312,"Pageable","Device","Tesla V100-PCIE-32GB (0)","1","7","[CUDA memcpy HtoD]",25542
23.049842,0.019520,2048,1,1,384,1,1,16,0.000000,0.000000,,,,,"Tesla V100-PCIE-32GB (0)","1","7","void scal_kernel_val<double, double>(cublasScalParamsVal<double, double>)",25656
23.050274,91.742711,64,64,1,256,1,1,124,0.000000,16.250000,,,,,"Tesla V100-PCIE-32GB (0)","1","7","void cutlass::Kernel<cutlass::gemm::kernel::Gemm<cutlass::gemm::threadblock::MmaPipelined<cutlass::gemm::GemmShape<int=128, int=128, int=8>, cutlass::transform::threadblock::PredicatedTileIterator<cutlass::MatrixShape<int=128, int=8>, float, cutlass::layout::RowMajor, int=1, cutlass::transform::PitchLinearStripminedThreadMap<cutlass::layout::PitchLinearShape<int=8, int=128>, int=256, int=1>, int=1>, cutlass::transform::threadblock::RegularTileIterator<cutlass::MatrixShape<int=128, int=8>, float, cutlass::layout::ColumnMajor, int=1, cutlass::transform::TransposePitchLinearThreadMapSimt<cutlass::transform::PitchLinearStripminedThreadMap<cutlass::layout::PitchLinearShape<int=8, int=128>, int=256, int=1>>, int=4>, cutlass::transform::threadblock::PredicatedTileIterator<cutlass::MatrixShape<int=8, int=128>, float, cutlass::layout::RowMajor, int=0, cutlass::transform::PitchLinearStripminedThreadMap<cutlass::layout::PitchLinearShape<int=128, int=8>, int=256, int=1>, int=1>, cutlass::transform::threadblock::RegularTileIterator<cutlass::MatrixShape<int=8, int=128>, float, cutlass::layout::RowMajor, int=0, cutlass::transform::PitchLinearStripminedThreadMap<cutlass::layout::PitchLinearShape<int=128, int=8>, int=256, int=1>, int=4>, float, cutlass::layout::RowMajor, cutlass::gemm::threadblock::MmaPolicy<cutlass::gemm::warp::MmaSimt<cutlass::gemm::GemmShape<int=32, int=64, int=8>, float, cutlass::layout::ColumnMajor, float, cutlass::layout::RowMajor, float, cutlass::layout::RowMajor, cutlass::gemm::warp::MmaSimtPolicy<cutlass::MatrixShape<int=4, int=8>, cutlass::layout::RowMajorInterleaved<int=2>, cutlass::gemm::GemmShape<int=4, int=4, int=1>>, int=1, bool>, cutlass::MatrixShape<int=4, int=0>, cutlass::MatrixShape<int=0, int=0>, int=1>, cutlass::NumericArrayConverter<float, float, int=4, cutlass::FloatRoundStyle>, cutlass::NumericArrayConverter<float, float, int=4, cutlass::FloatRoundStyle>, bool>, cutlass::epilogue::threadblock::Epilogue<cutlass::gemm::GemmShape<int=128, int=128, int=8>, cutlass::gemm::warp::MmaSimt<cutlass::gemm::GemmShape<int=32, int=64, int=8>, float, cutlass::layout::ColumnMajor, float, cutlass::layout::RowMajor, float, cutlass::layout::RowMajor, cutlass::gemm::warp::MmaSimtPolicy<cutlass::MatrixShape<int=4, int=8>, cutlass::layout::RowMajorInterleaved<int=2>, cutlass::gemm::GemmShape<int=4, int=4, int=1>>, int=1, bool>, int=1, cutlass::epilogue::threadblock::PredicatedTileIterator<cutlass::epilogue::threadblock::OutputTileOptimalThreadMap<cutlass::epilogue::threadblock::OutputTileShape<int=128, int=1, int=4, int=4, int=1>, cutlass::epilogue::threadblock::OutputTileShape<int=1, int=4, int=2, int=1, int=8>, int=256, int=1, int=32>, float>, cutlass::epilogue::warp::FragmentIteratorSimt<cutlass::gemm::GemmShape<int=32, int=64, int=8>, cutlass::gemm::thread::Mma<cutlass::gemm::GemmShape<int=8, int=8, int=1>, float, cutlass::layout::ColumnMajor, float, cutlass::layout::RowMajor, float, cutlass::layout::RowMajor, cutlass::arch::OpMultiplyAdd, bool>, cutlass::layout::RowMajor, cutlass::gemm::warp::MmaSimtPolicy<cutlass::MatrixShape<int=4, int=8>, cutlass::layout::RowMajorInterleaved<int=2>, cutlass::gemm::GemmShape<int=4, int=4, int=1>>>, cutlass::epilogue::warp::TileIteratorSimt<cutlass::gemm::GemmShape<int=32, int=64, int=8>, cutlass::gemm::thread::Mma<cutlass::gemm::GemmShape<int=8, int=8, int=1>, float, cutlass::layout::ColumnMajor, float, cutlass::layout::RowMajor, float, cutlass::layout::RowMajor, cutlass::arch::OpMultiplyAdd, bool>, float, cutlass::layout::RowMajor, cutlass::gemm::warp::MmaSimtPolicy<cutlass::MatrixShape<int=4, int=8>, cutlass::layout::RowMajorInterleaved<int=2>, cutlass::gemm::GemmShape<int=4, int=4, int=1>>>, cutlass::epilogue::threadblock::SharedLoadIterator<cutlass::epilogue::threadblock::OutputTileOptimalThreadMap<cutlass::epilogue::threadblock::OutputTileShape<int=128, int=1, int=4, int=4, int=1>::CompactedThreadMap, cutlass::epilogue::threadblock::OutputTileShape<int=1, int=4, int=2, int=1, int=8>, int=256, int=1, int=32>, float, int=4>, cutlass::epilogue::thread::LinearCombination<float",25685
23.142026,0.001888,,,,,,,,,,112,56.573899,"Pageable","Device","Tesla V100-PCIE-32GB (0)","1","7","[CUDA memcpy HtoD]",25705
23.142670,0.019456,2048,1,1,384,1,1,16,0.000000,0.000000,,,,,"Tesla V100-PCIE-32GB (0)","1","7","void scal_kernel_val<double, double>(cublasScalParamsVal<double, double>)",25819
23.143131,91.733654,64,64,1,256,1,1,124,0.000000,16.250000,,,,,"Tesla V100-PCIE-32GB (0)","1","7","void cutlass::Kernel<cutlass::gemm::kernel::Gemm<cutlass::gemm::threadblock::MmaPipelined<cutlass::gemm::GemmShape<int=128, int=128, int=8>, cutlass::transform::threadblock::PredicatedTileIterator<cutlass::MatrixShape<int=128, int=8>, float, cutlass::layout::RowMajor, int=1, cutlass::transform::PitchLinearStripminedThreadMap<cutlass::layout::PitchLinearShape<int=8, int=128>, int=256, int=1>, int=1>, cutlass::transform::threadblock::RegularTileIterator<cutlass::MatrixShape<int=128, int=8>, float, cutlass::layout::ColumnMajor, int=1, cutlass::transform::TransposePitchLinearThreadMapSimt<cutlass::transform::PitchLinearStripminedThreadMap<cutlass::layout::PitchLinearShape<int=8, int=128>, int=256, int=1>>, int=4>, cutlass::transform::threadblock::PredicatedTileIterator<cutlass::MatrixShape<int=8, int=128>, float, cutlass::layout::RowMajor, int=0, cutlass::transform::PitchLinearStripminedThreadMap<cutlass::layout::PitchLinearShape<int=128, int=8>, int=256, int=1>, int=1>, cutlass::transform::threadblock::RegularTileIterator<cutlass::MatrixShape<int=8, int=128>, float, cutlass::layout::RowMajor, int=0, cutlass::transform::PitchLinearStripminedThreadMap<cutlass::layout::PitchLinearShape<int=128, int=8>, int=256, int=1>, int=4>, float, cutlass::layout::RowMajor, cutlass::gemm::threadblock::MmaPolicy<cutlass::gemm::warp::MmaSimt<cutlass::gemm::GemmShape<int=32, int=64, int=8>, float, cutlass::layout::ColumnMajor, float, cutlass::layout::RowMajor, float, cutlass::layout::RowMajor, cutlass::gemm::warp::MmaSimtPolicy<cutlass::MatrixShape<int=4, int=8>, cutlass::layout::RowMajorInterleaved<int=2>, cutlass::gemm::GemmShape<int=4, int=4, int=1>>, int=1, bool>, cutlass::MatrixShape<int=4, int=0>, cutlass::MatrixShape<int=0, int=0>, int=1>, cutlass::NumericArrayConverter<float, float, int=4, cutlass::FloatRoundStyle>, cutlass::NumericArrayConverter<float, float, int=4, cutlass::FloatRoundStyle>, bool>, cutlass::epilogue::threadblock::Epilogue<cutlass::gemm::GemmShape<int=128, int=128, int=8>, cutlass::gemm::warp::MmaSimt<cutlass::gemm::GemmShape<int=32, int=64, int=8>, float, cutlass::layout::ColumnMajor, float, cutlass::layout::RowMajor, float, cutlass::layout::RowMajor, cutlass::gemm::warp::MmaSimtPolicy<cutlass::MatrixShape<int=4, int=8>, cutlass::layout::RowMajorInterleaved<int=2>, cutlass::gemm::GemmShape<int=4, int=4, int=1>>, int=1, bool>, int=1, cutlass::epilogue::threadblock::PredicatedTileIterator<cutlass::epilogue::threadblock::OutputTileOptimalThreadMap<cutlass::epilogue::threadblock::OutputTileShape<int=128, int=1, int=4, int=4, int=1>, cutlass::epilogue::threadblock::OutputTileShape<int=1, int=4, int=2, int=1, int=8>, int=256, int=1, int=32>, float>, cutlass::epilogue::warp::FragmentIteratorSimt<cutlass::gemm::GemmShape<int=32, int=64, int=8>, cutlass::gemm::thread::Mma<cutlass::gemm::GemmShape<int=8, int=8, int=1>, float, cutlass::layout::ColumnMajor, float, cutlass::layout::RowMajor, float, cutlass::layout::RowMajor, cutlass::arch::OpMultiplyAdd, bool>, cutlass::layout::RowMajor, cutlass::gemm::warp::MmaSimtPolicy<cutlass::MatrixShape<int=4, int=8>, cutlass::layout::RowMajorInterleaved<int=2>, cutlass::gemm::GemmShape<int=4, int=4, int=1>>>, cutlass::epilogue::warp::TileIteratorSimt<cutlass::gemm::GemmShape<int=32, int=64, int=8>, cutlass::gemm::thread::Mma<cutlass::gemm::GemmShape<int=8, int=8, int=1>, float, cutlass::layout::ColumnMajor, float, cutlass::layout::RowMajor, float, cutlass::layout::RowMajor, cutlass::arch::OpMultiplyAdd, bool>, float, cutlass::layout::RowMajor, cutlass::gemm::warp::MmaSimtPolicy<cutlass::MatrixShape<int=4, int=8>, cutlass::layout::RowMajorInterleaved<int=2>, cutlass::gemm::GemmShape<int=4, int=4, int=1>>>, cutlass::epilogue::threadblock::SharedLoadIterator<cutlass::epilogue::threadblock::OutputTileOptimalThreadMap<cutlass::epilogue::threadblock::OutputTileShape<int=128, int=1, int=4, int=4, int=1>::CompactedThreadMap, cutlass::epilogue::threadblock::OutputTileShape<int=1, int=4, int=2, int=1, int=8>, int=256, int=1, int=32>, float, int=4>, cutlass::epilogue::thread::LinearCombination<float",25848
23.234873,0.001888,,,,,,,,,,112,56.573899,"Pageable","Device","Tesla V100-PCIE-32GB (0)","1","7","[CUDA memcpy HtoD]",25868
23.235530,0.019328,2048,1,1,384,1,1,16,0.000000,0.000000,,,,,"Tesla V100-PCIE-32GB (0)","1","7","void scal_kernel_val<double, double>(cublasScalParamsVal<double, double>)",25982
23.235972,91.712951,64,64,1,256,1,1,124,0.000000,16.250000,,,,,"Tesla V100-PCIE-32GB (0)","1","7","void cutlass::Kernel<cutlass::gemm::kernel::Gemm<cutlass::gemm::threadblock::MmaPipelined<cutlass::gemm::GemmShape<int=128, int=128, int=8>, cutlass::transform::threadblock::PredicatedTileIterator<cutlass::MatrixShape<int=128, int=8>, float, cutlass::layout::RowMajor, int=1, cutlass::transform::PitchLinearStripminedThreadMap<cutlass::layout::PitchLinearShape<int=8, int=128>, int=256, int=1>, int=1>, cutlass::transform::threadblock::RegularTileIterator<cutlass::MatrixShape<int=128, int=8>, float, cutlass::layout::ColumnMajor, int=1, cutlass::transform::TransposePitchLinearThreadMapSimt<cutlass::transform::PitchLinearStripminedThreadMap<cutlass::layout::PitchLinearShape<int=8, int=128>, int=256, int=1>>, int=4>, cutlass::transform::threadblock::PredicatedTileIterator<cutlass::MatrixShape<int=8, int=128>, float, cutlass::layout::RowMajor, int=0, cutlass::transform::PitchLinearStripminedThreadMap<cutlass::layout::PitchLinearShape<int=128, int=8>, int=256, int=1>, int=1>, cutlass::transform::threadblock::RegularTileIterator<cutlass::MatrixShape<int=8, int=128>, float, cutlass::layout::RowMajor, int=0, cutlass::transform::PitchLinearStripminedThreadMap<cutlass::layout::PitchLinearShape<int=128, int=8>, int=256, int=1>, int=4>, float, cutlass::layout::RowMajor, cutlass::gemm::threadblock::MmaPolicy<cutlass::gemm::warp::MmaSimt<cutlass::gemm::GemmShape<int=32, int=64, int=8>, float, cutlass::layout::ColumnMajor, float, cutlass::layout::RowMajor, float, cutlass::layout::RowMajor, cutlass::gemm::warp::MmaSimtPolicy<cutlass::MatrixShape<int=4, int=8>, cutlass::layout::RowMajorInterleaved<int=2>, cutlass::gemm::GemmShape<int=4, int=4, int=1>>, int=1, bool>, cutlass::MatrixShape<int=4, int=0>, cutlass::MatrixShape<int=0, int=0>, int=1>, cutlass::NumericArrayConverter<float, float, int=4, cutlass::FloatRoundStyle>, cutlass::NumericArrayConverter<float, float, int=4, cutlass::FloatRoundStyle>, bool>, cutlass::epilogue::threadblock::Epilogue<cutlass::gemm::GemmShape<int=128, int=128, int=8>, cutlass::gemm::warp::MmaSimt<cutlass::gemm::GemmShape<int=32, int=64, int=8>, float, cutlass::layout::ColumnMajor, float, cutlass::layout::RowMajor, float, cutlass::layout::RowMajor, cutlass::gemm::warp::MmaSimtPolicy<cutlass::MatrixShape<int=4, int=8>, cutlass::layout::RowMajorInterleaved<int=2>, cutlass::gemm::GemmShape<int=4, int=4, int=1>>, int=1, bool>, int=1, cutlass::epilogue::threadblock::PredicatedTileIterator<cutlass::epilogue::threadblock::OutputTileOptimalThreadMap<cutlass::epilogue::threadblock::OutputTileShape<int=128, int=1, int=4, int=4, int=1>, cutlass::epilogue::threadblock::OutputTileShape<int=1, int=4, int=2, int=1, int=8>, int=256, int=1, int=32>, float>, cutlass::epilogue::warp::FragmentIteratorSimt<cutlass::gemm::GemmShape<int=32, int=64, int=8>, cutlass::gemm::thread::Mma<cutlass::gemm::GemmShape<int=8, int=8, int=1>, float, cutlass::layout::ColumnMajor, float, cutlass::layout::RowMajor, float, cutlass::layout::RowMajor, cutlass::arch::OpMultiplyAdd, bool>, cutlass::layout::RowMajor, cutlass::gemm::warp::MmaSimtPolicy<cutlass::MatrixShape<int=4, int=8>, cutlass::layout::RowMajorInterleaved<int=2>, cutlass::gemm::GemmShape<int=4, int=4, int=1>>>, cutlass::epilogue::warp::TileIteratorSimt<cutlass::gemm::GemmShape<int=32, int=64, int=8>, cutlass::gemm::thread::Mma<cutlass::gemm::GemmShape<int=8, int=8, int=1>, float, cutlass::layout::ColumnMajor, float, cutlass::layout::RowMajor, float, cutlass::layout::RowMajor, cutlass::arch::OpMultiplyAdd, bool>, float, cutlass::layout::RowMajor, cutlass::gemm::warp::MmaSimtPolicy<cutlass::MatrixShape<int=4, int=8>, cutlass::layout::RowMajorInterleaved<int=2>, cutlass::gemm::GemmShape<int=4, int=4, int=1>>>, cutlass::epilogue::threadblock::SharedLoadIterator<cutlass::epilogue::threadblock::OutputTileOptimalThreadMap<cutlass::epilogue::threadblock::OutputTileShape<int=128, int=1, int=4, int=4, int=1>::CompactedThreadMap, cutlass::epilogue::threadblock::OutputTileShape<int=1, int=4, int=2, int=1, int=8>, int=256, int=1, int=32>, float, int=4>, cutlass::epilogue::thread::LinearCombination<float",26011
23.327694,0.001888,,,,,,,,,,112,56.573899,"Pageable","Device","Tesla V100-PCIE-32GB (0)","1","7","[CUDA memcpy HtoD]",26031
23.328321,0.019904,2048,1,1,384,1,1,16,0.000000,0.000000,,,,,"Tesla V100-PCIE-32GB (0)","1","7","void scal_kernel_val<double, double>(cublasScalParamsVal<double, double>)",26145
23.328762,91.726999,64,64,1,256,1,1,124,0.000000,16.250000,,,,,"Tesla V100-PCIE-32GB (0)","1","7","void cutlass::Kernel<cutlass::gemm::kernel::Gemm<cutlass::gemm::threadblock::MmaPipelined<cutlass::gemm::GemmShape<int=128, int=128, int=8>, cutlass::transform::threadblock::PredicatedTileIterator<cutlass::MatrixShape<int=128, int=8>, float, cutlass::layout::RowMajor, int=1, cutlass::transform::PitchLinearStripminedThreadMap<cutlass::layout::PitchLinearShape<int=8, int=128>, int=256, int=1>, int=1>, cutlass::transform::threadblock::RegularTileIterator<cutlass::MatrixShape<int=128, int=8>, float, cutlass::layout::ColumnMajor, int=1, cutlass::transform::TransposePitchLinearThreadMapSimt<cutlass::transform::PitchLinearStripminedThreadMap<cutlass::layout::PitchLinearShape<int=8, int=128>, int=256, int=1>>, int=4>, cutlass::transform::threadblock::PredicatedTileIterator<cutlass::MatrixShape<int=8, int=128>, float, cutlass::layout::RowMajor, int=0, cutlass::transform::PitchLinearStripminedThreadMap<cutlass::layout::PitchLinearShape<int=128, int=8>, int=256, int=1>, int=1>, cutlass::transform::threadblock::RegularTileIterator<cutlass::MatrixShape<int=8, int=128>, float, cutlass::layout::RowMajor, int=0, cutlass::transform::PitchLinearStripminedThreadMap<cutlass::layout::PitchLinearShape<int=128, int=8>, int=256, int=1>, int=4>, float, cutlass::layout::RowMajor, cutlass::gemm::threadblock::MmaPolicy<cutlass::gemm::warp::MmaSimt<cutlass::gemm::GemmShape<int=32, int=64, int=8>, float, cutlass::layout::ColumnMajor, float, cutlass::layout::RowMajor, float, cutlass::layout::RowMajor, cutlass::gemm::warp::MmaSimtPolicy<cutlass::MatrixShape<int=4, int=8>, cutlass::layout::RowMajorInterleaved<int=2>, cutlass::gemm::GemmShape<int=4, int=4, int=1>>, int=1, bool>, cutlass::MatrixShape<int=4, int=0>, cutlass::MatrixShape<int=0, int=0>, int=1>, cutlass::NumericArrayConverter<float, float, int=4, cutlass::FloatRoundStyle>, cutlass::NumericArrayConverter<float, float, int=4, cutlass::FloatRoundStyle>, bool>, cutlass::epilogue::threadblock::Epilogue<cutlass::gemm::GemmShape<int=128, int=128, int=8>, cutlass::gemm::warp::MmaSimt<cutlass::gemm::GemmShape<int=32, int=64, int=8>, float, cutlass::layout::ColumnMajor, float, cutlass::layout::RowMajor, float, cutlass::layout::RowMajor, cutlass::gemm::warp::MmaSimtPolicy<cutlass::MatrixShape<int=4, int=8>, cutlass::layout::RowMajorInterleaved<int=2>, cutlass::gemm::GemmShape<int=4, int=4, int=1>>, int=1, bool>, int=1, cutlass::epilogue::threadblock::PredicatedTileIterator<cutlass::epilogue::threadblock::OutputTileOptimalThreadMap<cutlass::epilogue::threadblock::OutputTileShape<int=128, int=1, int=4, int=4, int=1>, cutlass::epilogue::threadblock::OutputTileShape<int=1, int=4, int=2, int=1, int=8>, int=256, int=1, int=32>, float>, cutlass::epilogue::warp::FragmentIteratorSimt<cutlass::gemm::GemmShape<int=32, int=64, int=8>, cutlass::gemm::thread::Mma<cutlass::gemm::GemmShape<int=8, int=8, int=1>, float, cutlass::layout::ColumnMajor, float, cutlass::layout::RowMajor, float, cutlass::layout::RowMajor, cutlass::arch::OpMultiplyAdd, bool>, cutlass::layout::RowMajor, cutlass::gemm::warp::MmaSimtPolicy<cutlass::MatrixShape<int=4, int=8>, cutlass::layout::RowMajorInterleaved<int=2>, cutlass::gemm::GemmShape<int=4, int=4, int=1>>>, cutlass::epilogue::warp::TileIteratorSimt<cutlass::gemm::GemmShape<int=32, int=64, int=8>, cutlass::gemm::thread::Mma<cutlass::gemm::GemmShape<int=8, int=8, int=1>, float, cutlass::layout::ColumnMajor, float, cutlass::layout::RowMajor, float, cutlass::layout::RowMajor, cutlass::arch::OpMultiplyAdd, bool>, float, cutlass::layout::RowMajor, cutlass::gemm::warp::MmaSimtPolicy<cutlass::MatrixShape<int=4, int=8>, cutlass::layout::RowMajorInterleaved<int=2>, cutlass::gemm::GemmShape<int=4, int=4, int=1>>>, cutlass::epilogue::threadblock::SharedLoadIterator<cutlass::epilogue::threadblock::OutputTileOptimalThreadMap<cutlass::epilogue::threadblock::OutputTileShape<int=128, int=1, int=4, int=4, int=1>::CompactedThreadMap, cutlass::epilogue::threadblock::OutputTileShape<int=1, int=4, int=2, int=1, int=8>, int=256, int=1, int=32>, float, int=4>, cutlass::epilogue::thread::LinearCombination<float",26174
23.420497,0.001888,,,,,,,,,,112,56.573899,"Pageable","Device","Tesla V100-PCIE-32GB (0)","1","7","[CUDA memcpy HtoD]",26194
23.421136,0.019840,2048,1,1,384,1,1,16,0.000000,0.000000,,,,,"Tesla V100-PCIE-32GB (0)","1","7","void scal_kernel_val<double, double>(cublasScalParamsVal<double, double>)",26308
23.421581,91.752342,64,64,1,256,1,1,124,0.000000,16.250000,,,,,"Tesla V100-PCIE-32GB (0)","1","7","void cutlass::Kernel<cutlass::gemm::kernel::Gemm<cutlass::gemm::threadblock::MmaPipelined<cutlass::gemm::GemmShape<int=128, int=128, int=8>, cutlass::transform::threadblock::PredicatedTileIterator<cutlass::MatrixShape<int=128, int=8>, float, cutlass::layout::RowMajor, int=1, cutlass::transform::PitchLinearStripminedThreadMap<cutlass::layout::PitchLinearShape<int=8, int=128>, int=256, int=1>, int=1>, cutlass::transform::threadblock::RegularTileIterator<cutlass::MatrixShape<int=128, int=8>, float, cutlass::layout::ColumnMajor, int=1, cutlass::transform::TransposePitchLinearThreadMapSimt<cutlass::transform::PitchLinearStripminedThreadMap<cutlass::layout::PitchLinearShape<int=8, int=128>, int=256, int=1>>, int=4>, cutlass::transform::threadblock::PredicatedTileIterator<cutlass::MatrixShape<int=8, int=128>, float, cutlass::layout::RowMajor, int=0, cutlass::transform::PitchLinearStripminedThreadMap<cutlass::layout::PitchLinearShape<int=128, int=8>, int=256, int=1>, int=1>, cutlass::transform::threadblock::RegularTileIterator<cutlass::MatrixShape<int=8, int=128>, float, cutlass::layout::RowMajor, int=0, cutlass::transform::PitchLinearStripminedThreadMap<cutlass::layout::PitchLinearShape<int=128, int=8>, int=256, int=1>, int=4>, float, cutlass::layout::RowMajor, cutlass::gemm::threadblock::MmaPolicy<cutlass::gemm::warp::MmaSimt<cutlass::gemm::GemmShape<int=32, int=64, int=8>, float, cutlass::layout::ColumnMajor, float, cutlass::layout::RowMajor, float, cutlass::layout::RowMajor, cutlass::gemm::warp::MmaSimtPolicy<cutlass::MatrixShape<int=4, int=8>, cutlass::layout::RowMajorInterleaved<int=2>, cutlass::gemm::GemmShape<int=4, int=4, int=1>>, int=1, bool>, cutlass::MatrixShape<int=4, int=0>, cutlass::MatrixShape<int=0, int=0>, int=1>, cutlass::NumericArrayConverter<float, float, int=4, cutlass::FloatRoundStyle>, cutlass::NumericArrayConverter<float, float, int=4, cutlass::FloatRoundStyle>, bool>, cutlass::epilogue::threadblock::Epilogue<cutlass::gemm::GemmShape<int=128, int=128, int=8>, cutlass::gemm::warp::MmaSimt<cutlass::gemm::GemmShape<int=32, int=64, int=8>, float, cutlass::layout::ColumnMajor, float, cutlass::layout::RowMajor, float, cutlass::layout::RowMajor, cutlass::gemm::warp::MmaSimtPolicy<cutlass::MatrixShape<int=4, int=8>, cutlass::layout::RowMajorInterleaved<int=2>, cutlass::gemm::GemmShape<int=4, int=4, int=1>>, int=1, bool>, int=1, cutlass::epilogue::threadblock::PredicatedTileIterator<cutlass::epilogue::threadblock::OutputTileOptimalThreadMap<cutlass::epilogue::threadblock::OutputTileShape<int=128, int=1, int=4, int=4, int=1>, cutlass::epilogue::threadblock::OutputTileShape<int=1, int=4, int=2, int=1, int=8>, int=256, int=1, int=32>, float>, cutlass::epilogue::warp::FragmentIteratorSimt<cutlass::gemm::GemmShape<int=32, int=64, int=8>, cutlass::gemm::thread::Mma<cutlass::gemm::GemmShape<int=8, int=8, int=1>, float, cutlass::layout::ColumnMajor, float, cutlass::layout::RowMajor, float, cutlass::layout::RowMajor, cutlass::arch::OpMultiplyAdd, bool>, cutlass::layout::RowMajor, cutlass::gemm::warp::MmaSimtPolicy<cutlass::MatrixShape<int=4, int=8>, cutlass::layout::RowMajorInterleaved<int=2>, cutlass::gemm::GemmShape<int=4, int=4, int=1>>>, cutlass::epilogue::warp::TileIteratorSimt<cutlass::gemm::GemmShape<int=32, int=64, int=8>, cutlass::gemm::thread::Mma<cutlass::gemm::GemmShape<int=8, int=8, int=1>, float, cutlass::layout::ColumnMajor, float, cutlass::layout::RowMajor, float, cutlass::layout::RowMajor, cutlass::arch::OpMultiplyAdd, bool>, float, cutlass::layout::RowMajor, cutlass::gemm::warp::MmaSimtPolicy<cutlass::MatrixShape<int=4, int=8>, cutlass::layout::RowMajorInterleaved<int=2>, cutlass::gemm::GemmShape<int=4, int=4, int=1>>>, cutlass::epilogue::threadblock::SharedLoadIterator<cutlass::epilogue::threadblock::OutputTileOptimalThreadMap<cutlass::epilogue::threadblock::OutputTileShape<int=128, int=1, int=4, int=4, int=1>::CompactedThreadMap, cutlass::epilogue::threadblock::OutputTileShape<int=1, int=4, int=2, int=1, int=8>, int=256, int=1, int=32>, float, int=4>, cutlass::epilogue::thread::LinearCombination<float",26337
23.513342,0.001888,,,,,,,,,,112,56.573899,"Pageable","Device","Tesla V100-PCIE-32GB (0)","1","7","[CUDA memcpy HtoD]",26357
23.513976,0.019679,2048,1,1,384,1,1,16,0.000000,0.000000,,,,,"Tesla V100-PCIE-32GB (0)","1","7","void scal_kernel_val<double, double>(cublasScalParamsVal<double, double>)",26471
23.514412,91.729719,64,64,1,256,1,1,124,0.000000,16.250000,,,,,"Tesla V100-PCIE-32GB (0)","1","7","void cutlass::Kernel<cutlass::gemm::kernel::Gemm<cutlass::gemm::threadblock::MmaPipelined<cutlass::gemm::GemmShape<int=128, int=128, int=8>, cutlass::transform::threadblock::PredicatedTileIterator<cutlass::MatrixShape<int=128, int=8>, float, cutlass::layout::RowMajor, int=1, cutlass::transform::PitchLinearStripminedThreadMap<cutlass::layout::PitchLinearShape<int=8, int=128>, int=256, int=1>, int=1>, cutlass::transform::threadblock::RegularTileIterator<cutlass::MatrixShape<int=128, int=8>, float, cutlass::layout::ColumnMajor, int=1, cutlass::transform::TransposePitchLinearThreadMapSimt<cutlass::transform::PitchLinearStripminedThreadMap<cutlass::layout::PitchLinearShape<int=8, int=128>, int=256, int=1>>, int=4>, cutlass::transform::threadblock::PredicatedTileIterator<cutlass::MatrixShape<int=8, int=128>, float, cutlass::layout::RowMajor, int=0, cutlass::transform::PitchLinearStripminedThreadMap<cutlass::layout::PitchLinearShape<int=128, int=8>, int=256, int=1>, int=1>, cutlass::transform::threadblock::RegularTileIterator<cutlass::MatrixShape<int=8, int=128>, float, cutlass::layout::RowMajor, int=0, cutlass::transform::PitchLinearStripminedThreadMap<cutlass::layout::PitchLinearShape<int=128, int=8>, int=256, int=1>, int=4>, float, cutlass::layout::RowMajor, cutlass::gemm::threadblock::MmaPolicy<cutlass::gemm::warp::MmaSimt<cutlass::gemm::GemmShape<int=32, int=64, int=8>, float, cutlass::layout::ColumnMajor, float, cutlass::layout::RowMajor, float, cutlass::layout::RowMajor, cutlass::gemm::warp::MmaSimtPolicy<cutlass::MatrixShape<int=4, int=8>, cutlass::layout::RowMajorInterleaved<int=2>, cutlass::gemm::GemmShape<int=4, int=4, int=1>>, int=1, bool>, cutlass::MatrixShape<int=4, int=0>, cutlass::MatrixShape<int=0, int=0>, int=1>, cutlass::NumericArrayConverter<float, float, int=4, cutlass::FloatRoundStyle>, cutlass::NumericArrayConverter<float, float, int=4, cutlass::FloatRoundStyle>, bool>, cutlass::epilogue::threadblock::Epilogue<cutlass::gemm::GemmShape<int=128, int=128, int=8>, cutlass::gemm::warp::MmaSimt<cutlass::gemm::GemmShape<int=32, int=64, int=8>, float, cutlass::layout::ColumnMajor, float, cutlass::layout::RowMajor, float, cutlass::layout::RowMajor, cutlass::gemm::warp::MmaSimtPolicy<cutlass::MatrixShape<int=4, int=8>, cutlass::layout::RowMajorInterleaved<int=2>, cutlass::gemm::GemmShape<int=4, int=4, int=1>>, int=1, bool>, int=1, cutlass::epilogue::threadblock::PredicatedTileIterator<cutlass::epilogue::threadblock::OutputTileOptimalThreadMap<cutlass::epilogue::threadblock::OutputTileShape<int=128, int=1, int=4, int=4, int=1>, cutlass::epilogue::threadblock::OutputTileShape<int=1, int=4, int=2, int=1, int=8>, int=256, int=1, int=32>, float>, cutlass::epilogue::warp::FragmentIteratorSimt<cutlass::gemm::GemmShape<int=32, int=64, int=8>, cutlass::gemm::thread::Mma<cutlass::gemm::GemmShape<int=8, int=8, int=1>, float, cutlass::layout::ColumnMajor, float, cutlass::layout::RowMajor, float, cutlass::layout::RowMajor, cutlass::arch::OpMultiplyAdd, bool>, cutlass::layout::RowMajor, cutlass::gemm::warp::MmaSimtPolicy<cutlass::MatrixShape<int=4, int=8>, cutlass::layout::RowMajorInterleaved<int=2>, cutlass::gemm::GemmShape<int=4, int=4, int=1>>>, cutlass::epilogue::warp::TileIteratorSimt<cutlass::gemm::GemmShape<int=32, int=64, int=8>, cutlass::gemm::thread::Mma<cutlass::gemm::GemmShape<int=8, int=8, int=1>, float, cutlass::layout::ColumnMajor, float, cutlass::layout::RowMajor, float, cutlass::layout::RowMajor, cutlass::arch::OpMultiplyAdd, bool>, float, cutlass::layout::RowMajor, cutlass::gemm::warp::MmaSimtPolicy<cutlass::MatrixShape<int=4, int=8>, cutlass::layout::RowMajorInterleaved<int=2>, cutlass::gemm::GemmShape<int=4, int=4, int=1>>>, cutlass::epilogue::threadblock::SharedLoadIterator<cutlass::epilogue::threadblock::OutputTileOptimalThreadMap<cutlass::epilogue::threadblock::OutputTileShape<int=128, int=1, int=4, int=4, int=1>::CompactedThreadMap, cutlass::epilogue::threadblock::OutputTileShape<int=1, int=4, int=2, int=1, int=8>, int=256, int=1, int=32>, float, int=4>, cutlass::epilogue::thread::LinearCombination<float",26500
23.606150,0.001888,,,,,,,,,,112,56.573899,"Pageable","Device","Tesla V100-PCIE-32GB (0)","1","7","[CUDA memcpy HtoD]",26520
23.606785,0.019744,2048,1,1,384,1,1,16,0.000000,0.000000,,,,,"Tesla V100-PCIE-32GB (0)","1","7","void scal_kernel_val<double, double>(cublasScalParamsVal<double, double>)",26634
23.607215,91.738135,64,64,1,256,1,1,124,0.000000,16.250000,,,,,"Tesla V100-PCIE-32GB (0)","1","7","void cutlass::Kernel<cutlass::gemm::kernel::Gemm<cutlass::gemm::threadblock::MmaPipelined<cutlass::gemm::GemmShape<int=128, int=128, int=8>, cutlass::transform::threadblock::PredicatedTileIterator<cutlass::MatrixShape<int=128, int=8>, float, cutlass::layout::RowMajor, int=1, cutlass::transform::PitchLinearStripminedThreadMap<cutlass::layout::PitchLinearShape<int=8, int=128>, int=256, int=1>, int=1>, cutlass::transform::threadblock::RegularTileIterator<cutlass::MatrixShape<int=128, int=8>, float, cutlass::layout::ColumnMajor, int=1, cutlass::transform::TransposePitchLinearThreadMapSimt<cutlass::transform::PitchLinearStripminedThreadMap<cutlass::layout::PitchLinearShape<int=8, int=128>, int=256, int=1>>, int=4>, cutlass::transform::threadblock::PredicatedTileIterator<cutlass::MatrixShape<int=8, int=128>, float, cutlass::layout::RowMajor, int=0, cutlass::transform::PitchLinearStripminedThreadMap<cutlass::layout::PitchLinearShape<int=128, int=8>, int=256, int=1>, int=1>, cutlass::transform::threadblock::RegularTileIterator<cutlass::MatrixShape<int=8, int=128>, float, cutlass::layout::RowMajor, int=0, cutlass::transform::PitchLinearStripminedThreadMap<cutlass::layout::PitchLinearShape<int=128, int=8>, int=256, int=1>, int=4>, float, cutlass::layout::RowMajor, cutlass::gemm::threadblock::MmaPolicy<cutlass::gemm::warp::MmaSimt<cutlass::gemm::GemmShape<int=32, int=64, int=8>, float, cutlass::layout::ColumnMajor, float, cutlass::layout::RowMajor, float, cutlass::layout::RowMajor, cutlass::gemm::warp::MmaSimtPolicy<cutlass::MatrixShape<int=4, int=8>, cutlass::layout::RowMajorInterleaved<int=2>, cutlass::gemm::GemmShape<int=4, int=4, int=1>>, int=1, bool>, cutlass::MatrixShape<int=4, int=0>, cutlass::MatrixShape<int=0, int=0>, int=1>, cutlass::NumericArrayConverter<float, float, int=4, cutlass::FloatRoundStyle>, cutlass::NumericArrayConverter<float, float, int=4, cutlass::FloatRoundStyle>, bool>, cutlass::epilogue::threadblock::Epilogue<cutlass::gemm::GemmShape<int=128, int=128, int=8>, cutlass::gemm::warp::MmaSimt<cutlass::gemm::GemmShape<int=32, int=64, int=8>, float, cutlass::layout::ColumnMajor, float, cutlass::layout::RowMajor, float, cutlass::layout::RowMajor, cutlass::gemm::warp::MmaSimtPolicy<cutlass::MatrixShape<int=4, int=8>, cutlass::layout::RowMajorInterleaved<int=2>, cutlass::gemm::GemmShape<int=4, int=4, int=1>>, int=1, bool>, int=1, cutlass::epilogue::threadblock::PredicatedTileIterator<cutlass::epilogue::threadblock::OutputTileOptimalThreadMap<cutlass::epilogue::threadblock::OutputTileShape<int=128, int=1, int=4, int=4, int=1>, cutlass::epilogue::threadblock::OutputTileShape<int=1, int=4, int=2, int=1, int=8>, int=256, int=1, int=32>, float>, cutlass::epilogue::warp::FragmentIteratorSimt<cutlass::gemm::GemmShape<int=32, int=64, int=8>, cutlass::gemm::thread::Mma<cutlass::gemm::GemmShape<int=8, int=8, int=1>, float, cutlass::layout::ColumnMajor, float, cutlass::layout::RowMajor, float, cutlass::layout::RowMajor, cutlass::arch::OpMultiplyAdd, bool>, cutlass::layout::RowMajor, cutlass::gemm::warp::MmaSimtPolicy<cutlass::MatrixShape<int=4, int=8>, cutlass::layout::RowMajorInterleaved<int=2>, cutlass::gemm::GemmShape<int=4, int=4, int=1>>>, cutlass::epilogue::warp::TileIteratorSimt<cutlass::gemm::GemmShape<int=32, int=64, int=8>, cutlass::gemm::thread::Mma<cutlass::gemm::GemmShape<int=8, int=8, int=1>, float, cutlass::layout::ColumnMajor, float, cutlass::layout::RowMajor, float, cutlass::layout::RowMajor, cutlass::arch::OpMultiplyAdd, bool>, float, cutlass::layout::RowMajor, cutlass::gemm::warp::MmaSimtPolicy<cutlass::MatrixShape<int=4, int=8>, cutlass::layout::RowMajorInterleaved<int=2>, cutlass::gemm::GemmShape<int=4, int=4, int=1>>>, cutlass::epilogue::threadblock::SharedLoadIterator<cutlass::epilogue::threadblock::OutputTileOptimalThreadMap<cutlass::epilogue::threadblock::OutputTileShape<int=128, int=1, int=4, int=4, int=1>::CompactedThreadMap, cutlass::epilogue::threadblock::OutputTileShape<int=1, int=4, int=2, int=1, int=8>, int=256, int=1, int=32>, float, int=4>, cutlass::epilogue::thread::LinearCombination<float",26663
23.698962,0.001888,,,,,,,,,,112,56.573899,"Pageable","Device","Tesla V100-PCIE-32GB (0)","1","7","[CUDA memcpy HtoD]",26683
23.699597,0.019744,2048,1,1,384,1,1,16,0.000000,0.000000,,,,,"Tesla V100-PCIE-32GB (0)","1","7","void scal_kernel_val<double, double>(cublasScalParamsVal<double, double>)",26797
23.700030,91.734742,64,64,1,256,1,1,124,0.000000,16.250000,,,,,"Tesla V100-PCIE-32GB (0)","1","7","void cutlass::Kernel<cutlass::gemm::kernel::Gemm<cutlass::gemm::threadblock::MmaPipelined<cutlass::gemm::GemmShape<int=128, int=128, int=8>, cutlass::transform::threadblock::PredicatedTileIterator<cutlass::MatrixShape<int=128, int=8>, float, cutlass::layout::RowMajor, int=1, cutlass::transform::PitchLinearStripminedThreadMap<cutlass::layout::PitchLinearShape<int=8, int=128>, int=256, int=1>, int=1>, cutlass::transform::threadblock::RegularTileIterator<cutlass::MatrixShape<int=128, int=8>, float, cutlass::layout::ColumnMajor, int=1, cutlass::transform::TransposePitchLinearThreadMapSimt<cutlass::transform::PitchLinearStripminedThreadMap<cutlass::layout::PitchLinearShape<int=8, int=128>, int=256, int=1>>, int=4>, cutlass::transform::threadblock::PredicatedTileIterator<cutlass::MatrixShape<int=8, int=128>, float, cutlass::layout::RowMajor, int=0, cutlass::transform::PitchLinearStripminedThreadMap<cutlass::layout::PitchLinearShape<int=128, int=8>, int=256, int=1>, int=1>, cutlass::transform::threadblock::RegularTileIterator<cutlass::MatrixShape<int=8, int=128>, float, cutlass::layout::RowMajor, int=0, cutlass::transform::PitchLinearStripminedThreadMap<cutlass::layout::PitchLinearShape<int=128, int=8>, int=256, int=1>, int=4>, float, cutlass::layout::RowMajor, cutlass::gemm::threadblock::MmaPolicy<cutlass::gemm::warp::MmaSimt<cutlass::gemm::GemmShape<int=32, int=64, int=8>, float, cutlass::layout::ColumnMajor, float, cutlass::layout::RowMajor, float, cutlass::layout::RowMajor, cutlass::gemm::warp::MmaSimtPolicy<cutlass::MatrixShape<int=4, int=8>, cutlass::layout::RowMajorInterleaved<int=2>, cutlass::gemm::GemmShape<int=4, int=4, int=1>>, int=1, bool>, cutlass::MatrixShape<int=4, int=0>, cutlass::MatrixShape<int=0, int=0>, int=1>, cutlass::NumericArrayConverter<float, float, int=4, cutlass::FloatRoundStyle>, cutlass::NumericArrayConverter<float, float, int=4, cutlass::FloatRoundStyle>, bool>, cutlass::epilogue::threadblock::Epilogue<cutlass::gemm::GemmShape<int=128, int=128, int=8>, cutlass::gemm::warp::MmaSimt<cutlass::gemm::GemmShape<int=32, int=64, int=8>, float, cutlass::layout::ColumnMajor, float, cutlass::layout::RowMajor, float, cutlass::layout::RowMajor, cutlass::gemm::warp::MmaSimtPolicy<cutlass::MatrixShape<int=4, int=8>, cutlass::layout::RowMajorInterleaved<int=2>, cutlass::gemm::GemmShape<int=4, int=4, int=1>>, int=1, bool>, int=1, cutlass::epilogue::threadblock::PredicatedTileIterator<cutlass::epilogue::threadblock::OutputTileOptimalThreadMap<cutlass::epilogue::threadblock::OutputTileShape<int=128, int=1, int=4, int=4, int=1>, cutlass::epilogue::threadblock::OutputTileShape<int=1, int=4, int=2, int=1, int=8>, int=256, int=1, int=32>, float>, cutlass::epilogue::warp::FragmentIteratorSimt<cutlass::gemm::GemmShape<int=32, int=64, int=8>, cutlass::gemm::thread::Mma<cutlass::gemm::GemmShape<int=8, int=8, int=1>, float, cutlass::layout::ColumnMajor, float, cutlass::layout::RowMajor, float, cutlass::layout::RowMajor, cutlass::arch::OpMultiplyAdd, bool>, cutlass::layout::RowMajor, cutlass::gemm::warp::MmaSimtPolicy<cutlass::MatrixShape<int=4, int=8>, cutlass::layout::RowMajorInterleaved<int=2>, cutlass::gemm::GemmShape<int=4, int=4, int=1>>>, cutlass::epilogue::warp::TileIteratorSimt<cutlass::gemm::GemmShape<int=32, int=64, int=8>, cutlass::gemm::thread::Mma<cutlass::gemm::GemmShape<int=8, int=8, int=1>, float, cutlass::layout::ColumnMajor, float, cutlass::layout::RowMajor, float, cutlass::layout::RowMajor, cutlass::arch::OpMultiplyAdd, bool>, float, cutlass::layout::RowMajor, cutlass::gemm::warp::MmaSimtPolicy<cutlass::MatrixShape<int=4, int=8>, cutlass::layout::RowMajorInterleaved<int=2>, cutlass::gemm::GemmShape<int=4, int=4, int=1>>>, cutlass::epilogue::threadblock::SharedLoadIterator<cutlass::epilogue::threadblock::OutputTileOptimalThreadMap<cutlass::epilogue::threadblock::OutputTileShape<int=128, int=1, int=4, int=4, int=1>::CompactedThreadMap, cutlass::epilogue::threadblock::OutputTileShape<int=1, int=4, int=2, int=1, int=8>, int=256, int=1, int=32>, float, int=4>, cutlass::epilogue::thread::LinearCombination<float",26826
23.791773,0.001856,,,,,,,,,,112,57.549312,"Pageable","Device","Tesla V100-PCIE-32GB (0)","1","7","[CUDA memcpy HtoD]",26846
23.792400,0.018368,2048,1,1,384,1,1,16,0.000000,0.000000,,,,,"Tesla V100-PCIE-32GB (0)","1","7","void scal_kernel_val<double, double>(cublasScalParamsVal<double, double>)",26960
23.792836,91.720502,64,64,1,256,1,1,124,0.000000,16.250000,,,,,"Tesla V100-PCIE-32GB (0)","1","7","void cutlass::Kernel<cutlass::gemm::kernel::Gemm<cutlass::gemm::threadblock::MmaPipelined<cutlass::gemm::GemmShape<int=128, int=128, int=8>, cutlass::transform::threadblock::PredicatedTileIterator<cutlass::MatrixShape<int=128, int=8>, float, cutlass::layout::RowMajor, int=1, cutlass::transform::PitchLinearStripminedThreadMap<cutlass::layout::PitchLinearShape<int=8, int=128>, int=256, int=1>, int=1>, cutlass::transform::threadblock::RegularTileIterator<cutlass::MatrixShape<int=128, int=8>, float, cutlass::layout::ColumnMajor, int=1, cutlass::transform::TransposePitchLinearThreadMapSimt<cutlass::transform::PitchLinearStripminedThreadMap<cutlass::layout::PitchLinearShape<int=8, int=128>, int=256, int=1>>, int=4>, cutlass::transform::threadblock::PredicatedTileIterator<cutlass::MatrixShape<int=8, int=128>, float, cutlass::layout::RowMajor, int=0, cutlass::transform::PitchLinearStripminedThreadMap<cutlass::layout::PitchLinearShape<int=128, int=8>, int=256, int=1>, int=1>, cutlass::transform::threadblock::RegularTileIterator<cutlass::MatrixShape<int=8, int=128>, float, cutlass::layout::RowMajor, int=0, cutlass::transform::PitchLinearStripminedThreadMap<cutlass::layout::PitchLinearShape<int=128, int=8>, int=256, int=1>, int=4>, float, cutlass::layout::RowMajor, cutlass::gemm::threadblock::MmaPolicy<cutlass::gemm::warp::MmaSimt<cutlass::gemm::GemmShape<int=32, int=64, int=8>, float, cutlass::layout::ColumnMajor, float, cutlass::layout::RowMajor, float, cutlass::layout::RowMajor, cutlass::gemm::warp::MmaSimtPolicy<cutlass::MatrixShape<int=4, int=8>, cutlass::layout::RowMajorInterleaved<int=2>, cutlass::gemm::GemmShape<int=4, int=4, int=1>>, int=1, bool>, cutlass::MatrixShape<int=4, int=0>, cutlass::MatrixShape<int=0, int=0>, int=1>, cutlass::NumericArrayConverter<float, float, int=4, cutlass::FloatRoundStyle>, cutlass::NumericArrayConverter<float, float, int=4, cutlass::FloatRoundStyle>, bool>, cutlass::epilogue::threadblock::Epilogue<cutlass::gemm::GemmShape<int=128, int=128, int=8>, cutlass::gemm::warp::MmaSimt<cutlass::gemm::GemmShape<int=32, int=64, int=8>, float, cutlass::layout::ColumnMajor, float, cutlass::layout::RowMajor, float, cutlass::layout::RowMajor, cutlass::gemm::warp::MmaSimtPolicy<cutlass::MatrixShape<int=4, int=8>, cutlass::layout::RowMajorInterleaved<int=2>, cutlass::gemm::GemmShape<int=4, int=4, int=1>>, int=1, bool>, int=1, cutlass::epilogue::threadblock::PredicatedTileIterator<cutlass::epilogue::threadblock::OutputTileOptimalThreadMap<cutlass::epilogue::threadblock::OutputTileShape<int=128, int=1, int=4, int=4, int=1>, cutlass::epilogue::threadblock::OutputTileShape<int=1, int=4, int=2, int=1, int=8>, int=256, int=1, int=32>, float>, cutlass::epilogue::warp::FragmentIteratorSimt<cutlass::gemm::GemmShape<int=32, int=64, int=8>, cutlass::gemm::thread::Mma<cutlass::gemm::GemmShape<int=8, int=8, int=1>, float, cutlass::layout::ColumnMajor, float, cutlass::layout::RowMajor, float, cutlass::layout::RowMajor, cutlass::arch::OpMultiplyAdd, bool>, cutlass::layout::RowMajor, cutlass::gemm::warp::MmaSimtPolicy<cutlass::MatrixShape<int=4, int=8>, cutlass::layout::RowMajorInterleaved<int=2>, cutlass::gemm::GemmShape<int=4, int=4, int=1>>>, cutlass::epilogue::warp::TileIteratorSimt<cutlass::gemm::GemmShape<int=32, int=64, int=8>, cutlass::gemm::thread::Mma<cutlass::gemm::GemmShape<int=8, int=8, int=1>, float, cutlass::layout::ColumnMajor, float, cutlass::layout::RowMajor, float, cutlass::layout::RowMajor, cutlass::arch::OpMultiplyAdd, bool>, float, cutlass::layout::RowMajor, cutlass::gemm::warp::MmaSimtPolicy<cutlass::MatrixShape<int=4, int=8>, cutlass::layout::RowMajorInterleaved<int=2>, cutlass::gemm::GemmShape<int=4, int=4, int=1>>>, cutlass::epilogue::threadblock::SharedLoadIterator<cutlass::epilogue::threadblock::OutputTileOptimalThreadMap<cutlass::epilogue::threadblock::OutputTileShape<int=128, int=1, int=4, int=4, int=1>::CompactedThreadMap, cutlass::epilogue::threadblock::OutputTileShape<int=1, int=4, int=2, int=1, int=8>, int=256, int=1, int=32>, float, int=4>, cutlass::epilogue::thread::LinearCombination<float",26989
23.884568,0.001888,,,,,,,,,,112,56.573899,"Pageable","Device","Tesla V100-PCIE-32GB (0)","1","7","[CUDA memcpy HtoD]",27009
23.885230,0.019711,2048,1,1,384,1,1,16,0.000000,0.000000,,,,,"Tesla V100-PCIE-32GB (0)","1","7","void scal_kernel_val<double, double>(cublasScalParamsVal<double, double>)",27123
23.886804,91.737303,64,64,1,256,1,1,124,0.000000,16.250000,,,,,"Tesla V100-PCIE-32GB (0)","1","7","void cutlass::Kernel<cutlass::gemm::kernel::Gemm<cutlass::gemm::threadblock::MmaPipelined<cutlass::gemm::GemmShape<int=128, int=128, int=8>, cutlass::transform::threadblock::PredicatedTileIterator<cutlass::MatrixShape<int=128, int=8>, float, cutlass::layout::RowMajor, int=1, cutlass::transform::PitchLinearStripminedThreadMap<cutlass::layout::PitchLinearShape<int=8, int=128>, int=256, int=1>, int=1>, cutlass::transform::threadblock::RegularTileIterator<cutlass::MatrixShape<int=128, int=8>, float, cutlass::layout::ColumnMajor, int=1, cutlass::transform::TransposePitchLinearThreadMapSimt<cutlass::transform::PitchLinearStripminedThreadMap<cutlass::layout::PitchLinearShape<int=8, int=128>, int=256, int=1>>, int=4>, cutlass::transform::threadblock::PredicatedTileIterator<cutlass::MatrixShape<int=8, int=128>, float, cutlass::layout::RowMajor, int=0, cutlass::transform::PitchLinearStripminedThreadMap<cutlass::layout::PitchLinearShape<int=128, int=8>, int=256, int=1>, int=1>, cutlass::transform::threadblock::RegularTileIterator<cutlass::MatrixShape<int=8, int=128>, float, cutlass::layout::RowMajor, int=0, cutlass::transform::PitchLinearStripminedThreadMap<cutlass::layout::PitchLinearShape<int=128, int=8>, int=256, int=1>, int=4>, float, cutlass::layout::RowMajor, cutlass::gemm::threadblock::MmaPolicy<cutlass::gemm::warp::MmaSimt<cutlass::gemm::GemmShape<int=32, int=64, int=8>, float, cutlass::layout::ColumnMajor, float, cutlass::layout::RowMajor, float, cutlass::layout::RowMajor, cutlass::gemm::warp::MmaSimtPolicy<cutlass::MatrixShape<int=4, int=8>, cutlass::layout::RowMajorInterleaved<int=2>, cutlass::gemm::GemmShape<int=4, int=4, int=1>>, int=1, bool>, cutlass::MatrixShape<int=4, int=0>, cutlass::MatrixShape<int=0, int=0>, int=1>, cutlass::NumericArrayConverter<float, float, int=4, cutlass::FloatRoundStyle>, cutlass::NumericArrayConverter<float, float, int=4, cutlass::FloatRoundStyle>, bool>, cutlass::epilogue::threadblock::Epilogue<cutlass::gemm::GemmShape<int=128, int=128, int=8>, cutlass::gemm::warp::MmaSimt<cutlass::gemm::GemmShape<int=32, int=64, int=8>, float, cutlass::layout::ColumnMajor, float, cutlass::layout::RowMajor, float, cutlass::layout::RowMajor, cutlass::gemm::warp::MmaSimtPolicy<cutlass::MatrixShape<int=4, int=8>, cutlass::layout::RowMajorInterleaved<int=2>, cutlass::gemm::GemmShape<int=4, int=4, int=1>>, int=1, bool>, int=1, cutlass::epilogue::threadblock::PredicatedTileIterator<cutlass::epilogue::threadblock::OutputTileOptimalThreadMap<cutlass::epilogue::threadblock::OutputTileShape<int=128, int=1, int=4, int=4, int=1>, cutlass::epilogue::threadblock::OutputTileShape<int=1, int=4, int=2, int=1, int=8>, int=256, int=1, int=32>, float>, cutlass::epilogue::warp::FragmentIteratorSimt<cutlass::gemm::GemmShape<int=32, int=64, int=8>, cutlass::gemm::thread::Mma<cutlass::gemm::GemmShape<int=8, int=8, int=1>, float, cutlass::layout::ColumnMajor, float, cutlass::layout::RowMajor, float, cutlass::layout::RowMajor, cutlass::arch::OpMultiplyAdd, bool>, cutlass::layout::RowMajor, cutlass::gemm::warp::MmaSimtPolicy<cutlass::MatrixShape<int=4, int=8>, cutlass::layout::RowMajorInterleaved<int=2>, cutlass::gemm::GemmShape<int=4, int=4, int=1>>>, cutlass::epilogue::warp::TileIteratorSimt<cutlass::gemm::GemmShape<int=32, int=64, int=8>, cutlass::gemm::thread::Mma<cutlass::gemm::GemmShape<int=8, int=8, int=1>, float, cutlass::layout::ColumnMajor, float, cutlass::layout::RowMajor, float, cutlass::layout::RowMajor, cutlass::arch::OpMultiplyAdd, bool>, float, cutlass::layout::RowMajor, cutlass::gemm::warp::MmaSimtPolicy<cutlass::MatrixShape<int=4, int=8>, cutlass::layout::RowMajorInterleaved<int=2>, cutlass::gemm::GemmShape<int=4, int=4, int=1>>>, cutlass::epilogue::threadblock::SharedLoadIterator<cutlass::epilogue::threadblock::OutputTileOptimalThreadMap<cutlass::epilogue::threadblock::OutputTileShape<int=128, int=1, int=4, int=4, int=1>::CompactedThreadMap, cutlass::epilogue::threadblock::OutputTileShape<int=1, int=4, int=2, int=1, int=8>, int=256, int=1, int=32>, float, int=4>, cutlass::epilogue::thread::LinearCombination<float",27152
23.978550,0.001920,,,,,,,,,,112,55.631001,"Pageable","Device","Tesla V100-PCIE-32GB (0)","1","7","[CUDA memcpy HtoD]",27172
23.979178,0.019808,2048,1,1,384,1,1,16,0.000000,0.000000,,,,,"Tesla V100-PCIE-32GB (0)","1","7","void scal_kernel_val<double, double>(cublasScalParamsVal<double, double>)",27286
23.979614,91.728791,64,64,1,256,1,1,124,0.000000,16.250000,,,,,"Tesla V100-PCIE-32GB (0)","1","7","void cutlass::Kernel<cutlass::gemm::kernel::Gemm<cutlass::gemm::threadblock::MmaPipelined<cutlass::gemm::GemmShape<int=128, int=128, int=8>, cutlass::transform::threadblock::PredicatedTileIterator<cutlass::MatrixShape<int=128, int=8>, float, cutlass::layout::RowMajor, int=1, cutlass::transform::PitchLinearStripminedThreadMap<cutlass::layout::PitchLinearShape<int=8, int=128>, int=256, int=1>, int=1>, cutlass::transform::threadblock::RegularTileIterator<cutlass::MatrixShape<int=128, int=8>, float, cutlass::layout::ColumnMajor, int=1, cutlass::transform::TransposePitchLinearThreadMapSimt<cutlass::transform::PitchLinearStripminedThreadMap<cutlass::layout::PitchLinearShape<int=8, int=128>, int=256, int=1>>, int=4>, cutlass::transform::threadblock::PredicatedTileIterator<cutlass::MatrixShape<int=8, int=128>, float, cutlass::layout::RowMajor, int=0, cutlass::transform::PitchLinearStripminedThreadMap<cutlass::layout::PitchLinearShape<int=128, int=8>, int=256, int=1>, int=1>, cutlass::transform::threadblock::RegularTileIterator<cutlass::MatrixShape<int=8, int=128>, float, cutlass::layout::RowMajor, int=0, cutlass::transform::PitchLinearStripminedThreadMap<cutlass::layout::PitchLinearShape<int=128, int=8>, int=256, int=1>, int=4>, float, cutlass::layout::RowMajor, cutlass::gemm::threadblock::MmaPolicy<cutlass::gemm::warp::MmaSimt<cutlass::gemm::GemmShape<int=32, int=64, int=8>, float, cutlass::layout::ColumnMajor, float, cutlass::layout::RowMajor, float, cutlass::layout::RowMajor, cutlass::gemm::warp::MmaSimtPolicy<cutlass::MatrixShape<int=4, int=8>, cutlass::layout::RowMajorInterleaved<int=2>, cutlass::gemm::GemmShape<int=4, int=4, int=1>>, int=1, bool>, cutlass::MatrixShape<int=4, int=0>, cutlass::MatrixShape<int=0, int=0>, int=1>, cutlass::NumericArrayConverter<float, float, int=4, cutlass::FloatRoundStyle>, cutlass::NumericArrayConverter<float, float, int=4, cutlass::FloatRoundStyle>, bool>, cutlass::epilogue::threadblock::Epilogue<cutlass::gemm::GemmShape<int=128, int=128, int=8>, cutlass::gemm::warp::MmaSimt<cutlass::gemm::GemmShape<int=32, int=64, int=8>, float, cutlass::layout::ColumnMajor, float, cutlass::layout::RowMajor, float, cutlass::layout::RowMajor, cutlass::gemm::warp::MmaSimtPolicy<cutlass::MatrixShape<int=4, int=8>, cutlass::layout::RowMajorInterleaved<int=2>, cutlass::gemm::GemmShape<int=4, int=4, int=1>>, int=1, bool>, int=1, cutlass::epilogue::threadblock::PredicatedTileIterator<cutlass::epilogue::threadblock::OutputTileOptimalThreadMap<cutlass::epilogue::threadblock::OutputTileShape<int=128, int=1, int=4, int=4, int=1>, cutlass::epilogue::threadblock::OutputTileShape<int=1, int=4, int=2, int=1, int=8>, int=256, int=1, int=32>, float>, cutlass::epilogue::warp::FragmentIteratorSimt<cutlass::gemm::GemmShape<int=32, int=64, int=8>, cutlass::gemm::thread::Mma<cutlass::gemm::GemmShape<int=8, int=8, int=1>, float, cutlass::layout::ColumnMajor, float, cutlass::layout::RowMajor, float, cutlass::layout::RowMajor, cutlass::arch::OpMultiplyAdd, bool>, cutlass::layout::RowMajor, cutlass::gemm::warp::MmaSimtPolicy<cutlass::MatrixShape<int=4, int=8>, cutlass::layout::RowMajorInterleaved<int=2>, cutlass::gemm::GemmShape<int=4, int=4, int=1>>>, cutlass::epilogue::warp::TileIteratorSimt<cutlass::gemm::GemmShape<int=32, int=64, int=8>, cutlass::gemm::thread::Mma<cutlass::gemm::GemmShape<int=8, int=8, int=1>, float, cutlass::layout::ColumnMajor, float, cutlass::layout::RowMajor, float, cutlass::layout::RowMajor, cutlass::arch::OpMultiplyAdd, bool>, float, cutlass::layout::RowMajor, cutlass::gemm::warp::MmaSimtPolicy<cutlass::MatrixShape<int=4, int=8>, cutlass::layout::RowMajorInterleaved<int=2>, cutlass::gemm::GemmShape<int=4, int=4, int=1>>>, cutlass::epilogue::threadblock::SharedLoadIterator<cutlass::epilogue::threadblock::OutputTileOptimalThreadMap<cutlass::epilogue::threadblock::OutputTileShape<int=128, int=1, int=4, int=4, int=1>::CompactedThreadMap, cutlass::epilogue::threadblock::OutputTileShape<int=1, int=4, int=2, int=1, int=8>, int=256, int=1, int=32>, float, int=4>, cutlass::epilogue::thread::LinearCombination<float",27315
24.071367,0.002144,,,,,,,,,,112,49.818807,"Pageable","Device","Tesla V100-PCIE-32GB (0)","1","7","[CUDA memcpy HtoD]",27335
24.072177,0.020064,2048,1,1,384,1,1,16,0.000000,0.000000,,,,,"Tesla V100-PCIE-32GB (0)","1","7","void scal_kernel_val<double, double>(cublasScalParamsVal<double, double>)",27449
24.072654,91.742007,64,64,1,256,1,1,124,0.000000,16.250000,,,,,"Tesla V100-PCIE-32GB (0)","1","7","void cutlass::Kernel<cutlass::gemm::kernel::Gemm<cutlass::gemm::threadblock::MmaPipelined<cutlass::gemm::GemmShape<int=128, int=128, int=8>, cutlass::transform::threadblock::PredicatedTileIterator<cutlass::MatrixShape<int=128, int=8>, float, cutlass::layout::RowMajor, int=1, cutlass::transform::PitchLinearStripminedThreadMap<cutlass::layout::PitchLinearShape<int=8, int=128>, int=256, int=1>, int=1>, cutlass::transform::threadblock::RegularTileIterator<cutlass::MatrixShape<int=128, int=8>, float, cutlass::layout::ColumnMajor, int=1, cutlass::transform::TransposePitchLinearThreadMapSimt<cutlass::transform::PitchLinearStripminedThreadMap<cutlass::layout::PitchLinearShape<int=8, int=128>, int=256, int=1>>, int=4>, cutlass::transform::threadblock::PredicatedTileIterator<cutlass::MatrixShape<int=8, int=128>, float, cutlass::layout::RowMajor, int=0, cutlass::transform::PitchLinearStripminedThreadMap<cutlass::layout::PitchLinearShape<int=128, int=8>, int=256, int=1>, int=1>, cutlass::transform::threadblock::RegularTileIterator<cutlass::MatrixShape<int=8, int=128>, float, cutlass::layout::RowMajor, int=0, cutlass::transform::PitchLinearStripminedThreadMap<cutlass::layout::PitchLinearShape<int=128, int=8>, int=256, int=1>, int=4>, float, cutlass::layout::RowMajor, cutlass::gemm::threadblock::MmaPolicy<cutlass::gemm::warp::MmaSimt<cutlass::gemm::GemmShape<int=32, int=64, int=8>, float, cutlass::layout::ColumnMajor, float, cutlass::layout::RowMajor, float, cutlass::layout::RowMajor, cutlass::gemm::warp::MmaSimtPolicy<cutlass::MatrixShape<int=4, int=8>, cutlass::layout::RowMajorInterleaved<int=2>, cutlass::gemm::GemmShape<int=4, int=4, int=1>>, int=1, bool>, cutlass::MatrixShape<int=4, int=0>, cutlass::MatrixShape<int=0, int=0>, int=1>, cutlass::NumericArrayConverter<float, float, int=4, cutlass::FloatRoundStyle>, cutlass::NumericArrayConverter<float, float, int=4, cutlass::FloatRoundStyle>, bool>, cutlass::epilogue::threadblock::Epilogue<cutlass::gemm::GemmShape<int=128, int=128, int=8>, cutlass::gemm::warp::MmaSimt<cutlass::gemm::GemmShape<int=32, int=64, int=8>, float, cutlass::layout::ColumnMajor, float, cutlass::layout::RowMajor, float, cutlass::layout::RowMajor, cutlass::gemm::warp::MmaSimtPolicy<cutlass::MatrixShape<int=4, int=8>, cutlass::layout::RowMajorInterleaved<int=2>, cutlass::gemm::GemmShape<int=4, int=4, int=1>>, int=1, bool>, int=1, cutlass::epilogue::threadblock::PredicatedTileIterator<cutlass::epilogue::threadblock::OutputTileOptimalThreadMap<cutlass::epilogue::threadblock::OutputTileShape<int=128, int=1, int=4, int=4, int=1>, cutlass::epilogue::threadblock::OutputTileShape<int=1, int=4, int=2, int=1, int=8>, int=256, int=1, int=32>, float>, cutlass::epilogue::warp::FragmentIteratorSimt<cutlass::gemm::GemmShape<int=32, int=64, int=8>, cutlass::gemm::thread::Mma<cutlass::gemm::GemmShape<int=8, int=8, int=1>, float, cutlass::layout::ColumnMajor, float, cutlass::layout::RowMajor, float, cutlass::layout::RowMajor, cutlass::arch::OpMultiplyAdd, bool>, cutlass::layout::RowMajor, cutlass::gemm::warp::MmaSimtPolicy<cutlass::MatrixShape<int=4, int=8>, cutlass::layout::RowMajorInterleaved<int=2>, cutlass::gemm::GemmShape<int=4, int=4, int=1>>>, cutlass::epilogue::warp::TileIteratorSimt<cutlass::gemm::GemmShape<int=32, int=64, int=8>, cutlass::gemm::thread::Mma<cutlass::gemm::GemmShape<int=8, int=8, int=1>, float, cutlass::layout::ColumnMajor, float, cutlass::layout::RowMajor, float, cutlass::layout::RowMajor, cutlass::arch::OpMultiplyAdd, bool>, float, cutlass::layout::RowMajor, cutlass::gemm::warp::MmaSimtPolicy<cutlass::MatrixShape<int=4, int=8>, cutlass::layout::RowMajorInterleaved<int=2>, cutlass::gemm::GemmShape<int=4, int=4, int=1>>>, cutlass::epilogue::threadblock::SharedLoadIterator<cutlass::epilogue::threadblock::OutputTileOptimalThreadMap<cutlass::epilogue::threadblock::OutputTileShape<int=128, int=1, int=4, int=4, int=1>::CompactedThreadMap, cutlass::epilogue::threadblock::OutputTileShape<int=1, int=4, int=2, int=1, int=8>, int=256, int=1, int=32>, float, int=4>, cutlass::epilogue::thread::LinearCombination<float",27478
24.164406,0.002080,,,,,,,,,,112,51.351693,"Pageable","Device","Tesla V100-PCIE-32GB (0)","1","7","[CUDA memcpy HtoD]",27498
24.165068,0.020352,2048,1,1,384,1,1,16,0.000000,0.000000,,,,,"Tesla V100-PCIE-32GB (0)","1","7","void scal_kernel_val<double, double>(cublasScalParamsVal<double, double>)",27612
24.165519,91.700726,64,64,1,256,1,1,124,0.000000,16.250000,,,,,"Tesla V100-PCIE-32GB (0)","1","7","void cutlass::Kernel<cutlass::gemm::kernel::Gemm<cutlass::gemm::threadblock::MmaPipelined<cutlass::gemm::GemmShape<int=128, int=128, int=8>, cutlass::transform::threadblock::PredicatedTileIterator<cutlass::MatrixShape<int=128, int=8>, float, cutlass::layout::RowMajor, int=1, cutlass::transform::PitchLinearStripminedThreadMap<cutlass::layout::PitchLinearShape<int=8, int=128>, int=256, int=1>, int=1>, cutlass::transform::threadblock::RegularTileIterator<cutlass::MatrixShape<int=128, int=8>, float, cutlass::layout::ColumnMajor, int=1, cutlass::transform::TransposePitchLinearThreadMapSimt<cutlass::transform::PitchLinearStripminedThreadMap<cutlass::layout::PitchLinearShape<int=8, int=128>, int=256, int=1>>, int=4>, cutlass::transform::threadblock::PredicatedTileIterator<cutlass::MatrixShape<int=8, int=128>, float, cutlass::layout::RowMajor, int=0, cutlass::transform::PitchLinearStripminedThreadMap<cutlass::layout::PitchLinearShape<int=128, int=8>, int=256, int=1>, int=1>, cutlass::transform::threadblock::RegularTileIterator<cutlass::MatrixShape<int=8, int=128>, float, cutlass::layout::RowMajor, int=0, cutlass::transform::PitchLinearStripminedThreadMap<cutlass::layout::PitchLinearShape<int=128, int=8>, int=256, int=1>, int=4>, float, cutlass::layout::RowMajor, cutlass::gemm::threadblock::MmaPolicy<cutlass::gemm::warp::MmaSimt<cutlass::gemm::GemmShape<int=32, int=64, int=8>, float, cutlass::layout::ColumnMajor, float, cutlass::layout::RowMajor, float, cutlass::layout::RowMajor, cutlass::gemm::warp::MmaSimtPolicy<cutlass::MatrixShape<int=4, int=8>, cutlass::layout::RowMajorInterleaved<int=2>, cutlass::gemm::GemmShape<int=4, int=4, int=1>>, int=1, bool>, cutlass::MatrixShape<int=4, int=0>, cutlass::MatrixShape<int=0, int=0>, int=1>, cutlass::NumericArrayConverter<float, float, int=4, cutlass::FloatRoundStyle>, cutlass::NumericArrayConverter<float, float, int=4, cutlass::FloatRoundStyle>, bool>, cutlass::epilogue::threadblock::Epilogue<cutlass::gemm::GemmShape<int=128, int=128, int=8>, cutlass::gemm::warp::MmaSimt<cutlass::gemm::GemmShape<int=32, int=64, int=8>, float, cutlass::layout::ColumnMajor, float, cutlass::layout::RowMajor, float, cutlass::layout::RowMajor, cutlass::gemm::warp::MmaSimtPolicy<cutlass::MatrixShape<int=4, int=8>, cutlass::layout::RowMajorInterleaved<int=2>, cutlass::gemm::GemmShape<int=4, int=4, int=1>>, int=1, bool>, int=1, cutlass::epilogue::threadblock::PredicatedTileIterator<cutlass::epilogue::threadblock::OutputTileOptimalThreadMap<cutlass::epilogue::threadblock::OutputTileShape<int=128, int=1, int=4, int=4, int=1>, cutlass::epilogue::threadblock::OutputTileShape<int=1, int=4, int=2, int=1, int=8>, int=256, int=1, int=32>, float>, cutlass::epilogue::warp::FragmentIteratorSimt<cutlass::gemm::GemmShape<int=32, int=64, int=8>, cutlass::gemm::thread::Mma<cutlass::gemm::GemmShape<int=8, int=8, int=1>, float, cutlass::layout::ColumnMajor, float, cutlass::layout::RowMajor, float, cutlass::layout::RowMajor, cutlass::arch::OpMultiplyAdd, bool>, cutlass::layout::RowMajor, cutlass::gemm::warp::MmaSimtPolicy<cutlass::MatrixShape<int=4, int=8>, cutlass::layout::RowMajorInterleaved<int=2>, cutlass::gemm::GemmShape<int=4, int=4, int=1>>>, cutlass::epilogue::warp::TileIteratorSimt<cutlass::gemm::GemmShape<int=32, int=64, int=8>, cutlass::gemm::thread::Mma<cutlass::gemm::GemmShape<int=8, int=8, int=1>, float, cutlass::layout::ColumnMajor, float, cutlass::layout::RowMajor, float, cutlass::layout::RowMajor, cutlass::arch::OpMultiplyAdd, bool>, float, cutlass::layout::RowMajor, cutlass::gemm::warp::MmaSimtPolicy<cutlass::MatrixShape<int=4, int=8>, cutlass::layout::RowMajorInterleaved<int=2>, cutlass::gemm::GemmShape<int=4, int=4, int=1>>>, cutlass::epilogue::threadblock::SharedLoadIterator<cutlass::epilogue::threadblock::OutputTileOptimalThreadMap<cutlass::epilogue::threadblock::OutputTileShape<int=128, int=1, int=4, int=4, int=1>::CompactedThreadMap, cutlass::epilogue::threadblock::OutputTileShape<int=1, int=4, int=2, int=1, int=8>, int=256, int=1, int=32>, float, int=4>, cutlass::epilogue::thread::LinearCombination<float",27641
24.257228,0.001888,,,,,,,,,,112,56.573899,"Pageable","Device","Tesla V100-PCIE-32GB (0)","1","7","[CUDA memcpy HtoD]",27661
24.257894,0.019743,2048,1,1,384,1,1,16,0.000000,0.000000,,,,,"Tesla V100-PCIE-32GB (0)","1","7","void scal_kernel_val<double, double>(cublasScalParamsVal<double, double>)",27775
24.258341,91.722327,64,64,1,256,1,1,124,0.000000,16.250000,,,,,"Tesla V100-PCIE-32GB (0)","1","7","void cutlass::Kernel<cutlass::gemm::kernel::Gemm<cutlass::gemm::threadblock::MmaPipelined<cutlass::gemm::GemmShape<int=128, int=128, int=8>, cutlass::transform::threadblock::PredicatedTileIterator<cutlass::MatrixShape<int=128, int=8>, float, cutlass::layout::RowMajor, int=1, cutlass::transform::PitchLinearStripminedThreadMap<cutlass::layout::PitchLinearShape<int=8, int=128>, int=256, int=1>, int=1>, cutlass::transform::threadblock::RegularTileIterator<cutlass::MatrixShape<int=128, int=8>, float, cutlass::layout::ColumnMajor, int=1, cutlass::transform::TransposePitchLinearThreadMapSimt<cutlass::transform::PitchLinearStripminedThreadMap<cutlass::layout::PitchLinearShape<int=8, int=128>, int=256, int=1>>, int=4>, cutlass::transform::threadblock::PredicatedTileIterator<cutlass::MatrixShape<int=8, int=128>, float, cutlass::layout::RowMajor, int=0, cutlass::transform::PitchLinearStripminedThreadMap<cutlass::layout::PitchLinearShape<int=128, int=8>, int=256, int=1>, int=1>, cutlass::transform::threadblock::RegularTileIterator<cutlass::MatrixShape<int=8, int=128>, float, cutlass::layout::RowMajor, int=0, cutlass::transform::PitchLinearStripminedThreadMap<cutlass::layout::PitchLinearShape<int=128, int=8>, int=256, int=1>, int=4>, float, cutlass::layout::RowMajor, cutlass::gemm::threadblock::MmaPolicy<cutlass::gemm::warp::MmaSimt<cutlass::gemm::GemmShape<int=32, int=64, int=8>, float, cutlass::layout::ColumnMajor, float, cutlass::layout::RowMajor, float, cutlass::layout::RowMajor, cutlass::gemm::warp::MmaSimtPolicy<cutlass::MatrixShape<int=4, int=8>, cutlass::layout::RowMajorInterleaved<int=2>, cutlass::gemm::GemmShape<int=4, int=4, int=1>>, int=1, bool>, cutlass::MatrixShape<int=4, int=0>, cutlass::MatrixShape<int=0, int=0>, int=1>, cutlass::NumericArrayConverter<float, float, int=4, cutlass::FloatRoundStyle>, cutlass::NumericArrayConverter<float, float, int=4, cutlass::FloatRoundStyle>, bool>, cutlass::epilogue::threadblock::Epilogue<cutlass::gemm::GemmShape<int=128, int=128, int=8>, cutlass::gemm::warp::MmaSimt<cutlass::gemm::GemmShape<int=32, int=64, int=8>, float, cutlass::layout::ColumnMajor, float, cutlass::layout::RowMajor, float, cutlass::layout::RowMajor, cutlass::gemm::warp::MmaSimtPolicy<cutlass::MatrixShape<int=4, int=8>, cutlass::layout::RowMajorInterleaved<int=2>, cutlass::gemm::GemmShape<int=4, int=4, int=1>>, int=1, bool>, int=1, cutlass::epilogue::threadblock::PredicatedTileIterator<cutlass::epilogue::threadblock::OutputTileOptimalThreadMap<cutlass::epilogue::threadblock::OutputTileShape<int=128, int=1, int=4, int=4, int=1>, cutlass::epilogue::threadblock::OutputTileShape<int=1, int=4, int=2, int=1, int=8>, int=256, int=1, int=32>, float>, cutlass::epilogue::warp::FragmentIteratorSimt<cutlass::gemm::GemmShape<int=32, int=64, int=8>, cutlass::gemm::thread::Mma<cutlass::gemm::GemmShape<int=8, int=8, int=1>, float, cutlass::layout::ColumnMajor, float, cutlass::layout::RowMajor, float, cutlass::layout::RowMajor, cutlass::arch::OpMultiplyAdd, bool>, cutlass::layout::RowMajor, cutlass::gemm::warp::MmaSimtPolicy<cutlass::MatrixShape<int=4, int=8>, cutlass::layout::RowMajorInterleaved<int=2>, cutlass::gemm::GemmShape<int=4, int=4, int=1>>>, cutlass::epilogue::warp::TileIteratorSimt<cutlass::gemm::GemmShape<int=32, int=64, int=8>, cutlass::gemm::thread::Mma<cutlass::gemm::GemmShape<int=8, int=8, int=1>, float, cutlass::layout::ColumnMajor, float, cutlass::layout::RowMajor, float, cutlass::layout::RowMajor, cutlass::arch::OpMultiplyAdd, bool>, float, cutlass::layout::RowMajor, cutlass::gemm::warp::MmaSimtPolicy<cutlass::MatrixShape<int=4, int=8>, cutlass::layout::RowMajorInterleaved<int=2>, cutlass::gemm::GemmShape<int=4, int=4, int=1>>>, cutlass::epilogue::threadblock::SharedLoadIterator<cutlass::epilogue::threadblock::OutputTileOptimalThreadMap<cutlass::epilogue::threadblock::OutputTileShape<int=128, int=1, int=4, int=4, int=1>::CompactedThreadMap, cutlass::epilogue::threadblock::OutputTileShape<int=1, int=4, int=2, int=1, int=8>, int=256, int=1, int=32>, float, int=4>, cutlass::epilogue::thread::LinearCombination<float",27804
24.350072,0.001888,,,,,,,,,,112,56.573899,"Pageable","Device","Tesla V100-PCIE-32GB (0)","1","7","[CUDA memcpy HtoD]",27824
24.350716,0.019040,2048,1,1,384,1,1,16,0.000000,0.000000,,,,,"Tesla V100-PCIE-32GB (0)","1","7","void scal_kernel_val<double, double>(cublasScalParamsVal<double, double>)",27938
24.351151,91.718231,64,64,1,256,1,1,124,0.000000,16.250000,,,,,"Tesla V100-PCIE-32GB (0)","1","7","void cutlass::Kernel<cutlass::gemm::kernel::Gemm<cutlass::gemm::threadblock::MmaPipelined<cutlass::gemm::GemmShape<int=128, int=128, int=8>, cutlass::transform::threadblock::PredicatedTileIterator<cutlass::MatrixShape<int=128, int=8>, float, cutlass::layout::RowMajor, int=1, cutlass::transform::PitchLinearStripminedThreadMap<cutlass::layout::PitchLinearShape<int=8, int=128>, int=256, int=1>, int=1>, cutlass::transform::threadblock::RegularTileIterator<cutlass::MatrixShape<int=128, int=8>, float, cutlass::layout::ColumnMajor, int=1, cutlass::transform::TransposePitchLinearThreadMapSimt<cutlass::transform::PitchLinearStripminedThreadMap<cutlass::layout::PitchLinearShape<int=8, int=128>, int=256, int=1>>, int=4>, cutlass::transform::threadblock::PredicatedTileIterator<cutlass::MatrixShape<int=8, int=128>, float, cutlass::layout::RowMajor, int=0, cutlass::transform::PitchLinearStripminedThreadMap<cutlass::layout::PitchLinearShape<int=128, int=8>, int=256, int=1>, int=1>, cutlass::transform::threadblock::RegularTileIterator<cutlass::MatrixShape<int=8, int=128>, float, cutlass::layout::RowMajor, int=0, cutlass::transform::PitchLinearStripminedThreadMap<cutlass::layout::PitchLinearShape<int=128, int=8>, int=256, int=1>, int=4>, float, cutlass::layout::RowMajor, cutlass::gemm::threadblock::MmaPolicy<cutlass::gemm::warp::MmaSimt<cutlass::gemm::GemmShape<int=32, int=64, int=8>, float, cutlass::layout::ColumnMajor, float, cutlass::layout::RowMajor, float, cutlass::layout::RowMajor, cutlass::gemm::warp::MmaSimtPolicy<cutlass::MatrixShape<int=4, int=8>, cutlass::layout::RowMajorInterleaved<int=2>, cutlass::gemm::GemmShape<int=4, int=4, int=1>>, int=1, bool>, cutlass::MatrixShape<int=4, int=0>, cutlass::MatrixShape<int=0, int=0>, int=1>, cutlass::NumericArrayConverter<float, float, int=4, cutlass::FloatRoundStyle>, cutlass::NumericArrayConverter<float, float, int=4, cutlass::FloatRoundStyle>, bool>, cutlass::epilogue::threadblock::Epilogue<cutlass::gemm::GemmShape<int=128, int=128, int=8>, cutlass::gemm::warp::MmaSimt<cutlass::gemm::GemmShape<int=32, int=64, int=8>, float, cutlass::layout::ColumnMajor, float, cutlass::layout::RowMajor, float, cutlass::layout::RowMajor, cutlass::gemm::warp::MmaSimtPolicy<cutlass::MatrixShape<int=4, int=8>, cutlass::layout::RowMajorInterleaved<int=2>, cutlass::gemm::GemmShape<int=4, int=4, int=1>>, int=1, bool>, int=1, cutlass::epilogue::threadblock::PredicatedTileIterator<cutlass::epilogue::threadblock::OutputTileOptimalThreadMap<cutlass::epilogue::threadblock::OutputTileShape<int=128, int=1, int=4, int=4, int=1>, cutlass::epilogue::threadblock::OutputTileShape<int=1, int=4, int=2, int=1, int=8>, int=256, int=1, int=32>, float>, cutlass::epilogue::warp::FragmentIteratorSimt<cutlass::gemm::GemmShape<int=32, int=64, int=8>, cutlass::gemm::thread::Mma<cutlass::gemm::GemmShape<int=8, int=8, int=1>, float, cutlass::layout::ColumnMajor, float, cutlass::layout::RowMajor, float, cutlass::layout::RowMajor, cutlass::arch::OpMultiplyAdd, bool>, cutlass::layout::RowMajor, cutlass::gemm::warp::MmaSimtPolicy<cutlass::MatrixShape<int=4, int=8>, cutlass::layout::RowMajorInterleaved<int=2>, cutlass::gemm::GemmShape<int=4, int=4, int=1>>>, cutlass::epilogue::warp::TileIteratorSimt<cutlass::gemm::GemmShape<int=32, int=64, int=8>, cutlass::gemm::thread::Mma<cutlass::gemm::GemmShape<int=8, int=8, int=1>, float, cutlass::layout::ColumnMajor, float, cutlass::layout::RowMajor, float, cutlass::layout::RowMajor, cutlass::arch::OpMultiplyAdd, bool>, float, cutlass::layout::RowMajor, cutlass::gemm::warp::MmaSimtPolicy<cutlass::MatrixShape<int=4, int=8>, cutlass::layout::RowMajorInterleaved<int=2>, cutlass::gemm::GemmShape<int=4, int=4, int=1>>>, cutlass::epilogue::threadblock::SharedLoadIterator<cutlass::epilogue::threadblock::OutputTileOptimalThreadMap<cutlass::epilogue::threadblock::OutputTileShape<int=128, int=1, int=4, int=4, int=1>::CompactedThreadMap, cutlass::epilogue::threadblock::OutputTileShape<int=1, int=4, int=2, int=1, int=8>, int=256, int=1, int=32>, float, int=4>, cutlass::epilogue::thread::LinearCombination<float",27967
24.442878,0.001888,,,,,,,,,,112,56.573899,"Pageable","Device","Tesla V100-PCIE-32GB (0)","1","7","[CUDA memcpy HtoD]",27987
24.443509,0.019552,2048,1,1,384,1,1,16,0.000000,0.000000,,,,,"Tesla V100-PCIE-32GB (0)","1","7","void scal_kernel_val<double, double>(cublasScalParamsVal<double, double>)",28101
24.443947,91.713527,64,64,1,256,1,1,124,0.000000,16.250000,,,,,"Tesla V100-PCIE-32GB (0)","1","7","void cutlass::Kernel<cutlass::gemm::kernel::Gemm<cutlass::gemm::threadblock::MmaPipelined<cutlass::gemm::GemmShape<int=128, int=128, int=8>, cutlass::transform::threadblock::PredicatedTileIterator<cutlass::MatrixShape<int=128, int=8>, float, cutlass::layout::RowMajor, int=1, cutlass::transform::PitchLinearStripminedThreadMap<cutlass::layout::PitchLinearShape<int=8, int=128>, int=256, int=1>, int=1>, cutlass::transform::threadblock::RegularTileIterator<cutlass::MatrixShape<int=128, int=8>, float, cutlass::layout::ColumnMajor, int=1, cutlass::transform::TransposePitchLinearThreadMapSimt<cutlass::transform::PitchLinearStripminedThreadMap<cutlass::layout::PitchLinearShape<int=8, int=128>, int=256, int=1>>, int=4>, cutlass::transform::threadblock::PredicatedTileIterator<cutlass::MatrixShape<int=8, int=128>, float, cutlass::layout::RowMajor, int=0, cutlass::transform::PitchLinearStripminedThreadMap<cutlass::layout::PitchLinearShape<int=128, int=8>, int=256, int=1>, int=1>, cutlass::transform::threadblock::RegularTileIterator<cutlass::MatrixShape<int=8, int=128>, float, cutlass::layout::RowMajor, int=0, cutlass::transform::PitchLinearStripminedThreadMap<cutlass::layout::PitchLinearShape<int=128, int=8>, int=256, int=1>, int=4>, float, cutlass::layout::RowMajor, cutlass::gemm::threadblock::MmaPolicy<cutlass::gemm::warp::MmaSimt<cutlass::gemm::GemmShape<int=32, int=64, int=8>, float, cutlass::layout::ColumnMajor, float, cutlass::layout::RowMajor, float, cutlass::layout::RowMajor, cutlass::gemm::warp::MmaSimtPolicy<cutlass::MatrixShape<int=4, int=8>, cutlass::layout::RowMajorInterleaved<int=2>, cutlass::gemm::GemmShape<int=4, int=4, int=1>>, int=1, bool>, cutlass::MatrixShape<int=4, int=0>, cutlass::MatrixShape<int=0, int=0>, int=1>, cutlass::NumericArrayConverter<float, float, int=4, cutlass::FloatRoundStyle>, cutlass::NumericArrayConverter<float, float, int=4, cutlass::FloatRoundStyle>, bool>, cutlass::epilogue::threadblock::Epilogue<cutlass::gemm::GemmShape<int=128, int=128, int=8>, cutlass::gemm::warp::MmaSimt<cutlass::gemm::GemmShape<int=32, int=64, int=8>, float, cutlass::layout::ColumnMajor, float, cutlass::layout::RowMajor, float, cutlass::layout::RowMajor, cutlass::gemm::warp::MmaSimtPolicy<cutlass::MatrixShape<int=4, int=8>, cutlass::layout::RowMajorInterleaved<int=2>, cutlass::gemm::GemmShape<int=4, int=4, int=1>>, int=1, bool>, int=1, cutlass::epilogue::threadblock::PredicatedTileIterator<cutlass::epilogue::threadblock::OutputTileOptimalThreadMap<cutlass::epilogue::threadblock::OutputTileShape<int=128, int=1, int=4, int=4, int=1>, cutlass::epilogue::threadblock::OutputTileShape<int=1, int=4, int=2, int=1, int=8>, int=256, int=1, int=32>, float>, cutlass::epilogue::warp::FragmentIteratorSimt<cutlass::gemm::GemmShape<int=32, int=64, int=8>, cutlass::gemm::thread::Mma<cutlass::gemm::GemmShape<int=8, int=8, int=1>, float, cutlass::layout::ColumnMajor, float, cutlass::layout::RowMajor, float, cutlass::layout::RowMajor, cutlass::arch::OpMultiplyAdd, bool>, cutlass::layout::RowMajor, cutlass::gemm::warp::MmaSimtPolicy<cutlass::MatrixShape<int=4, int=8>, cutlass::layout::RowMajorInterleaved<int=2>, cutlass::gemm::GemmShape<int=4, int=4, int=1>>>, cutlass::epilogue::warp::TileIteratorSimt<cutlass::gemm::GemmShape<int=32, int=64, int=8>, cutlass::gemm::thread::Mma<cutlass::gemm::GemmShape<int=8, int=8, int=1>, float, cutlass::layout::ColumnMajor, float, cutlass::layout::RowMajor, float, cutlass::layout::RowMajor, cutlass::arch::OpMultiplyAdd, bool>, float, cutlass::layout::RowMajor, cutlass::gemm::warp::MmaSimtPolicy<cutlass::MatrixShape<int=4, int=8>, cutlass::layout::RowMajorInterleaved<int=2>, cutlass::gemm::GemmShape<int=4, int=4, int=1>>>, cutlass::epilogue::threadblock::SharedLoadIterator<cutlass::epilogue::threadblock::OutputTileOptimalThreadMap<cutlass::epilogue::threadblock::OutputTileShape<int=128, int=1, int=4, int=4, int=1>::CompactedThreadMap, cutlass::epilogue::threadblock::OutputTileShape<int=1, int=4, int=2, int=1, int=8>, int=256, int=1, int=32>, float, int=4>, cutlass::epilogue::thread::LinearCombination<float",28130
24.535669,0.001856,,,,,,,,,,112,57.549312,"Pageable","Device","Tesla V100-PCIE-32GB (0)","1","7","[CUDA memcpy HtoD]",28150
24.536299,0.019808,2048,1,1,384,1,1,16,0.000000,0.000000,,,,,"Tesla V100-PCIE-32GB (0)","1","7","void scal_kernel_val<double, double>(cublasScalParamsVal<double, double>)",28264
24.536762,91.713366,64,64,1,256,1,1,124,0.000000,16.250000,,,,,"Tesla V100-PCIE-32GB (0)","1","7","void cutlass::Kernel<cutlass::gemm::kernel::Gemm<cutlass::gemm::threadblock::MmaPipelined<cutlass::gemm::GemmShape<int=128, int=128, int=8>, cutlass::transform::threadblock::PredicatedTileIterator<cutlass::MatrixShape<int=128, int=8>, float, cutlass::layout::RowMajor, int=1, cutlass::transform::PitchLinearStripminedThreadMap<cutlass::layout::PitchLinearShape<int=8, int=128>, int=256, int=1>, int=1>, cutlass::transform::threadblock::RegularTileIterator<cutlass::MatrixShape<int=128, int=8>, float, cutlass::layout::ColumnMajor, int=1, cutlass::transform::TransposePitchLinearThreadMapSimt<cutlass::transform::PitchLinearStripminedThreadMap<cutlass::layout::PitchLinearShape<int=8, int=128>, int=256, int=1>>, int=4>, cutlass::transform::threadblock::PredicatedTileIterator<cutlass::MatrixShape<int=8, int=128>, float, cutlass::layout::RowMajor, int=0, cutlass::transform::PitchLinearStripminedThreadMap<cutlass::layout::PitchLinearShape<int=128, int=8>, int=256, int=1>, int=1>, cutlass::transform::threadblock::RegularTileIterator<cutlass::MatrixShape<int=8, int=128>, float, cutlass::layout::RowMajor, int=0, cutlass::transform::PitchLinearStripminedThreadMap<cutlass::layout::PitchLinearShape<int=128, int=8>, int=256, int=1>, int=4>, float, cutlass::layout::RowMajor, cutlass::gemm::threadblock::MmaPolicy<cutlass::gemm::warp::MmaSimt<cutlass::gemm::GemmShape<int=32, int=64, int=8>, float, cutlass::layout::ColumnMajor, float, cutlass::layout::RowMajor, float, cutlass::layout::RowMajor, cutlass::gemm::warp::MmaSimtPolicy<cutlass::MatrixShape<int=4, int=8>, cutlass::layout::RowMajorInterleaved<int=2>, cutlass::gemm::GemmShape<int=4, int=4, int=1>>, int=1, bool>, cutlass::MatrixShape<int=4, int=0>, cutlass::MatrixShape<int=0, int=0>, int=1>, cutlass::NumericArrayConverter<float, float, int=4, cutlass::FloatRoundStyle>, cutlass::NumericArrayConverter<float, float, int=4, cutlass::FloatRoundStyle>, bool>, cutlass::epilogue::threadblock::Epilogue<cutlass::gemm::GemmShape<int=128, int=128, int=8>, cutlass::gemm::warp::MmaSimt<cutlass::gemm::GemmShape<int=32, int=64, int=8>, float, cutlass::layout::ColumnMajor, float, cutlass::layout::RowMajor, float, cutlass::layout::RowMajor, cutlass::gemm::warp::MmaSimtPolicy<cutlass::MatrixShape<int=4, int=8>, cutlass::layout::RowMajorInterleaved<int=2>, cutlass::gemm::GemmShape<int=4, int=4, int=1>>, int=1, bool>, int=1, cutlass::epilogue::threadblock::PredicatedTileIterator<cutlass::epilogue::threadblock::OutputTileOptimalThreadMap<cutlass::epilogue::threadblock::OutputTileShape<int=128, int=1, int=4, int=4, int=1>, cutlass::epilogue::threadblock::OutputTileShape<int=1, int=4, int=2, int=1, int=8>, int=256, int=1, int=32>, float>, cutlass::epilogue::warp::FragmentIteratorSimt<cutlass::gemm::GemmShape<int=32, int=64, int=8>, cutlass::gemm::thread::Mma<cutlass::gemm::GemmShape<int=8, int=8, int=1>, float, cutlass::layout::ColumnMajor, float, cutlass::layout::RowMajor, float, cutlass::layout::RowMajor, cutlass::arch::OpMultiplyAdd, bool>, cutlass::layout::RowMajor, cutlass::gemm::warp::MmaSimtPolicy<cutlass::MatrixShape<int=4, int=8>, cutlass::layout::RowMajorInterleaved<int=2>, cutlass::gemm::GemmShape<int=4, int=4, int=1>>>, cutlass::epilogue::warp::TileIteratorSimt<cutlass::gemm::GemmShape<int=32, int=64, int=8>, cutlass::gemm::thread::Mma<cutlass::gemm::GemmShape<int=8, int=8, int=1>, float, cutlass::layout::ColumnMajor, float, cutlass::layout::RowMajor, float, cutlass::layout::RowMajor, cutlass::arch::OpMultiplyAdd, bool>, float, cutlass::layout::RowMajor, cutlass::gemm::warp::MmaSimtPolicy<cutlass::MatrixShape<int=4, int=8>, cutlass::layout::RowMajorInterleaved<int=2>, cutlass::gemm::GemmShape<int=4, int=4, int=1>>>, cutlass::epilogue::threadblock::SharedLoadIterator<cutlass::epilogue::threadblock::OutputTileOptimalThreadMap<cutlass::epilogue::threadblock::OutputTileShape<int=128, int=1, int=4, int=4, int=1>::CompactedThreadMap, cutlass::epilogue::threadblock::OutputTileShape<int=1, int=4, int=2, int=1, int=8>, int=256, int=1, int=32>, float, int=4>, cutlass::epilogue::thread::LinearCombination<float",28293
24.628484,0.001888,,,,,,,,,,112,56.573899,"Pageable","Device","Tesla V100-PCIE-32GB (0)","1","7","[CUDA memcpy HtoD]",28313
24.629118,0.019456,2048,1,1,384,1,1,16,0.000000,0.000000,,,,,"Tesla V100-PCIE-32GB (0)","1","7","void scal_kernel_val<double, double>(cublasScalParamsVal<double, double>)",28427
24.629557,91.727606,64,64,1,256,1,1,124,0.000000,16.250000,,,,,"Tesla V100-PCIE-32GB (0)","1","7","void cutlass::Kernel<cutlass::gemm::kernel::Gemm<cutlass::gemm::threadblock::MmaPipelined<cutlass::gemm::GemmShape<int=128, int=128, int=8>, cutlass::transform::threadblock::PredicatedTileIterator<cutlass::MatrixShape<int=128, int=8>, float, cutlass::layout::RowMajor, int=1, cutlass::transform::PitchLinearStripminedThreadMap<cutlass::layout::PitchLinearShape<int=8, int=128>, int=256, int=1>, int=1>, cutlass::transform::threadblock::RegularTileIterator<cutlass::MatrixShape<int=128, int=8>, float, cutlass::layout::ColumnMajor, int=1, cutlass::transform::TransposePitchLinearThreadMapSimt<cutlass::transform::PitchLinearStripminedThreadMap<cutlass::layout::PitchLinearShape<int=8, int=128>, int=256, int=1>>, int=4>, cutlass::transform::threadblock::PredicatedTileIterator<cutlass::MatrixShape<int=8, int=128>, float, cutlass::layout::RowMajor, int=0, cutlass::transform::PitchLinearStripminedThreadMap<cutlass::layout::PitchLinearShape<int=128, int=8>, int=256, int=1>, int=1>, cutlass::transform::threadblock::RegularTileIterator<cutlass::MatrixShape<int=8, int=128>, float, cutlass::layout::RowMajor, int=0, cutlass::transform::PitchLinearStripminedThreadMap<cutlass::layout::PitchLinearShape<int=128, int=8>, int=256, int=1>, int=4>, float, cutlass::layout::RowMajor, cutlass::gemm::threadblock::MmaPolicy<cutlass::gemm::warp::MmaSimt<cutlass::gemm::GemmShape<int=32, int=64, int=8>, float, cutlass::layout::ColumnMajor, float, cutlass::layout::RowMajor, float, cutlass::layout::RowMajor, cutlass::gemm::warp::MmaSimtPolicy<cutlass::MatrixShape<int=4, int=8>, cutlass::layout::RowMajorInterleaved<int=2>, cutlass::gemm::GemmShape<int=4, int=4, int=1>>, int=1, bool>, cutlass::MatrixShape<int=4, int=0>, cutlass::MatrixShape<int=0, int=0>, int=1>, cutlass::NumericArrayConverter<float, float, int=4, cutlass::FloatRoundStyle>, cutlass::NumericArrayConverter<float, float, int=4, cutlass::FloatRoundStyle>, bool>, cutlass::epilogue::threadblock::Epilogue<cutlass::gemm::GemmShape<int=128, int=128, int=8>, cutlass::gemm::warp::MmaSimt<cutlass::gemm::GemmShape<int=32, int=64, int=8>, float, cutlass::layout::ColumnMajor, float, cutlass::layout::RowMajor, float, cutlass::layout::RowMajor, cutlass::gemm::warp::MmaSimtPolicy<cutlass::MatrixShape<int=4, int=8>, cutlass::layout::RowMajorInterleaved<int=2>, cutlass::gemm::GemmShape<int=4, int=4, int=1>>, int=1, bool>, int=1, cutlass::epilogue::threadblock::PredicatedTileIterator<cutlass::epilogue::threadblock::OutputTileOptimalThreadMap<cutlass::epilogue::threadblock::OutputTileShape<int=128, int=1, int=4, int=4, int=1>, cutlass::epilogue::threadblock::OutputTileShape<int=1, int=4, int=2, int=1, int=8>, int=256, int=1, int=32>, float>, cutlass::epilogue::warp::FragmentIteratorSimt<cutlass::gemm::GemmShape<int=32, int=64, int=8>, cutlass::gemm::thread::Mma<cutlass::gemm::GemmShape<int=8, int=8, int=1>, float, cutlass::layout::ColumnMajor, float, cutlass::layout::RowMajor, float, cutlass::layout::RowMajor, cutlass::arch::OpMultiplyAdd, bool>, cutlass::layout::RowMajor, cutlass::gemm::warp::MmaSimtPolicy<cutlass::MatrixShape<int=4, int=8>, cutlass::layout::RowMajorInterleaved<int=2>, cutlass::gemm::GemmShape<int=4, int=4, int=1>>>, cutlass::epilogue::warp::TileIteratorSimt<cutlass::gemm::GemmShape<int=32, int=64, int=8>, cutlass::gemm::thread::Mma<cutlass::gemm::GemmShape<int=8, int=8, int=1>, float, cutlass::layout::ColumnMajor, float, cutlass::layout::RowMajor, float, cutlass::layout::RowMajor, cutlass::arch::OpMultiplyAdd, bool>, float, cutlass::layout::RowMajor, cutlass::gemm::warp::MmaSimtPolicy<cutlass::MatrixShape<int=4, int=8>, cutlass::layout::RowMajorInterleaved<int=2>, cutlass::gemm::GemmShape<int=4, int=4, int=1>>>, cutlass::epilogue::threadblock::SharedLoadIterator<cutlass::epilogue::threadblock::OutputTileOptimalThreadMap<cutlass::epilogue::threadblock::OutputTileShape<int=128, int=1, int=4, int=4, int=1>::CompactedThreadMap, cutlass::epilogue::threadblock::OutputTileShape<int=1, int=4, int=2, int=1, int=8>, int=256, int=1, int=32>, float, int=4>, cutlass::epilogue::thread::LinearCombination<float",28456
24.721293,0.001888,,,,,,,,,,112,56.573899,"Pageable","Device","Tesla V100-PCIE-32GB (0)","1","7","[CUDA memcpy HtoD]",28476
24.721928,0.019775,2048,1,1,384,1,1,16,0.000000,0.000000,,,,,"Tesla V100-PCIE-32GB (0)","1","7","void scal_kernel_val<double, double>(cublasScalParamsVal<double, double>)",28590
24.722360,91.708823,64,64,1,256,1,1,124,0.000000,16.250000,,,,,"Tesla V100-PCIE-32GB (0)","1","7","void cutlass::Kernel<cutlass::gemm::kernel::Gemm<cutlass::gemm::threadblock::MmaPipelined<cutlass::gemm::GemmShape<int=128, int=128, int=8>, cutlass::transform::threadblock::PredicatedTileIterator<cutlass::MatrixShape<int=128, int=8>, float, cutlass::layout::RowMajor, int=1, cutlass::transform::PitchLinearStripminedThreadMap<cutlass::layout::PitchLinearShape<int=8, int=128>, int=256, int=1>, int=1>, cutlass::transform::threadblock::RegularTileIterator<cutlass::MatrixShape<int=128, int=8>, float, cutlass::layout::ColumnMajor, int=1, cutlass::transform::TransposePitchLinearThreadMapSimt<cutlass::transform::PitchLinearStripminedThreadMap<cutlass::layout::PitchLinearShape<int=8, int=128>, int=256, int=1>>, int=4>, cutlass::transform::threadblock::PredicatedTileIterator<cutlass::MatrixShape<int=8, int=128>, float, cutlass::layout::RowMajor, int=0, cutlass::transform::PitchLinearStripminedThreadMap<cutlass::layout::PitchLinearShape<int=128, int=8>, int=256, int=1>, int=1>, cutlass::transform::threadblock::RegularTileIterator<cutlass::MatrixShape<int=8, int=128>, float, cutlass::layout::RowMajor, int=0, cutlass::transform::PitchLinearStripminedThreadMap<cutlass::layout::PitchLinearShape<int=128, int=8>, int=256, int=1>, int=4>, float, cutlass::layout::RowMajor, cutlass::gemm::threadblock::MmaPolicy<cutlass::gemm::warp::MmaSimt<cutlass::gemm::GemmShape<int=32, int=64, int=8>, float, cutlass::layout::ColumnMajor, float, cutlass::layout::RowMajor, float, cutlass::layout::RowMajor, cutlass::gemm::warp::MmaSimtPolicy<cutlass::MatrixShape<int=4, int=8>, cutlass::layout::RowMajorInterleaved<int=2>, cutlass::gemm::GemmShape<int=4, int=4, int=1>>, int=1, bool>, cutlass::MatrixShape<int=4, int=0>, cutlass::MatrixShape<int=0, int=0>, int=1>, cutlass::NumericArrayConverter<float, float, int=4, cutlass::FloatRoundStyle>, cutlass::NumericArrayConverter<float, float, int=4, cutlass::FloatRoundStyle>, bool>, cutlass::epilogue::threadblock::Epilogue<cutlass::gemm::GemmShape<int=128, int=128, int=8>, cutlass::gemm::warp::MmaSimt<cutlass::gemm::GemmShape<int=32, int=64, int=8>, float, cutlass::layout::ColumnMajor, float, cutlass::layout::RowMajor, float, cutlass::layout::RowMajor, cutlass::gemm::warp::MmaSimtPolicy<cutlass::MatrixShape<int=4, int=8>, cutlass::layout::RowMajorInterleaved<int=2>, cutlass::gemm::GemmShape<int=4, int=4, int=1>>, int=1, bool>, int=1, cutlass::epilogue::threadblock::PredicatedTileIterator<cutlass::epilogue::threadblock::OutputTileOptimalThreadMap<cutlass::epilogue::threadblock::OutputTileShape<int=128, int=1, int=4, int=4, int=1>, cutlass::epilogue::threadblock::OutputTileShape<int=1, int=4, int=2, int=1, int=8>, int=256, int=1, int=32>, float>, cutlass::epilogue::warp::FragmentIteratorSimt<cutlass::gemm::GemmShape<int=32, int=64, int=8>, cutlass::gemm::thread::Mma<cutlass::gemm::GemmShape<int=8, int=8, int=1>, float, cutlass::layout::ColumnMajor, float, cutlass::layout::RowMajor, float, cutlass::layout::RowMajor, cutlass::arch::OpMultiplyAdd, bool>, cutlass::layout::RowMajor, cutlass::gemm::warp::MmaSimtPolicy<cutlass::MatrixShape<int=4, int=8>, cutlass::layout::RowMajorInterleaved<int=2>, cutlass::gemm::GemmShape<int=4, int=4, int=1>>>, cutlass::epilogue::warp::TileIteratorSimt<cutlass::gemm::GemmShape<int=32, int=64, int=8>, cutlass::gemm::thread::Mma<cutlass::gemm::GemmShape<int=8, int=8, int=1>, float, cutlass::layout::ColumnMajor, float, cutlass::layout::RowMajor, float, cutlass::layout::RowMajor, cutlass::arch::OpMultiplyAdd, bool>, float, cutlass::layout::RowMajor, cutlass::gemm::warp::MmaSimtPolicy<cutlass::MatrixShape<int=4, int=8>, cutlass::layout::RowMajorInterleaved<int=2>, cutlass::gemm::GemmShape<int=4, int=4, int=1>>>, cutlass::epilogue::threadblock::SharedLoadIterator<cutlass::epilogue::threadblock::OutputTileOptimalThreadMap<cutlass::epilogue::threadblock::OutputTileShape<int=128, int=1, int=4, int=4, int=1>::CompactedThreadMap, cutlass::epilogue::threadblock::OutputTileShape<int=1, int=4, int=2, int=1, int=8>, int=256, int=1, int=32>, float, int=4>, cutlass::epilogue::thread::LinearCombination<float",28619
24.814078,0.001888,,,,,,,,,,112,56.573899,"Pageable","Device","Tesla V100-PCIE-32GB (0)","1","7","[CUDA memcpy HtoD]",28639
24.814716,0.019552,2048,1,1,384,1,1,16,0.000000,0.000000,,,,,"Tesla V100-PCIE-32GB (0)","1","7","void scal_kernel_val<double, double>(cublasScalParamsVal<double, double>)",28753
24.815149,91.729495,64,64,1,256,1,1,124,0.000000,16.250000,,,,,"Tesla V100-PCIE-32GB (0)","1","7","void cutlass::Kernel<cutlass::gemm::kernel::Gemm<cutlass::gemm::threadblock::MmaPipelined<cutlass::gemm::GemmShape<int=128, int=128, int=8>, cutlass::transform::threadblock::PredicatedTileIterator<cutlass::MatrixShape<int=128, int=8>, float, cutlass::layout::RowMajor, int=1, cutlass::transform::PitchLinearStripminedThreadMap<cutlass::layout::PitchLinearShape<int=8, int=128>, int=256, int=1>, int=1>, cutlass::transform::threadblock::RegularTileIterator<cutlass::MatrixShape<int=128, int=8>, float, cutlass::layout::ColumnMajor, int=1, cutlass::transform::TransposePitchLinearThreadMapSimt<cutlass::transform::PitchLinearStripminedThreadMap<cutlass::layout::PitchLinearShape<int=8, int=128>, int=256, int=1>>, int=4>, cutlass::transform::threadblock::PredicatedTileIterator<cutlass::MatrixShape<int=8, int=128>, float, cutlass::layout::RowMajor, int=0, cutlass::transform::PitchLinearStripminedThreadMap<cutlass::layout::PitchLinearShape<int=128, int=8>, int=256, int=1>, int=1>, cutlass::transform::threadblock::RegularTileIterator<cutlass::MatrixShape<int=8, int=128>, float, cutlass::layout::RowMajor, int=0, cutlass::transform::PitchLinearStripminedThreadMap<cutlass::layout::PitchLinearShape<int=128, int=8>, int=256, int=1>, int=4>, float, cutlass::layout::RowMajor, cutlass::gemm::threadblock::MmaPolicy<cutlass::gemm::warp::MmaSimt<cutlass::gemm::GemmShape<int=32, int=64, int=8>, float, cutlass::layout::ColumnMajor, float, cutlass::layout::RowMajor, float, cutlass::layout::RowMajor, cutlass::gemm::warp::MmaSimtPolicy<cutlass::MatrixShape<int=4, int=8>, cutlass::layout::RowMajorInterleaved<int=2>, cutlass::gemm::GemmShape<int=4, int=4, int=1>>, int=1, bool>, cutlass::MatrixShape<int=4, int=0>, cutlass::MatrixShape<int=0, int=0>, int=1>, cutlass::NumericArrayConverter<float, float, int=4, cutlass::FloatRoundStyle>, cutlass::NumericArrayConverter<float, float, int=4, cutlass::FloatRoundStyle>, bool>, cutlass::epilogue::threadblock::Epilogue<cutlass::gemm::GemmShape<int=128, int=128, int=8>, cutlass::gemm::warp::MmaSimt<cutlass::gemm::GemmShape<int=32, int=64, int=8>, float, cutlass::layout::ColumnMajor, float, cutlass::layout::RowMajor, float, cutlass::layout::RowMajor, cutlass::gemm::warp::MmaSimtPolicy<cutlass::MatrixShape<int=4, int=8>, cutlass::layout::RowMajorInterleaved<int=2>, cutlass::gemm::GemmShape<int=4, int=4, int=1>>, int=1, bool>, int=1, cutlass::epilogue::threadblock::PredicatedTileIterator<cutlass::epilogue::threadblock::OutputTileOptimalThreadMap<cutlass::epilogue::threadblock::OutputTileShape<int=128, int=1, int=4, int=4, int=1>, cutlass::epilogue::threadblock::OutputTileShape<int=1, int=4, int=2, int=1, int=8>, int=256, int=1, int=32>, float>, cutlass::epilogue::warp::FragmentIteratorSimt<cutlass::gemm::GemmShape<int=32, int=64, int=8>, cutlass::gemm::thread::Mma<cutlass::gemm::GemmShape<int=8, int=8, int=1>, float, cutlass::layout::ColumnMajor, float, cutlass::layout::RowMajor, float, cutlass::layout::RowMajor, cutlass::arch::OpMultiplyAdd, bool>, cutlass::layout::RowMajor, cutlass::gemm::warp::MmaSimtPolicy<cutlass::MatrixShape<int=4, int=8>, cutlass::layout::RowMajorInterleaved<int=2>, cutlass::gemm::GemmShape<int=4, int=4, int=1>>>, cutlass::epilogue::warp::TileIteratorSimt<cutlass::gemm::GemmShape<int=32, int=64, int=8>, cutlass::gemm::thread::Mma<cutlass::gemm::GemmShape<int=8, int=8, int=1>, float, cutlass::layout::ColumnMajor, float, cutlass::layout::RowMajor, float, cutlass::layout::RowMajor, cutlass::arch::OpMultiplyAdd, bool>, float, cutlass::layout::RowMajor, cutlass::gemm::warp::MmaSimtPolicy<cutlass::MatrixShape<int=4, int=8>, cutlass::layout::RowMajorInterleaved<int=2>, cutlass::gemm::GemmShape<int=4, int=4, int=1>>>, cutlass::epilogue::threadblock::SharedLoadIterator<cutlass::epilogue::threadblock::OutputTileOptimalThreadMap<cutlass::epilogue::threadblock::OutputTileShape<int=128, int=1, int=4, int=4, int=1>::CompactedThreadMap, cutlass::epilogue::threadblock::OutputTileShape<int=1, int=4, int=2, int=1, int=8>, int=256, int=1, int=32>, float, int=4>, cutlass::epilogue::thread::LinearCombination<float",28782
24.906888,0.001856,,,,,,,,,,112,57.549312,"Pageable","Device","Tesla V100-PCIE-32GB (0)","1","7","[CUDA memcpy HtoD]",28802
24.907544,0.019584,2048,1,1,384,1,1,16,0.000000,0.000000,,,,,"Tesla V100-PCIE-32GB (0)","1","7","void scal_kernel_val<double, double>(cublasScalParamsVal<double, double>)",28916
24.909093,91.742614,64,64,1,256,1,1,124,0.000000,16.250000,,,,,"Tesla V100-PCIE-32GB (0)","1","7","void cutlass::Kernel<cutlass::gemm::kernel::Gemm<cutlass::gemm::threadblock::MmaPipelined<cutlass::gemm::GemmShape<int=128, int=128, int=8>, cutlass::transform::threadblock::PredicatedTileIterator<cutlass::MatrixShape<int=128, int=8>, float, cutlass::layout::RowMajor, int=1, cutlass::transform::PitchLinearStripminedThreadMap<cutlass::layout::PitchLinearShape<int=8, int=128>, int=256, int=1>, int=1>, cutlass::transform::threadblock::RegularTileIterator<cutlass::MatrixShape<int=128, int=8>, float, cutlass::layout::ColumnMajor, int=1, cutlass::transform::TransposePitchLinearThreadMapSimt<cutlass::transform::PitchLinearStripminedThreadMap<cutlass::layout::PitchLinearShape<int=8, int=128>, int=256, int=1>>, int=4>, cutlass::transform::threadblock::PredicatedTileIterator<cutlass::MatrixShape<int=8, int=128>, float, cutlass::layout::RowMajor, int=0, cutlass::transform::PitchLinearStripminedThreadMap<cutlass::layout::PitchLinearShape<int=128, int=8>, int=256, int=1>, int=1>, cutlass::transform::threadblock::RegularTileIterator<cutlass::MatrixShape<int=8, int=128>, float, cutlass::layout::RowMajor, int=0, cutlass::transform::PitchLinearStripminedThreadMap<cutlass::layout::PitchLinearShape<int=128, int=8>, int=256, int=1>, int=4>, float, cutlass::layout::RowMajor, cutlass::gemm::threadblock::MmaPolicy<cutlass::gemm::warp::MmaSimt<cutlass::gemm::GemmShape<int=32, int=64, int=8>, float, cutlass::layout::ColumnMajor, float, cutlass::layout::RowMajor, float, cutlass::layout::RowMajor, cutlass::gemm::warp::MmaSimtPolicy<cutlass::MatrixShape<int=4, int=8>, cutlass::layout::RowMajorInterleaved<int=2>, cutlass::gemm::GemmShape<int=4, int=4, int=1>>, int=1, bool>, cutlass::MatrixShape<int=4, int=0>, cutlass::MatrixShape<int=0, int=0>, int=1>, cutlass::NumericArrayConverter<float, float, int=4, cutlass::FloatRoundStyle>, cutlass::NumericArrayConverter<float, float, int=4, cutlass::FloatRoundStyle>, bool>, cutlass::epilogue::threadblock::Epilogue<cutlass::gemm::GemmShape<int=128, int=128, int=8>, cutlass::gemm::warp::MmaSimt<cutlass::gemm::GemmShape<int=32, int=64, int=8>, float, cutlass::layout::ColumnMajor, float, cutlass::layout::RowMajor, float, cutlass::layout::RowMajor, cutlass::gemm::warp::MmaSimtPolicy<cutlass::MatrixShape<int=4, int=8>, cutlass::layout::RowMajorInterleaved<int=2>, cutlass::gemm::GemmShape<int=4, int=4, int=1>>, int=1, bool>, int=1, cutlass::epilogue::threadblock::PredicatedTileIterator<cutlass::epilogue::threadblock::OutputTileOptimalThreadMap<cutlass::epilogue::threadblock::OutputTileShape<int=128, int=1, int=4, int=4, int=1>, cutlass::epilogue::threadblock::OutputTileShape<int=1, int=4, int=2, int=1, int=8>, int=256, int=1, int=32>, float>, cutlass::epilogue::warp::FragmentIteratorSimt<cutlass::gemm::GemmShape<int=32, int=64, int=8>, cutlass::gemm::thread::Mma<cutlass::gemm::GemmShape<int=8, int=8, int=1>, float, cutlass::layout::ColumnMajor, float, cutlass::layout::RowMajor, float, cutlass::layout::RowMajor, cutlass::arch::OpMultiplyAdd, bool>, cutlass::layout::RowMajor, cutlass::gemm::warp::MmaSimtPolicy<cutlass::MatrixShape<int=4, int=8>, cutlass::layout::RowMajorInterleaved<int=2>, cutlass::gemm::GemmShape<int=4, int=4, int=1>>>, cutlass::epilogue::warp::TileIteratorSimt<cutlass::gemm::GemmShape<int=32, int=64, int=8>, cutlass::gemm::thread::Mma<cutlass::gemm::GemmShape<int=8, int=8, int=1>, float, cutlass::layout::ColumnMajor, float, cutlass::layout::RowMajor, float, cutlass::layout::RowMajor, cutlass::arch::OpMultiplyAdd, bool>, float, cutlass::layout::RowMajor, cutlass::gemm::warp::MmaSimtPolicy<cutlass::MatrixShape<int=4, int=8>, cutlass::layout::RowMajorInterleaved<int=2>, cutlass::gemm::GemmShape<int=4, int=4, int=1>>>, cutlass::epilogue::threadblock::SharedLoadIterator<cutlass::epilogue::threadblock::OutputTileOptimalThreadMap<cutlass::epilogue::threadblock::OutputTileShape<int=128, int=1, int=4, int=4, int=1>::CompactedThreadMap, cutlass::epilogue::threadblock::OutputTileShape<int=1, int=4, int=2, int=1, int=8>, int=256, int=1, int=32>, float, int=4>, cutlass::epilogue::thread::LinearCombination<float",28945
25.000845,0.002048,,,,,,,,,,112,52.154064,"Pageable","Device","Tesla V100-PCIE-32GB (0)","1","7","[CUDA memcpy HtoD]",28965
25.001483,0.019552,2048,1,1,384,1,1,16,0.000000,0.000000,,,,,"Tesla V100-PCIE-32GB (0)","1","7","void scal_kernel_val<double, double>(cublasScalParamsVal<double, double>)",29079
25.002144,91.721399,64,64,1,256,1,1,124,0.000000,16.250000,,,,,"Tesla V100-PCIE-32GB (0)","1","7","void cutlass::Kernel<cutlass::gemm::kernel::Gemm<cutlass::gemm::threadblock::MmaPipelined<cutlass::gemm::GemmShape<int=128, int=128, int=8>, cutlass::transform::threadblock::PredicatedTileIterator<cutlass::MatrixShape<int=128, int=8>, float, cutlass::layout::RowMajor, int=1, cutlass::transform::PitchLinearStripminedThreadMap<cutlass::layout::PitchLinearShape<int=8, int=128>, int=256, int=1>, int=1>, cutlass::transform::threadblock::RegularTileIterator<cutlass::MatrixShape<int=128, int=8>, float, cutlass::layout::ColumnMajor, int=1, cutlass::transform::TransposePitchLinearThreadMapSimt<cutlass::transform::PitchLinearStripminedThreadMap<cutlass::layout::PitchLinearShape<int=8, int=128>, int=256, int=1>>, int=4>, cutlass::transform::threadblock::PredicatedTileIterator<cutlass::MatrixShape<int=8, int=128>, float, cutlass::layout::RowMajor, int=0, cutlass::transform::PitchLinearStripminedThreadMap<cutlass::layout::PitchLinearShape<int=128, int=8>, int=256, int=1>, int=1>, cutlass::transform::threadblock::RegularTileIterator<cutlass::MatrixShape<int=8, int=128>, float, cutlass::layout::RowMajor, int=0, cutlass::transform::PitchLinearStripminedThreadMap<cutlass::layout::PitchLinearShape<int=128, int=8>, int=256, int=1>, int=4>, float, cutlass::layout::RowMajor, cutlass::gemm::threadblock::MmaPolicy<cutlass::gemm::warp::MmaSimt<cutlass::gemm::GemmShape<int=32, int=64, int=8>, float, cutlass::layout::ColumnMajor, float, cutlass::layout::RowMajor, float, cutlass::layout::RowMajor, cutlass::gemm::warp::MmaSimtPolicy<cutlass::MatrixShape<int=4, int=8>, cutlass::layout::RowMajorInterleaved<int=2>, cutlass::gemm::GemmShape<int=4, int=4, int=1>>, int=1, bool>, cutlass::MatrixShape<int=4, int=0>, cutlass::MatrixShape<int=0, int=0>, int=1>, cutlass::NumericArrayConverter<float, float, int=4, cutlass::FloatRoundStyle>, cutlass::NumericArrayConverter<float, float, int=4, cutlass::FloatRoundStyle>, bool>, cutlass::epilogue::threadblock::Epilogue<cutlass::gemm::GemmShape<int=128, int=128, int=8>, cutlass::gemm::warp::MmaSimt<cutlass::gemm::GemmShape<int=32, int=64, int=8>, float, cutlass::layout::ColumnMajor, float, cutlass::layout::RowMajor, float, cutlass::layout::RowMajor, cutlass::gemm::warp::MmaSimtPolicy<cutlass::MatrixShape<int=4, int=8>, cutlass::layout::RowMajorInterleaved<int=2>, cutlass::gemm::GemmShape<int=4, int=4, int=1>>, int=1, bool>, int=1, cutlass::epilogue::threadblock::PredicatedTileIterator<cutlass::epilogue::threadblock::OutputTileOptimalThreadMap<cutlass::epilogue::threadblock::OutputTileShape<int=128, int=1, int=4, int=4, int=1>, cutlass::epilogue::threadblock::OutputTileShape<int=1, int=4, int=2, int=1, int=8>, int=256, int=1, int=32>, float>, cutlass::epilogue::warp::FragmentIteratorSimt<cutlass::gemm::GemmShape<int=32, int=64, int=8>, cutlass::gemm::thread::Mma<cutlass::gemm::GemmShape<int=8, int=8, int=1>, float, cutlass::layout::ColumnMajor, float, cutlass::layout::RowMajor, float, cutlass::layout::RowMajor, cutlass::arch::OpMultiplyAdd, bool>, cutlass::layout::RowMajor, cutlass::gemm::warp::MmaSimtPolicy<cutlass::MatrixShape<int=4, int=8>, cutlass::layout::RowMajorInterleaved<int=2>, cutlass::gemm::GemmShape<int=4, int=4, int=1>>>, cutlass::epilogue::warp::TileIteratorSimt<cutlass::gemm::GemmShape<int=32, int=64, int=8>, cutlass::gemm::thread::Mma<cutlass::gemm::GemmShape<int=8, int=8, int=1>, float, cutlass::layout::ColumnMajor, float, cutlass::layout::RowMajor, float, cutlass::layout::RowMajor, cutlass::arch::OpMultiplyAdd, bool>, float, cutlass::layout::RowMajor, cutlass::gemm::warp::MmaSimtPolicy<cutlass::MatrixShape<int=4, int=8>, cutlass::layout::RowMajorInterleaved<int=2>, cutlass::gemm::GemmShape<int=4, int=4, int=1>>>, cutlass::epilogue::threadblock::SharedLoadIterator<cutlass::epilogue::threadblock::OutputTileOptimalThreadMap<cutlass::epilogue::threadblock::OutputTileShape<int=128, int=1, int=4, int=4, int=1>::CompactedThreadMap, cutlass::epilogue::threadblock::OutputTileShape<int=1, int=4, int=2, int=1, int=8>, int=256, int=1, int=32>, float, int=4>, cutlass::epilogue::thread::LinearCombination<float",29108
25.093876,0.001888,,,,,,,,,,112,56.573899,"Pageable","Device","Tesla V100-PCIE-32GB (0)","1","7","[CUDA memcpy HtoD]",29128
25.094582,0.021663,2048,1,1,384,1,1,16,0.000000,0.000000,,,,,"Tesla V100-PCIE-32GB (0)","1","7","void scal_kernel_val<double, double>(cublasScalParamsVal<double, double>)",29242
25.095112,91.728214,64,64,1,256,1,1,124,0.000000,16.250000,,,,,"Tesla V100-PCIE-32GB (0)","1","7","void cutlass::Kernel<cutlass::gemm::kernel::Gemm<cutlass::gemm::threadblock::MmaPipelined<cutlass::gemm::GemmShape<int=128, int=128, int=8>, cutlass::transform::threadblock::PredicatedTileIterator<cutlass::MatrixShape<int=128, int=8>, float, cutlass::layout::RowMajor, int=1, cutlass::transform::PitchLinearStripminedThreadMap<cutlass::layout::PitchLinearShape<int=8, int=128>, int=256, int=1>, int=1>, cutlass::transform::threadblock::RegularTileIterator<cutlass::MatrixShape<int=128, int=8>, float, cutlass::layout::ColumnMajor, int=1, cutlass::transform::TransposePitchLinearThreadMapSimt<cutlass::transform::PitchLinearStripminedThreadMap<cutlass::layout::PitchLinearShape<int=8, int=128>, int=256, int=1>>, int=4>, cutlass::transform::threadblock::PredicatedTileIterator<cutlass::MatrixShape<int=8, int=128>, float, cutlass::layout::RowMajor, int=0, cutlass::transform::PitchLinearStripminedThreadMap<cutlass::layout::PitchLinearShape<int=128, int=8>, int=256, int=1>, int=1>, cutlass::transform::threadblock::RegularTileIterator<cutlass::MatrixShape<int=8, int=128>, float, cutlass::layout::RowMajor, int=0, cutlass::transform::PitchLinearStripminedThreadMap<cutlass::layout::PitchLinearShape<int=128, int=8>, int=256, int=1>, int=4>, float, cutlass::layout::RowMajor, cutlass::gemm::threadblock::MmaPolicy<cutlass::gemm::warp::MmaSimt<cutlass::gemm::GemmShape<int=32, int=64, int=8>, float, cutlass::layout::ColumnMajor, float, cutlass::layout::RowMajor, float, cutlass::layout::RowMajor, cutlass::gemm::warp::MmaSimtPolicy<cutlass::MatrixShape<int=4, int=8>, cutlass::layout::RowMajorInterleaved<int=2>, cutlass::gemm::GemmShape<int=4, int=4, int=1>>, int=1, bool>, cutlass::MatrixShape<int=4, int=0>, cutlass::MatrixShape<int=0, int=0>, int=1>, cutlass::NumericArrayConverter<float, float, int=4, cutlass::FloatRoundStyle>, cutlass::NumericArrayConverter<float, float, int=4, cutlass::FloatRoundStyle>, bool>, cutlass::epilogue::threadblock::Epilogue<cutlass::gemm::GemmShape<int=128, int=128, int=8>, cutlass::gemm::warp::MmaSimt<cutlass::gemm::GemmShape<int=32, int=64, int=8>, float, cutlass::layout::ColumnMajor, float, cutlass::layout::RowMajor, float, cutlass::layout::RowMajor, cutlass::gemm::warp::MmaSimtPolicy<cutlass::MatrixShape<int=4, int=8>, cutlass::layout::RowMajorInterleaved<int=2>, cutlass::gemm::GemmShape<int=4, int=4, int=1>>, int=1, bool>, int=1, cutlass::epilogue::threadblock::PredicatedTileIterator<cutlass::epilogue::threadblock::OutputTileOptimalThreadMap<cutlass::epilogue::threadblock::OutputTileShape<int=128, int=1, int=4, int=4, int=1>, cutlass::epilogue::threadblock::OutputTileShape<int=1, int=4, int=2, int=1, int=8>, int=256, int=1, int=32>, float>, cutlass::epilogue::warp::FragmentIteratorSimt<cutlass::gemm::GemmShape<int=32, int=64, int=8>, cutlass::gemm::thread::Mma<cutlass::gemm::GemmShape<int=8, int=8, int=1>, float, cutlass::layout::ColumnMajor, float, cutlass::layout::RowMajor, float, cutlass::layout::RowMajor, cutlass::arch::OpMultiplyAdd, bool>, cutlass::layout::RowMajor, cutlass::gemm::warp::MmaSimtPolicy<cutlass::MatrixShape<int=4, int=8>, cutlass::layout::RowMajorInterleaved<int=2>, cutlass::gemm::GemmShape<int=4, int=4, int=1>>>, cutlass::epilogue::warp::TileIteratorSimt<cutlass::gemm::GemmShape<int=32, int=64, int=8>, cutlass::gemm::thread::Mma<cutlass::gemm::GemmShape<int=8, int=8, int=1>, float, cutlass::layout::ColumnMajor, float, cutlass::layout::RowMajor, float, cutlass::layout::RowMajor, cutlass::arch::OpMultiplyAdd, bool>, float, cutlass::layout::RowMajor, cutlass::gemm::warp::MmaSimtPolicy<cutlass::MatrixShape<int=4, int=8>, cutlass::layout::RowMajorInterleaved<int=2>, cutlass::gemm::GemmShape<int=4, int=4, int=1>>>, cutlass::epilogue::threadblock::SharedLoadIterator<cutlass::epilogue::threadblock::OutputTileOptimalThreadMap<cutlass::epilogue::threadblock::OutputTileShape<int=128, int=1, int=4, int=4, int=1>::CompactedThreadMap, cutlass::epilogue::threadblock::OutputTileShape<int=1, int=4, int=2, int=1, int=8>, int=256, int=1, int=32>, float, int=4>, cutlass::epilogue::thread::LinearCombination<float",29271
25.186850,0.001888,,,,,,,,,,112,56.573899,"Pageable","Device","Tesla V100-PCIE-32GB (0)","1","7","[CUDA memcpy HtoD]",29291
25.187497,0.019903,2048,1,1,384,1,1,16,0.000000,0.000000,,,,,"Tesla V100-PCIE-32GB (0)","1","7","void scal_kernel_val<double, double>(cublasScalParamsVal<double, double>)",29405
25.187937,91.707191,64,64,1,256,1,1,124,0.000000,16.250000,,,,,"Tesla V100-PCIE-32GB (0)","1","7","void cutlass::Kernel<cutlass::gemm::kernel::Gemm<cutlass::gemm::threadblock::MmaPipelined<cutlass::gemm::GemmShape<int=128, int=128, int=8>, cutlass::transform::threadblock::PredicatedTileIterator<cutlass::MatrixShape<int=128, int=8>, float, cutlass::layout::RowMajor, int=1, cutlass::transform::PitchLinearStripminedThreadMap<cutlass::layout::PitchLinearShape<int=8, int=128>, int=256, int=1>, int=1>, cutlass::transform::threadblock::RegularTileIterator<cutlass::MatrixShape<int=128, int=8>, float, cutlass::layout::ColumnMajor, int=1, cutlass::transform::TransposePitchLinearThreadMapSimt<cutlass::transform::PitchLinearStripminedThreadMap<cutlass::layout::PitchLinearShape<int=8, int=128>, int=256, int=1>>, int=4>, cutlass::transform::threadblock::PredicatedTileIterator<cutlass::MatrixShape<int=8, int=128>, float, cutlass::layout::RowMajor, int=0, cutlass::transform::PitchLinearStripminedThreadMap<cutlass::layout::PitchLinearShape<int=128, int=8>, int=256, int=1>, int=1>, cutlass::transform::threadblock::RegularTileIterator<cutlass::MatrixShape<int=8, int=128>, float, cutlass::layout::RowMajor, int=0, cutlass::transform::PitchLinearStripminedThreadMap<cutlass::layout::PitchLinearShape<int=128, int=8>, int=256, int=1>, int=4>, float, cutlass::layout::RowMajor, cutlass::gemm::threadblock::MmaPolicy<cutlass::gemm::warp::MmaSimt<cutlass::gemm::GemmShape<int=32, int=64, int=8>, float, cutlass::layout::ColumnMajor, float, cutlass::layout::RowMajor, float, cutlass::layout::RowMajor, cutlass::gemm::warp::MmaSimtPolicy<cutlass::MatrixShape<int=4, int=8>, cutlass::layout::RowMajorInterleaved<int=2>, cutlass::gemm::GemmShape<int=4, int=4, int=1>>, int=1, bool>, cutlass::MatrixShape<int=4, int=0>, cutlass::MatrixShape<int=0, int=0>, int=1>, cutlass::NumericArrayConverter<float, float, int=4, cutlass::FloatRoundStyle>, cutlass::NumericArrayConverter<float, float, int=4, cutlass::FloatRoundStyle>, bool>, cutlass::epilogue::threadblock::Epilogue<cutlass::gemm::GemmShape<int=128, int=128, int=8>, cutlass::gemm::warp::MmaSimt<cutlass::gemm::GemmShape<int=32, int=64, int=8>, float, cutlass::layout::ColumnMajor, float, cutlass::layout::RowMajor, float, cutlass::layout::RowMajor, cutlass::gemm::warp::MmaSimtPolicy<cutlass::MatrixShape<int=4, int=8>, cutlass::layout::RowMajorInterleaved<int=2>, cutlass::gemm::GemmShape<int=4, int=4, int=1>>, int=1, bool>, int=1, cutlass::epilogue::threadblock::PredicatedTileIterator<cutlass::epilogue::threadblock::OutputTileOptimalThreadMap<cutlass::epilogue::threadblock::OutputTileShape<int=128, int=1, int=4, int=4, int=1>, cutlass::epilogue::threadblock::OutputTileShape<int=1, int=4, int=2, int=1, int=8>, int=256, int=1, int=32>, float>, cutlass::epilogue::warp::FragmentIteratorSimt<cutlass::gemm::GemmShape<int=32, int=64, int=8>, cutlass::gemm::thread::Mma<cutlass::gemm::GemmShape<int=8, int=8, int=1>, float, cutlass::layout::ColumnMajor, float, cutlass::layout::RowMajor, float, cutlass::layout::RowMajor, cutlass::arch::OpMultiplyAdd, bool>, cutlass::layout::RowMajor, cutlass::gemm::warp::MmaSimtPolicy<cutlass::MatrixShape<int=4, int=8>, cutlass::layout::RowMajorInterleaved<int=2>, cutlass::gemm::GemmShape<int=4, int=4, int=1>>>, cutlass::epilogue::warp::TileIteratorSimt<cutlass::gemm::GemmShape<int=32, int=64, int=8>, cutlass::gemm::thread::Mma<cutlass::gemm::GemmShape<int=8, int=8, int=1>, float, cutlass::layout::ColumnMajor, float, cutlass::layout::RowMajor, float, cutlass::layout::RowMajor, cutlass::arch::OpMultiplyAdd, bool>, float, cutlass::layout::RowMajor, cutlass::gemm::warp::MmaSimtPolicy<cutlass::MatrixShape<int=4, int=8>, cutlass::layout::RowMajorInterleaved<int=2>, cutlass::gemm::GemmShape<int=4, int=4, int=1>>>, cutlass::epilogue::threadblock::SharedLoadIterator<cutlass::epilogue::threadblock::OutputTileOptimalThreadMap<cutlass::epilogue::threadblock::OutputTileShape<int=128, int=1, int=4, int=4, int=1>::CompactedThreadMap, cutlass::epilogue::threadblock::OutputTileShape<int=1, int=4, int=2, int=1, int=8>, int=256, int=1, int=32>, float, int=4>, cutlass::epilogue::thread::LinearCombination<float",29434
25.279653,0.001856,,,,,,,,,,112,57.549312,"Pageable","Device","Tesla V100-PCIE-32GB (0)","1","7","[CUDA memcpy HtoD]",29454
25.280291,0.019776,2048,1,1,384,1,1,16,0.000000,0.000000,,,,,"Tesla V100-PCIE-32GB (0)","1","7","void scal_kernel_val<double, double>(cublasScalParamsVal<double, double>)",29568
25.280734,91.727479,64,64,1,256,1,1,124,0.000000,16.250000,,,,,"Tesla V100-PCIE-32GB (0)","1","7","void cutlass::Kernel<cutlass::gemm::kernel::Gemm<cutlass::gemm::threadblock::MmaPipelined<cutlass::gemm::GemmShape<int=128, int=128, int=8>, cutlass::transform::threadblock::PredicatedTileIterator<cutlass::MatrixShape<int=128, int=8>, float, cutlass::layout::RowMajor, int=1, cutlass::transform::PitchLinearStripminedThreadMap<cutlass::layout::PitchLinearShape<int=8, int=128>, int=256, int=1>, int=1>, cutlass::transform::threadblock::RegularTileIterator<cutlass::MatrixShape<int=128, int=8>, float, cutlass::layout::ColumnMajor, int=1, cutlass::transform::TransposePitchLinearThreadMapSimt<cutlass::transform::PitchLinearStripminedThreadMap<cutlass::layout::PitchLinearShape<int=8, int=128>, int=256, int=1>>, int=4>, cutlass::transform::threadblock::PredicatedTileIterator<cutlass::MatrixShape<int=8, int=128>, float, cutlass::layout::RowMajor, int=0, cutlass::transform::PitchLinearStripminedThreadMap<cutlass::layout::PitchLinearShape<int=128, int=8>, int=256, int=1>, int=1>, cutlass::transform::threadblock::RegularTileIterator<cutlass::MatrixShape<int=8, int=128>, float, cutlass::layout::RowMajor, int=0, cutlass::transform::PitchLinearStripminedThreadMap<cutlass::layout::PitchLinearShape<int=128, int=8>, int=256, int=1>, int=4>, float, cutlass::layout::RowMajor, cutlass::gemm::threadblock::MmaPolicy<cutlass::gemm::warp::MmaSimt<cutlass::gemm::GemmShape<int=32, int=64, int=8>, float, cutlass::layout::ColumnMajor, float, cutlass::layout::RowMajor, float, cutlass::layout::RowMajor, cutlass::gemm::warp::MmaSimtPolicy<cutlass::MatrixShape<int=4, int=8>, cutlass::layout::RowMajorInterleaved<int=2>, cutlass::gemm::GemmShape<int=4, int=4, int=1>>, int=1, bool>, cutlass::MatrixShape<int=4, int=0>, cutlass::MatrixShape<int=0, int=0>, int=1>, cutlass::NumericArrayConverter<float, float, int=4, cutlass::FloatRoundStyle>, cutlass::NumericArrayConverter<float, float, int=4, cutlass::FloatRoundStyle>, bool>, cutlass::epilogue::threadblock::Epilogue<cutlass::gemm::GemmShape<int=128, int=128, int=8>, cutlass::gemm::warp::MmaSimt<cutlass::gemm::GemmShape<int=32, int=64, int=8>, float, cutlass::layout::ColumnMajor, float, cutlass::layout::RowMajor, float, cutlass::layout::RowMajor, cutlass::gemm::warp::MmaSimtPolicy<cutlass::MatrixShape<int=4, int=8>, cutlass::layout::RowMajorInterleaved<int=2>, cutlass::gemm::GemmShape<int=4, int=4, int=1>>, int=1, bool>, int=1, cutlass::epilogue::threadblock::PredicatedTileIterator<cutlass::epilogue::threadblock::OutputTileOptimalThreadMap<cutlass::epilogue::threadblock::OutputTileShape<int=128, int=1, int=4, int=4, int=1>, cutlass::epilogue::threadblock::OutputTileShape<int=1, int=4, int=2, int=1, int=8>, int=256, int=1, int=32>, float>, cutlass::epilogue::warp::FragmentIteratorSimt<cutlass::gemm::GemmShape<int=32, int=64, int=8>, cutlass::gemm::thread::Mma<cutlass::gemm::GemmShape<int=8, int=8, int=1>, float, cutlass::layout::ColumnMajor, float, cutlass::layout::RowMajor, float, cutlass::layout::RowMajor, cutlass::arch::OpMultiplyAdd, bool>, cutlass::layout::RowMajor, cutlass::gemm::warp::MmaSimtPolicy<cutlass::MatrixShape<int=4, int=8>, cutlass::layout::RowMajorInterleaved<int=2>, cutlass::gemm::GemmShape<int=4, int=4, int=1>>>, cutlass::epilogue::warp::TileIteratorSimt<cutlass::gemm::GemmShape<int=32, int=64, int=8>, cutlass::gemm::thread::Mma<cutlass::gemm::GemmShape<int=8, int=8, int=1>, float, cutlass::layout::ColumnMajor, float, cutlass::layout::RowMajor, float, cutlass::layout::RowMajor, cutlass::arch::OpMultiplyAdd, bool>, float, cutlass::layout::RowMajor, cutlass::gemm::warp::MmaSimtPolicy<cutlass::MatrixShape<int=4, int=8>, cutlass::layout::RowMajorInterleaved<int=2>, cutlass::gemm::GemmShape<int=4, int=4, int=1>>>, cutlass::epilogue::threadblock::SharedLoadIterator<cutlass::epilogue::threadblock::OutputTileOptimalThreadMap<cutlass::epilogue::threadblock::OutputTileShape<int=128, int=1, int=4, int=4, int=1>::CompactedThreadMap, cutlass::epilogue::threadblock::OutputTileShape<int=1, int=4, int=2, int=1, int=8>, int=256, int=1, int=32>, float, int=4>, cutlass::epilogue::thread::LinearCombination<float",29597
25.372470,0.001888,,,,,,,,,,112,56.573899,"Pageable","Device","Tesla V100-PCIE-32GB (0)","1","7","[CUDA memcpy HtoD]",29617
25.373115,0.019424,2048,1,1,384,1,1,16,0.000000,0.000000,,,,,"Tesla V100-PCIE-32GB (0)","1","7","void scal_kernel_val<double, double>(cublasScalParamsVal<double, double>)",29731
25.373553,91.727735,64,64,1,256,1,1,124,0.000000,16.250000,,,,,"Tesla V100-PCIE-32GB (0)","1","7","void cutlass::Kernel<cutlass::gemm::kernel::Gemm<cutlass::gemm::threadblock::MmaPipelined<cutlass::gemm::GemmShape<int=128, int=128, int=8>, cutlass::transform::threadblock::PredicatedTileIterator<cutlass::MatrixShape<int=128, int=8>, float, cutlass::layout::RowMajor, int=1, cutlass::transform::PitchLinearStripminedThreadMap<cutlass::layout::PitchLinearShape<int=8, int=128>, int=256, int=1>, int=1>, cutlass::transform::threadblock::RegularTileIterator<cutlass::MatrixShape<int=128, int=8>, float, cutlass::layout::ColumnMajor, int=1, cutlass::transform::TransposePitchLinearThreadMapSimt<cutlass::transform::PitchLinearStripminedThreadMap<cutlass::layout::PitchLinearShape<int=8, int=128>, int=256, int=1>>, int=4>, cutlass::transform::threadblock::PredicatedTileIterator<cutlass::MatrixShape<int=8, int=128>, float, cutlass::layout::RowMajor, int=0, cutlass::transform::PitchLinearStripminedThreadMap<cutlass::layout::PitchLinearShape<int=128, int=8>, int=256, int=1>, int=1>, cutlass::transform::threadblock::RegularTileIterator<cutlass::MatrixShape<int=8, int=128>, float, cutlass::layout::RowMajor, int=0, cutlass::transform::PitchLinearStripminedThreadMap<cutlass::layout::PitchLinearShape<int=128, int=8>, int=256, int=1>, int=4>, float, cutlass::layout::RowMajor, cutlass::gemm::threadblock::MmaPolicy<cutlass::gemm::warp::MmaSimt<cutlass::gemm::GemmShape<int=32, int=64, int=8>, float, cutlass::layout::ColumnMajor, float, cutlass::layout::RowMajor, float, cutlass::layout::RowMajor, cutlass::gemm::warp::MmaSimtPolicy<cutlass::MatrixShape<int=4, int=8>, cutlass::layout::RowMajorInterleaved<int=2>, cutlass::gemm::GemmShape<int=4, int=4, int=1>>, int=1, bool>, cutlass::MatrixShape<int=4, int=0>, cutlass::MatrixShape<int=0, int=0>, int=1>, cutlass::NumericArrayConverter<float, float, int=4, cutlass::FloatRoundStyle>, cutlass::NumericArrayConverter<float, float, int=4, cutlass::FloatRoundStyle>, bool>, cutlass::epilogue::threadblock::Epilogue<cutlass::gemm::GemmShape<int=128, int=128, int=8>, cutlass::gemm::warp::MmaSimt<cutlass::gemm::GemmShape<int=32, int=64, int=8>, float, cutlass::layout::ColumnMajor, float, cutlass::layout::RowMajor, float, cutlass::layout::RowMajor, cutlass::gemm::warp::MmaSimtPolicy<cutlass::MatrixShape<int=4, int=8>, cutlass::layout::RowMajorInterleaved<int=2>, cutlass::gemm::GemmShape<int=4, int=4, int=1>>, int=1, bool>, int=1, cutlass::epilogue::threadblock::PredicatedTileIterator<cutlass::epilogue::threadblock::OutputTileOptimalThreadMap<cutlass::epilogue::threadblock::OutputTileShape<int=128, int=1, int=4, int=4, int=1>, cutlass::epilogue::threadblock::OutputTileShape<int=1, int=4, int=2, int=1, int=8>, int=256, int=1, int=32>, float>, cutlass::epilogue::warp::FragmentIteratorSimt<cutlass::gemm::GemmShape<int=32, int=64, int=8>, cutlass::gemm::thread::Mma<cutlass::gemm::GemmShape<int=8, int=8, int=1>, float, cutlass::layout::ColumnMajor, float, cutlass::layout::RowMajor, float, cutlass::layout::RowMajor, cutlass::arch::OpMultiplyAdd, bool>, cutlass::layout::RowMajor, cutlass::gemm::warp::MmaSimtPolicy<cutlass::MatrixShape<int=4, int=8>, cutlass::layout::RowMajorInterleaved<int=2>, cutlass::gemm::GemmShape<int=4, int=4, int=1>>>, cutlass::epilogue::warp::TileIteratorSimt<cutlass::gemm::GemmShape<int=32, int=64, int=8>, cutlass::gemm::thread::Mma<cutlass::gemm::GemmShape<int=8, int=8, int=1>, float, cutlass::layout::ColumnMajor, float, cutlass::layout::RowMajor, float, cutlass::layout::RowMajor, cutlass::arch::OpMultiplyAdd, bool>, float, cutlass::layout::RowMajor, cutlass::gemm::warp::MmaSimtPolicy<cutlass::MatrixShape<int=4, int=8>, cutlass::layout::RowMajorInterleaved<int=2>, cutlass::gemm::GemmShape<int=4, int=4, int=1>>>, cutlass::epilogue::threadblock::SharedLoadIterator<cutlass::epilogue::threadblock::OutputTileOptimalThreadMap<cutlass::epilogue::threadblock::OutputTileShape<int=128, int=1, int=4, int=4, int=1>::CompactedThreadMap, cutlass::epilogue::threadblock::OutputTileShape<int=1, int=4, int=2, int=1, int=8>, int=256, int=1, int=32>, float, int=4>, cutlass::epilogue::thread::LinearCombination<float",29760
25.465290,0.001888,,,,,,,,,,112,56.573899,"Pageable","Device","Tesla V100-PCIE-32GB (0)","1","7","[CUDA memcpy HtoD]",29780
25.465932,0.019808,2048,1,1,384,1,1,16,0.000000,0.000000,,,,,"Tesla V100-PCIE-32GB (0)","1","7","void scal_kernel_val<double, double>(cublasScalParamsVal<double, double>)",29894
25.466370,91.706422,64,64,1,256,1,1,124,0.000000,16.250000,,,,,"Tesla V100-PCIE-32GB (0)","1","7","void cutlass::Kernel<cutlass::gemm::kernel::Gemm<cutlass::gemm::threadblock::MmaPipelined<cutlass::gemm::GemmShape<int=128, int=128, int=8>, cutlass::transform::threadblock::PredicatedTileIterator<cutlass::MatrixShape<int=128, int=8>, float, cutlass::layout::RowMajor, int=1, cutlass::transform::PitchLinearStripminedThreadMap<cutlass::layout::PitchLinearShape<int=8, int=128>, int=256, int=1>, int=1>, cutlass::transform::threadblock::RegularTileIterator<cutlass::MatrixShape<int=128, int=8>, float, cutlass::layout::ColumnMajor, int=1, cutlass::transform::TransposePitchLinearThreadMapSimt<cutlass::transform::PitchLinearStripminedThreadMap<cutlass::layout::PitchLinearShape<int=8, int=128>, int=256, int=1>>, int=4>, cutlass::transform::threadblock::PredicatedTileIterator<cutlass::MatrixShape<int=8, int=128>, float, cutlass::layout::RowMajor, int=0, cutlass::transform::PitchLinearStripminedThreadMap<cutlass::layout::PitchLinearShape<int=128, int=8>, int=256, int=1>, int=1>, cutlass::transform::threadblock::RegularTileIterator<cutlass::MatrixShape<int=8, int=128>, float, cutlass::layout::RowMajor, int=0, cutlass::transform::PitchLinearStripminedThreadMap<cutlass::layout::PitchLinearShape<int=128, int=8>, int=256, int=1>, int=4>, float, cutlass::layout::RowMajor, cutlass::gemm::threadblock::MmaPolicy<cutlass::gemm::warp::MmaSimt<cutlass::gemm::GemmShape<int=32, int=64, int=8>, float, cutlass::layout::ColumnMajor, float, cutlass::layout::RowMajor, float, cutlass::layout::RowMajor, cutlass::gemm::warp::MmaSimtPolicy<cutlass::MatrixShape<int=4, int=8>, cutlass::layout::RowMajorInterleaved<int=2>, cutlass::gemm::GemmShape<int=4, int=4, int=1>>, int=1, bool>, cutlass::MatrixShape<int=4, int=0>, cutlass::MatrixShape<int=0, int=0>, int=1>, cutlass::NumericArrayConverter<float, float, int=4, cutlass::FloatRoundStyle>, cutlass::NumericArrayConverter<float, float, int=4, cutlass::FloatRoundStyle>, bool>, cutlass::epilogue::threadblock::Epilogue<cutlass::gemm::GemmShape<int=128, int=128, int=8>, cutlass::gemm::warp::MmaSimt<cutlass::gemm::GemmShape<int=32, int=64, int=8>, float, cutlass::layout::ColumnMajor, float, cutlass::layout::RowMajor, float, cutlass::layout::RowMajor, cutlass::gemm::warp::MmaSimtPolicy<cutlass::MatrixShape<int=4, int=8>, cutlass::layout::RowMajorInterleaved<int=2>, cutlass::gemm::GemmShape<int=4, int=4, int=1>>, int=1, bool>, int=1, cutlass::epilogue::threadblock::PredicatedTileIterator<cutlass::epilogue::threadblock::OutputTileOptimalThreadMap<cutlass::epilogue::threadblock::OutputTileShape<int=128, int=1, int=4, int=4, int=1>, cutlass::epilogue::threadblock::OutputTileShape<int=1, int=4, int=2, int=1, int=8>, int=256, int=1, int=32>, float>, cutlass::epilogue::warp::FragmentIteratorSimt<cutlass::gemm::GemmShape<int=32, int=64, int=8>, cutlass::gemm::thread::Mma<cutlass::gemm::GemmShape<int=8, int=8, int=1>, float, cutlass::layout::ColumnMajor, float, cutlass::layout::RowMajor, float, cutlass::layout::RowMajor, cutlass::arch::OpMultiplyAdd, bool>, cutlass::layout::RowMajor, cutlass::gemm::warp::MmaSimtPolicy<cutlass::MatrixShape<int=4, int=8>, cutlass::layout::RowMajorInterleaved<int=2>, cutlass::gemm::GemmShape<int=4, int=4, int=1>>>, cutlass::epilogue::warp::TileIteratorSimt<cutlass::gemm::GemmShape<int=32, int=64, int=8>, cutlass::gemm::thread::Mma<cutlass::gemm::GemmShape<int=8, int=8, int=1>, float, cutlass::layout::ColumnMajor, float, cutlass::layout::RowMajor, float, cutlass::layout::RowMajor, cutlass::arch::OpMultiplyAdd, bool>, float, cutlass::layout::RowMajor, cutlass::gemm::warp::MmaSimtPolicy<cutlass::MatrixShape<int=4, int=8>, cutlass::layout::RowMajorInterleaved<int=2>, cutlass::gemm::GemmShape<int=4, int=4, int=1>>>, cutlass::epilogue::threadblock::SharedLoadIterator<cutlass::epilogue::threadblock::OutputTileOptimalThreadMap<cutlass::epilogue::threadblock::OutputTileShape<int=128, int=1, int=4, int=4, int=1>::CompactedThreadMap, cutlass::epilogue::threadblock::OutputTileShape<int=1, int=4, int=2, int=1, int=8>, int=256, int=1, int=32>, float, int=4>, cutlass::epilogue::thread::LinearCombination<float",29923
25.558085,0.001888,,,,,,,,,,112,56.573899,"Pageable","Device","Tesla V100-PCIE-32GB (0)","1","7","[CUDA memcpy HtoD]",29943
25.558725,0.020608,2048,1,1,384,1,1,16,0.000000,0.000000,,,,,"Tesla V100-PCIE-32GB (0)","1","7","void scal_kernel_val<double, double>(cublasScalParamsVal<double, double>)",30057
25.560484,91.709239,64,64,1,256,1,1,124,0.000000,16.250000,,,,,"Tesla V100-PCIE-32GB (0)","1","7","void cutlass::Kernel<cutlass::gemm::kernel::Gemm<cutlass::gemm::threadblock::MmaPipelined<cutlass::gemm::GemmShape<int=128, int=128, int=8>, cutlass::transform::threadblock::PredicatedTileIterator<cutlass::MatrixShape<int=128, int=8>, float, cutlass::layout::RowMajor, int=1, cutlass::transform::PitchLinearStripminedThreadMap<cutlass::layout::PitchLinearShape<int=8, int=128>, int=256, int=1>, int=1>, cutlass::transform::threadblock::RegularTileIterator<cutlass::MatrixShape<int=128, int=8>, float, cutlass::layout::ColumnMajor, int=1, cutlass::transform::TransposePitchLinearThreadMapSimt<cutlass::transform::PitchLinearStripminedThreadMap<cutlass::layout::PitchLinearShape<int=8, int=128>, int=256, int=1>>, int=4>, cutlass::transform::threadblock::PredicatedTileIterator<cutlass::MatrixShape<int=8, int=128>, float, cutlass::layout::RowMajor, int=0, cutlass::transform::PitchLinearStripminedThreadMap<cutlass::layout::PitchLinearShape<int=128, int=8>, int=256, int=1>, int=1>, cutlass::transform::threadblock::RegularTileIterator<cutlass::MatrixShape<int=8, int=128>, float, cutlass::layout::RowMajor, int=0, cutlass::transform::PitchLinearStripminedThreadMap<cutlass::layout::PitchLinearShape<int=128, int=8>, int=256, int=1>, int=4>, float, cutlass::layout::RowMajor, cutlass::gemm::threadblock::MmaPolicy<cutlass::gemm::warp::MmaSimt<cutlass::gemm::GemmShape<int=32, int=64, int=8>, float, cutlass::layout::ColumnMajor, float, cutlass::layout::RowMajor, float, cutlass::layout::RowMajor, cutlass::gemm::warp::MmaSimtPolicy<cutlass::MatrixShape<int=4, int=8>, cutlass::layout::RowMajorInterleaved<int=2>, cutlass::gemm::GemmShape<int=4, int=4, int=1>>, int=1, bool>, cutlass::MatrixShape<int=4, int=0>, cutlass::MatrixShape<int=0, int=0>, int=1>, cutlass::NumericArrayConverter<float, float, int=4, cutlass::FloatRoundStyle>, cutlass::NumericArrayConverter<float, float, int=4, cutlass::FloatRoundStyle>, bool>, cutlass::epilogue::threadblock::Epilogue<cutlass::gemm::GemmShape<int=128, int=128, int=8>, cutlass::gemm::warp::MmaSimt<cutlass::gemm::GemmShape<int=32, int=64, int=8>, float, cutlass::layout::ColumnMajor, float, cutlass::layout::RowMajor, float, cutlass::layout::RowMajor, cutlass::gemm::warp::MmaSimtPolicy<cutlass::MatrixShape<int=4, int=8>, cutlass::layout::RowMajorInterleaved<int=2>, cutlass::gemm::GemmShape<int=4, int=4, int=1>>, int=1, bool>, int=1, cutlass::epilogue::threadblock::PredicatedTileIterator<cutlass::epilogue::threadblock::OutputTileOptimalThreadMap<cutlass::epilogue::threadblock::OutputTileShape<int=128, int=1, int=4, int=4, int=1>, cutlass::epilogue::threadblock::OutputTileShape<int=1, int=4, int=2, int=1, int=8>, int=256, int=1, int=32>, float>, cutlass::epilogue::warp::FragmentIteratorSimt<cutlass::gemm::GemmShape<int=32, int=64, int=8>, cutlass::gemm::thread::Mma<cutlass::gemm::GemmShape<int=8, int=8, int=1>, float, cutlass::layout::ColumnMajor, float, cutlass::layout::RowMajor, float, cutlass::layout::RowMajor, cutlass::arch::OpMultiplyAdd, bool>, cutlass::layout::RowMajor, cutlass::gemm::warp::MmaSimtPolicy<cutlass::MatrixShape<int=4, int=8>, cutlass::layout::RowMajorInterleaved<int=2>, cutlass::gemm::GemmShape<int=4, int=4, int=1>>>, cutlass::epilogue::warp::TileIteratorSimt<cutlass::gemm::GemmShape<int=32, int=64, int=8>, cutlass::gemm::thread::Mma<cutlass::gemm::GemmShape<int=8, int=8, int=1>, float, cutlass::layout::ColumnMajor, float, cutlass::layout::RowMajor, float, cutlass::layout::RowMajor, cutlass::arch::OpMultiplyAdd, bool>, float, cutlass::layout::RowMajor, cutlass::gemm::warp::MmaSimtPolicy<cutlass::MatrixShape<int=4, int=8>, cutlass::layout::RowMajorInterleaved<int=2>, cutlass::gemm::GemmShape<int=4, int=4, int=1>>>, cutlass::epilogue::threadblock::SharedLoadIterator<cutlass::epilogue::threadblock::OutputTileOptimalThreadMap<cutlass::epilogue::threadblock::OutputTileShape<int=128, int=1, int=4, int=4, int=1>::CompactedThreadMap, cutlass::epilogue::threadblock::OutputTileShape<int=1, int=4, int=2, int=1, int=8>, int=256, int=1, int=32>, float, int=4>, cutlass::epilogue::thread::LinearCombination<float",30086
25.652202,0.001856,,,,,,,,,,112,57.549312,"Pageable","Device","Tesla V100-PCIE-32GB (0)","1","7","[CUDA memcpy HtoD]",30106
25.653029,0.019648,2048,1,1,384,1,1,16,0.000000,0.000000,,,,,"Tesla V100-PCIE-32GB (0)","1","7","void scal_kernel_val<double, double>(cublasScalParamsVal<double, double>)",30220
25.653478,91.737782,64,64,1,256,1,1,124,0.000000,16.250000,,,,,"Tesla V100-PCIE-32GB (0)","1","7","void cutlass::Kernel<cutlass::gemm::kernel::Gemm<cutlass::gemm::threadblock::MmaPipelined<cutlass::gemm::GemmShape<int=128, int=128, int=8>, cutlass::transform::threadblock::PredicatedTileIterator<cutlass::MatrixShape<int=128, int=8>, float, cutlass::layout::RowMajor, int=1, cutlass::transform::PitchLinearStripminedThreadMap<cutlass::layout::PitchLinearShape<int=8, int=128>, int=256, int=1>, int=1>, cutlass::transform::threadblock::RegularTileIterator<cutlass::MatrixShape<int=128, int=8>, float, cutlass::layout::ColumnMajor, int=1, cutlass::transform::TransposePitchLinearThreadMapSimt<cutlass::transform::PitchLinearStripminedThreadMap<cutlass::layout::PitchLinearShape<int=8, int=128>, int=256, int=1>>, int=4>, cutlass::transform::threadblock::PredicatedTileIterator<cutlass::MatrixShape<int=8, int=128>, float, cutlass::layout::RowMajor, int=0, cutlass::transform::PitchLinearStripminedThreadMap<cutlass::layout::PitchLinearShape<int=128, int=8>, int=256, int=1>, int=1>, cutlass::transform::threadblock::RegularTileIterator<cutlass::MatrixShape<int=8, int=128>, float, cutlass::layout::RowMajor, int=0, cutlass::transform::PitchLinearStripminedThreadMap<cutlass::layout::PitchLinearShape<int=128, int=8>, int=256, int=1>, int=4>, float, cutlass::layout::RowMajor, cutlass::gemm::threadblock::MmaPolicy<cutlass::gemm::warp::MmaSimt<cutlass::gemm::GemmShape<int=32, int=64, int=8>, float, cutlass::layout::ColumnMajor, float, cutlass::layout::RowMajor, float, cutlass::layout::RowMajor, cutlass::gemm::warp::MmaSimtPolicy<cutlass::MatrixShape<int=4, int=8>, cutlass::layout::RowMajorInterleaved<int=2>, cutlass::gemm::GemmShape<int=4, int=4, int=1>>, int=1, bool>, cutlass::MatrixShape<int=4, int=0>, cutlass::MatrixShape<int=0, int=0>, int=1>, cutlass::NumericArrayConverter<float, float, int=4, cutlass::FloatRoundStyle>, cutlass::NumericArrayConverter<float, float, int=4, cutlass::FloatRoundStyle>, bool>, cutlass::epilogue::threadblock::Epilogue<cutlass::gemm::GemmShape<int=128, int=128, int=8>, cutlass::gemm::warp::MmaSimt<cutlass::gemm::GemmShape<int=32, int=64, int=8>, float, cutlass::layout::ColumnMajor, float, cutlass::layout::RowMajor, float, cutlass::layout::RowMajor, cutlass::gemm::warp::MmaSimtPolicy<cutlass::MatrixShape<int=4, int=8>, cutlass::layout::RowMajorInterleaved<int=2>, cutlass::gemm::GemmShape<int=4, int=4, int=1>>, int=1, bool>, int=1, cutlass::epilogue::threadblock::PredicatedTileIterator<cutlass::epilogue::threadblock::OutputTileOptimalThreadMap<cutlass::epilogue::threadblock::OutputTileShape<int=128, int=1, int=4, int=4, int=1>, cutlass::epilogue::threadblock::OutputTileShape<int=1, int=4, int=2, int=1, int=8>, int=256, int=1, int=32>, float>, cutlass::epilogue::warp::FragmentIteratorSimt<cutlass::gemm::GemmShape<int=32, int=64, int=8>, cutlass::gemm::thread::Mma<cutlass::gemm::GemmShape<int=8, int=8, int=1>, float, cutlass::layout::ColumnMajor, float, cutlass::layout::RowMajor, float, cutlass::layout::RowMajor, cutlass::arch::OpMultiplyAdd, bool>, cutlass::layout::RowMajor, cutlass::gemm::warp::MmaSimtPolicy<cutlass::MatrixShape<int=4, int=8>, cutlass::layout::RowMajorInterleaved<int=2>, cutlass::gemm::GemmShape<int=4, int=4, int=1>>>, cutlass::epilogue::warp::TileIteratorSimt<cutlass::gemm::GemmShape<int=32, int=64, int=8>, cutlass::gemm::thread::Mma<cutlass::gemm::GemmShape<int=8, int=8, int=1>, float, cutlass::layout::ColumnMajor, float, cutlass::layout::RowMajor, float, cutlass::layout::RowMajor, cutlass::arch::OpMultiplyAdd, bool>, float, cutlass::layout::RowMajor, cutlass::gemm::warp::MmaSimtPolicy<cutlass::MatrixShape<int=4, int=8>, cutlass::layout::RowMajorInterleaved<int=2>, cutlass::gemm::GemmShape<int=4, int=4, int=1>>>, cutlass::epilogue::threadblock::SharedLoadIterator<cutlass::epilogue::threadblock::OutputTileOptimalThreadMap<cutlass::epilogue::threadblock::OutputTileShape<int=128, int=1, int=4, int=4, int=1>::CompactedThreadMap, cutlass::epilogue::threadblock::OutputTileShape<int=1, int=4, int=2, int=1, int=8>, int=256, int=1, int=32>, float, int=4>, cutlass::epilogue::thread::LinearCombination<float",30249
25.745225,0.001888,,,,,,,,,,112,56.573899,"Pageable","Device","Tesla V100-PCIE-32GB (0)","1","7","[CUDA memcpy HtoD]",30269
25.745870,0.019871,2048,1,1,384,1,1,16,0.000000,0.000000,,,,,"Tesla V100-PCIE-32GB (0)","1","7","void scal_kernel_val<double, double>(cublasScalParamsVal<double, double>)",30383
25.746304,91.726583,64,64,1,256,1,1,124,0.000000,16.250000,,,,,"Tesla V100-PCIE-32GB (0)","1","7","void cutlass::Kernel<cutlass::gemm::kernel::Gemm<cutlass::gemm::threadblock::MmaPipelined<cutlass::gemm::GemmShape<int=128, int=128, int=8>, cutlass::transform::threadblock::PredicatedTileIterator<cutlass::MatrixShape<int=128, int=8>, float, cutlass::layout::RowMajor, int=1, cutlass::transform::PitchLinearStripminedThreadMap<cutlass::layout::PitchLinearShape<int=8, int=128>, int=256, int=1>, int=1>, cutlass::transform::threadblock::RegularTileIterator<cutlass::MatrixShape<int=128, int=8>, float, cutlass::layout::ColumnMajor, int=1, cutlass::transform::TransposePitchLinearThreadMapSimt<cutlass::transform::PitchLinearStripminedThreadMap<cutlass::layout::PitchLinearShape<int=8, int=128>, int=256, int=1>>, int=4>, cutlass::transform::threadblock::PredicatedTileIterator<cutlass::MatrixShape<int=8, int=128>, float, cutlass::layout::RowMajor, int=0, cutlass::transform::PitchLinearStripminedThreadMap<cutlass::layout::PitchLinearShape<int=128, int=8>, int=256, int=1>, int=1>, cutlass::transform::threadblock::RegularTileIterator<cutlass::MatrixShape<int=8, int=128>, float, cutlass::layout::RowMajor, int=0, cutlass::transform::PitchLinearStripminedThreadMap<cutlass::layout::PitchLinearShape<int=128, int=8>, int=256, int=1>, int=4>, float, cutlass::layout::RowMajor, cutlass::gemm::threadblock::MmaPolicy<cutlass::gemm::warp::MmaSimt<cutlass::gemm::GemmShape<int=32, int=64, int=8>, float, cutlass::layout::ColumnMajor, float, cutlass::layout::RowMajor, float, cutlass::layout::RowMajor, cutlass::gemm::warp::MmaSimtPolicy<cutlass::MatrixShape<int=4, int=8>, cutlass::layout::RowMajorInterleaved<int=2>, cutlass::gemm::GemmShape<int=4, int=4, int=1>>, int=1, bool>, cutlass::MatrixShape<int=4, int=0>, cutlass::MatrixShape<int=0, int=0>, int=1>, cutlass::NumericArrayConverter<float, float, int=4, cutlass::FloatRoundStyle>, cutlass::NumericArrayConverter<float, float, int=4, cutlass::FloatRoundStyle>, bool>, cutlass::epilogue::threadblock::Epilogue<cutlass::gemm::GemmShape<int=128, int=128, int=8>, cutlass::gemm::warp::MmaSimt<cutlass::gemm::GemmShape<int=32, int=64, int=8>, float, cutlass::layout::ColumnMajor, float, cutlass::layout::RowMajor, float, cutlass::layout::RowMajor, cutlass::gemm::warp::MmaSimtPolicy<cutlass::MatrixShape<int=4, int=8>, cutlass::layout::RowMajorInterleaved<int=2>, cutlass::gemm::GemmShape<int=4, int=4, int=1>>, int=1, bool>, int=1, cutlass::epilogue::threadblock::PredicatedTileIterator<cutlass::epilogue::threadblock::OutputTileOptimalThreadMap<cutlass::epilogue::threadblock::OutputTileShape<int=128, int=1, int=4, int=4, int=1>, cutlass::epilogue::threadblock::OutputTileShape<int=1, int=4, int=2, int=1, int=8>, int=256, int=1, int=32>, float>, cutlass::epilogue::warp::FragmentIteratorSimt<cutlass::gemm::GemmShape<int=32, int=64, int=8>, cutlass::gemm::thread::Mma<cutlass::gemm::GemmShape<int=8, int=8, int=1>, float, cutlass::layout::ColumnMajor, float, cutlass::layout::RowMajor, float, cutlass::layout::RowMajor, cutlass::arch::OpMultiplyAdd, bool>, cutlass::layout::RowMajor, cutlass::gemm::warp::MmaSimtPolicy<cutlass::MatrixShape<int=4, int=8>, cutlass::layout::RowMajorInterleaved<int=2>, cutlass::gemm::GemmShape<int=4, int=4, int=1>>>, cutlass::epilogue::warp::TileIteratorSimt<cutlass::gemm::GemmShape<int=32, int=64, int=8>, cutlass::gemm::thread::Mma<cutlass::gemm::GemmShape<int=8, int=8, int=1>, float, cutlass::layout::ColumnMajor, float, cutlass::layout::RowMajor, float, cutlass::layout::RowMajor, cutlass::arch::OpMultiplyAdd, bool>, float, cutlass::layout::RowMajor, cutlass::gemm::warp::MmaSimtPolicy<cutlass::MatrixShape<int=4, int=8>, cutlass::layout::RowMajorInterleaved<int=2>, cutlass::gemm::GemmShape<int=4, int=4, int=1>>>, cutlass::epilogue::threadblock::SharedLoadIterator<cutlass::epilogue::threadblock::OutputTileOptimalThreadMap<cutlass::epilogue::threadblock::OutputTileShape<int=128, int=1, int=4, int=4, int=1>::CompactedThreadMap, cutlass::epilogue::threadblock::OutputTileShape<int=1, int=4, int=2, int=1, int=8>, int=256, int=1, int=32>, float, int=4>, cutlass::epilogue::thread::LinearCombination<float",30412
25.838039,0.001920,,,,,,,,,,112,55.631001,"Pageable","Device","Tesla V100-PCIE-32GB (0)","1","7","[CUDA memcpy HtoD]",30432
25.838688,0.019424,2048,1,1,384,1,1,16,0.000000,0.000000,,,,,"Tesla V100-PCIE-32GB (0)","1","7","void scal_kernel_val<double, double>(cublasScalParamsVal<double, double>)",30546
25.839139,91.723287,64,64,1,256,1,1,124,0.000000,16.250000,,,,,"Tesla V100-PCIE-32GB (0)","1","7","void cutlass::Kernel<cutlass::gemm::kernel::Gemm<cutlass::gemm::threadblock::MmaPipelined<cutlass::gemm::GemmShape<int=128, int=128, int=8>, cutlass::transform::threadblock::PredicatedTileIterator<cutlass::MatrixShape<int=128, int=8>, float, cutlass::layout::RowMajor, int=1, cutlass::transform::PitchLinearStripminedThreadMap<cutlass::layout::PitchLinearShape<int=8, int=128>, int=256, int=1>, int=1>, cutlass::transform::threadblock::RegularTileIterator<cutlass::MatrixShape<int=128, int=8>, float, cutlass::layout::ColumnMajor, int=1, cutlass::transform::TransposePitchLinearThreadMapSimt<cutlass::transform::PitchLinearStripminedThreadMap<cutlass::layout::PitchLinearShape<int=8, int=128>, int=256, int=1>>, int=4>, cutlass::transform::threadblock::PredicatedTileIterator<cutlass::MatrixShape<int=8, int=128>, float, cutlass::layout::RowMajor, int=0, cutlass::transform::PitchLinearStripminedThreadMap<cutlass::layout::PitchLinearShape<int=128, int=8>, int=256, int=1>, int=1>, cutlass::transform::threadblock::RegularTileIterator<cutlass::MatrixShape<int=8, int=128>, float, cutlass::layout::RowMajor, int=0, cutlass::transform::PitchLinearStripminedThreadMap<cutlass::layout::PitchLinearShape<int=128, int=8>, int=256, int=1>, int=4>, float, cutlass::layout::RowMajor, cutlass::gemm::threadblock::MmaPolicy<cutlass::gemm::warp::MmaSimt<cutlass::gemm::GemmShape<int=32, int=64, int=8>, float, cutlass::layout::ColumnMajor, float, cutlass::layout::RowMajor, float, cutlass::layout::RowMajor, cutlass::gemm::warp::MmaSimtPolicy<cutlass::MatrixShape<int=4, int=8>, cutlass::layout::RowMajorInterleaved<int=2>, cutlass::gemm::GemmShape<int=4, int=4, int=1>>, int=1, bool>, cutlass::MatrixShape<int=4, int=0>, cutlass::MatrixShape<int=0, int=0>, int=1>, cutlass::NumericArrayConverter<float, float, int=4, cutlass::FloatRoundStyle>, cutlass::NumericArrayConverter<float, float, int=4, cutlass::FloatRoundStyle>, bool>, cutlass::epilogue::threadblock::Epilogue<cutlass::gemm::GemmShape<int=128, int=128, int=8>, cutlass::gemm::warp::MmaSimt<cutlass::gemm::GemmShape<int=32, int=64, int=8>, float, cutlass::layout::ColumnMajor, float, cutlass::layout::RowMajor, float, cutlass::layout::RowMajor, cutlass::gemm::warp::MmaSimtPolicy<cutlass::MatrixShape<int=4, int=8>, cutlass::layout::RowMajorInterleaved<int=2>, cutlass::gemm::GemmShape<int=4, int=4, int=1>>, int=1, bool>, int=1, cutlass::epilogue::threadblock::PredicatedTileIterator<cutlass::epilogue::threadblock::OutputTileOptimalThreadMap<cutlass::epilogue::threadblock::OutputTileShape<int=128, int=1, int=4, int=4, int=1>, cutlass::epilogue::threadblock::OutputTileShape<int=1, int=4, int=2, int=1, int=8>, int=256, int=1, int=32>, float>, cutlass::epilogue::warp::FragmentIteratorSimt<cutlass::gemm::GemmShape<int=32, int=64, int=8>, cutlass::gemm::thread::Mma<cutlass::gemm::GemmShape<int=8, int=8, int=1>, float, cutlass::layout::ColumnMajor, float, cutlass::layout::RowMajor, float, cutlass::layout::RowMajor, cutlass::arch::OpMultiplyAdd, bool>, cutlass::layout::RowMajor, cutlass::gemm::warp::MmaSimtPolicy<cutlass::MatrixShape<int=4, int=8>, cutlass::layout::RowMajorInterleaved<int=2>, cutlass::gemm::GemmShape<int=4, int=4, int=1>>>, cutlass::epilogue::warp::TileIteratorSimt<cutlass::gemm::GemmShape<int=32, int=64, int=8>, cutlass::gemm::thread::Mma<cutlass::gemm::GemmShape<int=8, int=8, int=1>, float, cutlass::layout::ColumnMajor, float, cutlass::layout::RowMajor, float, cutlass::layout::RowMajor, cutlass::arch::OpMultiplyAdd, bool>, float, cutlass::layout::RowMajor, cutlass::gemm::warp::MmaSimtPolicy<cutlass::MatrixShape<int=4, int=8>, cutlass::layout::RowMajorInterleaved<int=2>, cutlass::gemm::GemmShape<int=4, int=4, int=1>>>, cutlass::epilogue::threadblock::SharedLoadIterator<cutlass::epilogue::threadblock::OutputTileOptimalThreadMap<cutlass::epilogue::threadblock::OutputTileShape<int=128, int=1, int=4, int=4, int=1>::CompactedThreadMap, cutlass::epilogue::threadblock::OutputTileShape<int=1, int=4, int=2, int=1, int=8>, int=256, int=1, int=32>, float, int=4>, cutlass::epilogue::thread::LinearCombination<float",30575
25.930870,0.001856,,,,,,,,,,112,57.549312,"Pageable","Device","Tesla V100-PCIE-32GB (0)","1","7","[CUDA memcpy HtoD]",30595
25.931509,0.019296,2048,1,1,384,1,1,16,0.000000,0.000000,,,,,"Tesla V100-PCIE-32GB (0)","1","7","void scal_kernel_val<double, double>(cublasScalParamsVal<double, double>)",30709
25.931958,91.728854,64,64,1,256,1,1,124,0.000000,16.250000,,,,,"Tesla V100-PCIE-32GB (0)","1","7","void cutlass::Kernel<cutlass::gemm::kernel::Gemm<cutlass::gemm::threadblock::MmaPipelined<cutlass::gemm::GemmShape<int=128, int=128, int=8>, cutlass::transform::threadblock::PredicatedTileIterator<cutlass::MatrixShape<int=128, int=8>, float, cutlass::layout::RowMajor, int=1, cutlass::transform::PitchLinearStripminedThreadMap<cutlass::layout::PitchLinearShape<int=8, int=128>, int=256, int=1>, int=1>, cutlass::transform::threadblock::RegularTileIterator<cutlass::MatrixShape<int=128, int=8>, float, cutlass::layout::ColumnMajor, int=1, cutlass::transform::TransposePitchLinearThreadMapSimt<cutlass::transform::PitchLinearStripminedThreadMap<cutlass::layout::PitchLinearShape<int=8, int=128>, int=256, int=1>>, int=4>, cutlass::transform::threadblock::PredicatedTileIterator<cutlass::MatrixShape<int=8, int=128>, float, cutlass::layout::RowMajor, int=0, cutlass::transform::PitchLinearStripminedThreadMap<cutlass::layout::PitchLinearShape<int=128, int=8>, int=256, int=1>, int=1>, cutlass::transform::threadblock::RegularTileIterator<cutlass::MatrixShape<int=8, int=128>, float, cutlass::layout::RowMajor, int=0, cutlass::transform::PitchLinearStripminedThreadMap<cutlass::layout::PitchLinearShape<int=128, int=8>, int=256, int=1>, int=4>, float, cutlass::layout::RowMajor, cutlass::gemm::threadblock::MmaPolicy<cutlass::gemm::warp::MmaSimt<cutlass::gemm::GemmShape<int=32, int=64, int=8>, float, cutlass::layout::ColumnMajor, float, cutlass::layout::RowMajor, float, cutlass::layout::RowMajor, cutlass::gemm::warp::MmaSimtPolicy<cutlass::MatrixShape<int=4, int=8>, cutlass::layout::RowMajorInterleaved<int=2>, cutlass::gemm::GemmShape<int=4, int=4, int=1>>, int=1, bool>, cutlass::MatrixShape<int=4, int=0>, cutlass::MatrixShape<int=0, int=0>, int=1>, cutlass::NumericArrayConverter<float, float, int=4, cutlass::FloatRoundStyle>, cutlass::NumericArrayConverter<float, float, int=4, cutlass::FloatRoundStyle>, bool>, cutlass::epilogue::threadblock::Epilogue<cutlass::gemm::GemmShape<int=128, int=128, int=8>, cutlass::gemm::warp::MmaSimt<cutlass::gemm::GemmShape<int=32, int=64, int=8>, float, cutlass::layout::ColumnMajor, float, cutlass::layout::RowMajor, float, cutlass::layout::RowMajor, cutlass::gemm::warp::MmaSimtPolicy<cutlass::MatrixShape<int=4, int=8>, cutlass::layout::RowMajorInterleaved<int=2>, cutlass::gemm::GemmShape<int=4, int=4, int=1>>, int=1, bool>, int=1, cutlass::epilogue::threadblock::PredicatedTileIterator<cutlass::epilogue::threadblock::OutputTileOptimalThreadMap<cutlass::epilogue::threadblock::OutputTileShape<int=128, int=1, int=4, int=4, int=1>, cutlass::epilogue::threadblock::OutputTileShape<int=1, int=4, int=2, int=1, int=8>, int=256, int=1, int=32>, float>, cutlass::epilogue::warp::FragmentIteratorSimt<cutlass::gemm::GemmShape<int=32, int=64, int=8>, cutlass::gemm::thread::Mma<cutlass::gemm::GemmShape<int=8, int=8, int=1>, float, cutlass::layout::ColumnMajor, float, cutlass::layout::RowMajor, float, cutlass::layout::RowMajor, cutlass::arch::OpMultiplyAdd, bool>, cutlass::layout::RowMajor, cutlass::gemm::warp::MmaSimtPolicy<cutlass::MatrixShape<int=4, int=8>, cutlass::layout::RowMajorInterleaved<int=2>, cutlass::gemm::GemmShape<int=4, int=4, int=1>>>, cutlass::epilogue::warp::TileIteratorSimt<cutlass::gemm::GemmShape<int=32, int=64, int=8>, cutlass::gemm::thread::Mma<cutlass::gemm::GemmShape<int=8, int=8, int=1>, float, cutlass::layout::ColumnMajor, float, cutlass::layout::RowMajor, float, cutlass::layout::RowMajor, cutlass::arch::OpMultiplyAdd, bool>, float, cutlass::layout::RowMajor, cutlass::gemm::warp::MmaSimtPolicy<cutlass::MatrixShape<int=4, int=8>, cutlass::layout::RowMajorInterleaved<int=2>, cutlass::gemm::GemmShape<int=4, int=4, int=1>>>, cutlass::epilogue::threadblock::SharedLoadIterator<cutlass::epilogue::threadblock::OutputTileOptimalThreadMap<cutlass::epilogue::threadblock::OutputTileShape<int=128, int=1, int=4, int=4, int=1>::CompactedThreadMap, cutlass::epilogue::threadblock::OutputTileShape<int=1, int=4, int=2, int=1, int=8>, int=256, int=1, int=32>, float, int=4>, cutlass::epilogue::thread::LinearCombination<float",30738
26.023698,0.001856,,,,,,,,,,112,57.549312,"Pageable","Device","Tesla V100-PCIE-32GB (0)","1","7","[CUDA memcpy HtoD]",30758
26.024330,0.019423,2048,1,1,384,1,1,16,0.000000,0.000000,,,,,"Tesla V100-PCIE-32GB (0)","1","7","void scal_kernel_val<double, double>(cublasScalParamsVal<double, double>)",30872
26.024768,91.704310,64,64,1,256,1,1,124,0.000000,16.250000,,,,,"Tesla V100-PCIE-32GB (0)","1","7","void cutlass::Kernel<cutlass::gemm::kernel::Gemm<cutlass::gemm::threadblock::MmaPipelined<cutlass::gemm::GemmShape<int=128, int=128, int=8>, cutlass::transform::threadblock::PredicatedTileIterator<cutlass::MatrixShape<int=128, int=8>, float, cutlass::layout::RowMajor, int=1, cutlass::transform::PitchLinearStripminedThreadMap<cutlass::layout::PitchLinearShape<int=8, int=128>, int=256, int=1>, int=1>, cutlass::transform::threadblock::RegularTileIterator<cutlass::MatrixShape<int=128, int=8>, float, cutlass::layout::ColumnMajor, int=1, cutlass::transform::TransposePitchLinearThreadMapSimt<cutlass::transform::PitchLinearStripminedThreadMap<cutlass::layout::PitchLinearShape<int=8, int=128>, int=256, int=1>>, int=4>, cutlass::transform::threadblock::PredicatedTileIterator<cutlass::MatrixShape<int=8, int=128>, float, cutlass::layout::RowMajor, int=0, cutlass::transform::PitchLinearStripminedThreadMap<cutlass::layout::PitchLinearShape<int=128, int=8>, int=256, int=1>, int=1>, cutlass::transform::threadblock::RegularTileIterator<cutlass::MatrixShape<int=8, int=128>, float, cutlass::layout::RowMajor, int=0, cutlass::transform::PitchLinearStripminedThreadMap<cutlass::layout::PitchLinearShape<int=128, int=8>, int=256, int=1>, int=4>, float, cutlass::layout::RowMajor, cutlass::gemm::threadblock::MmaPolicy<cutlass::gemm::warp::MmaSimt<cutlass::gemm::GemmShape<int=32, int=64, int=8>, float, cutlass::layout::ColumnMajor, float, cutlass::layout::RowMajor, float, cutlass::layout::RowMajor, cutlass::gemm::warp::MmaSimtPolicy<cutlass::MatrixShape<int=4, int=8>, cutlass::layout::RowMajorInterleaved<int=2>, cutlass::gemm::GemmShape<int=4, int=4, int=1>>, int=1, bool>, cutlass::MatrixShape<int=4, int=0>, cutlass::MatrixShape<int=0, int=0>, int=1>, cutlass::NumericArrayConverter<float, float, int=4, cutlass::FloatRoundStyle>, cutlass::NumericArrayConverter<float, float, int=4, cutlass::FloatRoundStyle>, bool>, cutlass::epilogue::threadblock::Epilogue<cutlass::gemm::GemmShape<int=128, int=128, int=8>, cutlass::gemm::warp::MmaSimt<cutlass::gemm::GemmShape<int=32, int=64, int=8>, float, cutlass::layout::ColumnMajor, float, cutlass::layout::RowMajor, float, cutlass::layout::RowMajor, cutlass::gemm::warp::MmaSimtPolicy<cutlass::MatrixShape<int=4, int=8>, cutlass::layout::RowMajorInterleaved<int=2>, cutlass::gemm::GemmShape<int=4, int=4, int=1>>, int=1, bool>, int=1, cutlass::epilogue::threadblock::PredicatedTileIterator<cutlass::epilogue::threadblock::OutputTileOptimalThreadMap<cutlass::epilogue::threadblock::OutputTileShape<int=128, int=1, int=4, int=4, int=1>, cutlass::epilogue::threadblock::OutputTileShape<int=1, int=4, int=2, int=1, int=8>, int=256, int=1, int=32>, float>, cutlass::epilogue::warp::FragmentIteratorSimt<cutlass::gemm::GemmShape<int=32, int=64, int=8>, cutlass::gemm::thread::Mma<cutlass::gemm::GemmShape<int=8, int=8, int=1>, float, cutlass::layout::ColumnMajor, float, cutlass::layout::RowMajor, float, cutlass::layout::RowMajor, cutlass::arch::OpMultiplyAdd, bool>, cutlass::layout::RowMajor, cutlass::gemm::warp::MmaSimtPolicy<cutlass::MatrixShape<int=4, int=8>, cutlass::layout::RowMajorInterleaved<int=2>, cutlass::gemm::GemmShape<int=4, int=4, int=1>>>, cutlass::epilogue::warp::TileIteratorSimt<cutlass::gemm::GemmShape<int=32, int=64, int=8>, cutlass::gemm::thread::Mma<cutlass::gemm::GemmShape<int=8, int=8, int=1>, float, cutlass::layout::ColumnMajor, float, cutlass::layout::RowMajor, float, cutlass::layout::RowMajor, cutlass::arch::OpMultiplyAdd, bool>, float, cutlass::layout::RowMajor, cutlass::gemm::warp::MmaSimtPolicy<cutlass::MatrixShape<int=4, int=8>, cutlass::layout::RowMajorInterleaved<int=2>, cutlass::gemm::GemmShape<int=4, int=4, int=1>>>, cutlass::epilogue::threadblock::SharedLoadIterator<cutlass::epilogue::threadblock::OutputTileOptimalThreadMap<cutlass::epilogue::threadblock::OutputTileShape<int=128, int=1, int=4, int=4, int=1>::CompactedThreadMap, cutlass::epilogue::threadblock::OutputTileShape<int=1, int=4, int=2, int=1, int=8>, int=256, int=1, int=32>, float, int=4>, cutlass::epilogue::thread::LinearCombination<float",30901
26.116481,0.001888,,,,,,,,,,112,56.573899,"Pageable","Device","Tesla V100-PCIE-32GB (0)","1","7","[CUDA memcpy HtoD]",30921
26.117124,0.019871,2048,1,1,384,1,1,16,0.000000,0.000000,,,,,"Tesla V100-PCIE-32GB (0)","1","7","void scal_kernel_val<double, double>(cublasScalParamsVal<double, double>)",31035
26.117561,91.703895,64,64,1,256,1,1,124,0.000000,16.250000,,,,,"Tesla V100-PCIE-32GB (0)","1","7","void cutlass::Kernel<cutlass::gemm::kernel::Gemm<cutlass::gemm::threadblock::MmaPipelined<cutlass::gemm::GemmShape<int=128, int=128, int=8>, cutlass::transform::threadblock::PredicatedTileIterator<cutlass::MatrixShape<int=128, int=8>, float, cutlass::layout::RowMajor, int=1, cutlass::transform::PitchLinearStripminedThreadMap<cutlass::layout::PitchLinearShape<int=8, int=128>, int=256, int=1>, int=1>, cutlass::transform::threadblock::RegularTileIterator<cutlass::MatrixShape<int=128, int=8>, float, cutlass::layout::ColumnMajor, int=1, cutlass::transform::TransposePitchLinearThreadMapSimt<cutlass::transform::PitchLinearStripminedThreadMap<cutlass::layout::PitchLinearShape<int=8, int=128>, int=256, int=1>>, int=4>, cutlass::transform::threadblock::PredicatedTileIterator<cutlass::MatrixShape<int=8, int=128>, float, cutlass::layout::RowMajor, int=0, cutlass::transform::PitchLinearStripminedThreadMap<cutlass::layout::PitchLinearShape<int=128, int=8>, int=256, int=1>, int=1>, cutlass::transform::threadblock::RegularTileIterator<cutlass::MatrixShape<int=8, int=128>, float, cutlass::layout::RowMajor, int=0, cutlass::transform::PitchLinearStripminedThreadMap<cutlass::layout::PitchLinearShape<int=128, int=8>, int=256, int=1>, int=4>, float, cutlass::layout::RowMajor, cutlass::gemm::threadblock::MmaPolicy<cutlass::gemm::warp::MmaSimt<cutlass::gemm::GemmShape<int=32, int=64, int=8>, float, cutlass::layout::ColumnMajor, float, cutlass::layout::RowMajor, float, cutlass::layout::RowMajor, cutlass::gemm::warp::MmaSimtPolicy<cutlass::MatrixShape<int=4, int=8>, cutlass::layout::RowMajorInterleaved<int=2>, cutlass::gemm::GemmShape<int=4, int=4, int=1>>, int=1, bool>, cutlass::MatrixShape<int=4, int=0>, cutlass::MatrixShape<int=0, int=0>, int=1>, cutlass::NumericArrayConverter<float, float, int=4, cutlass::FloatRoundStyle>, cutlass::NumericArrayConverter<float, float, int=4, cutlass::FloatRoundStyle>, bool>, cutlass::epilogue::threadblock::Epilogue<cutlass::gemm::GemmShape<int=128, int=128, int=8>, cutlass::gemm::warp::MmaSimt<cutlass::gemm::GemmShape<int=32, int=64, int=8>, float, cutlass::layout::ColumnMajor, float, cutlass::layout::RowMajor, float, cutlass::layout::RowMajor, cutlass::gemm::warp::MmaSimtPolicy<cutlass::MatrixShape<int=4, int=8>, cutlass::layout::RowMajorInterleaved<int=2>, cutlass::gemm::GemmShape<int=4, int=4, int=1>>, int=1, bool>, int=1, cutlass::epilogue::threadblock::PredicatedTileIterator<cutlass::epilogue::threadblock::OutputTileOptimalThreadMap<cutlass::epilogue::threadblock::OutputTileShape<int=128, int=1, int=4, int=4, int=1>, cutlass::epilogue::threadblock::OutputTileShape<int=1, int=4, int=2, int=1, int=8>, int=256, int=1, int=32>, float>, cutlass::epilogue::warp::FragmentIteratorSimt<cutlass::gemm::GemmShape<int=32, int=64, int=8>, cutlass::gemm::thread::Mma<cutlass::gemm::GemmShape<int=8, int=8, int=1>, float, cutlass::layout::ColumnMajor, float, cutlass::layout::RowMajor, float, cutlass::layout::RowMajor, cutlass::arch::OpMultiplyAdd, bool>, cutlass::layout::RowMajor, cutlass::gemm::warp::MmaSimtPolicy<cutlass::MatrixShape<int=4, int=8>, cutlass::layout::RowMajorInterleaved<int=2>, cutlass::gemm::GemmShape<int=4, int=4, int=1>>>, cutlass::epilogue::warp::TileIteratorSimt<cutlass::gemm::GemmShape<int=32, int=64, int=8>, cutlass::gemm::thread::Mma<cutlass::gemm::GemmShape<int=8, int=8, int=1>, float, cutlass::layout::ColumnMajor, float, cutlass::layout::RowMajor, float, cutlass::layout::RowMajor, cutlass::arch::OpMultiplyAdd, bool>, float, cutlass::layout::RowMajor, cutlass::gemm::warp::MmaSimtPolicy<cutlass::MatrixShape<int=4, int=8>, cutlass::layout::RowMajorInterleaved<int=2>, cutlass::gemm::GemmShape<int=4, int=4, int=1>>>, cutlass::epilogue::threadblock::SharedLoadIterator<cutlass::epilogue::threadblock::OutputTileOptimalThreadMap<cutlass::epilogue::threadblock::OutputTileShape<int=128, int=1, int=4, int=4, int=1>::CompactedThreadMap, cutlass::epilogue::threadblock::OutputTileShape<int=1, int=4, int=2, int=1, int=8>, int=256, int=1, int=32>, float, int=4>, cutlass::epilogue::thread::LinearCombination<float",31064
26.209273,0.002368,,,,,,,,,,112,45.106217,"Pageable","Device","Tesla V100-PCIE-32GB (0)","1","7","[CUDA memcpy HtoD]",31084
26.209913,0.019488,2048,1,1,384,1,1,16,0.000000,0.000000,,,,,"Tesla V100-PCIE-32GB (0)","1","7","void scal_kernel_val<double, double>(cublasScalParamsVal<double, double>)",31198
26.210343,91.721847,64,64,1,256,1,1,124,0.000000,16.250000,,,,,"Tesla V100-PCIE-32GB (0)","1","7","void cutlass::Kernel<cutlass::gemm::kernel::Gemm<cutlass::gemm::threadblock::MmaPipelined<cutlass::gemm::GemmShape<int=128, int=128, int=8>, cutlass::transform::threadblock::PredicatedTileIterator<cutlass::MatrixShape<int=128, int=8>, float, cutlass::layout::RowMajor, int=1, cutlass::transform::PitchLinearStripminedThreadMap<cutlass::layout::PitchLinearShape<int=8, int=128>, int=256, int=1>, int=1>, cutlass::transform::threadblock::RegularTileIterator<cutlass::MatrixShape<int=128, int=8>, float, cutlass::layout::ColumnMajor, int=1, cutlass::transform::TransposePitchLinearThreadMapSimt<cutlass::transform::PitchLinearStripminedThreadMap<cutlass::layout::PitchLinearShape<int=8, int=128>, int=256, int=1>>, int=4>, cutlass::transform::threadblock::PredicatedTileIterator<cutlass::MatrixShape<int=8, int=128>, float, cutlass::layout::RowMajor, int=0, cutlass::transform::PitchLinearStripminedThreadMap<cutlass::layout::PitchLinearShape<int=128, int=8>, int=256, int=1>, int=1>, cutlass::transform::threadblock::RegularTileIterator<cutlass::MatrixShape<int=8, int=128>, float, cutlass::layout::RowMajor, int=0, cutlass::transform::PitchLinearStripminedThreadMap<cutlass::layout::PitchLinearShape<int=128, int=8>, int=256, int=1>, int=4>, float, cutlass::layout::RowMajor, cutlass::gemm::threadblock::MmaPolicy<cutlass::gemm::warp::MmaSimt<cutlass::gemm::GemmShape<int=32, int=64, int=8>, float, cutlass::layout::ColumnMajor, float, cutlass::layout::RowMajor, float, cutlass::layout::RowMajor, cutlass::gemm::warp::MmaSimtPolicy<cutlass::MatrixShape<int=4, int=8>, cutlass::layout::RowMajorInterleaved<int=2>, cutlass::gemm::GemmShape<int=4, int=4, int=1>>, int=1, bool>, cutlass::MatrixShape<int=4, int=0>, cutlass::MatrixShape<int=0, int=0>, int=1>, cutlass::NumericArrayConverter<float, float, int=4, cutlass::FloatRoundStyle>, cutlass::NumericArrayConverter<float, float, int=4, cutlass::FloatRoundStyle>, bool>, cutlass::epilogue::threadblock::Epilogue<cutlass::gemm::GemmShape<int=128, int=128, int=8>, cutlass::gemm::warp::MmaSimt<cutlass::gemm::GemmShape<int=32, int=64, int=8>, float, cutlass::layout::ColumnMajor, float, cutlass::layout::RowMajor, float, cutlass::layout::RowMajor, cutlass::gemm::warp::MmaSimtPolicy<cutlass::MatrixShape<int=4, int=8>, cutlass::layout::RowMajorInterleaved<int=2>, cutlass::gemm::GemmShape<int=4, int=4, int=1>>, int=1, bool>, int=1, cutlass::epilogue::threadblock::PredicatedTileIterator<cutlass::epilogue::threadblock::OutputTileOptimalThreadMap<cutlass::epilogue::threadblock::OutputTileShape<int=128, int=1, int=4, int=4, int=1>, cutlass::epilogue::threadblock::OutputTileShape<int=1, int=4, int=2, int=1, int=8>, int=256, int=1, int=32>, float>, cutlass::epilogue::warp::FragmentIteratorSimt<cutlass::gemm::GemmShape<int=32, int=64, int=8>, cutlass::gemm::thread::Mma<cutlass::gemm::GemmShape<int=8, int=8, int=1>, float, cutlass::layout::ColumnMajor, float, cutlass::layout::RowMajor, float, cutlass::layout::RowMajor, cutlass::arch::OpMultiplyAdd, bool>, cutlass::layout::RowMajor, cutlass::gemm::warp::MmaSimtPolicy<cutlass::MatrixShape<int=4, int=8>, cutlass::layout::RowMajorInterleaved<int=2>, cutlass::gemm::GemmShape<int=4, int=4, int=1>>>, cutlass::epilogue::warp::TileIteratorSimt<cutlass::gemm::GemmShape<int=32, int=64, int=8>, cutlass::gemm::thread::Mma<cutlass::gemm::GemmShape<int=8, int=8, int=1>, float, cutlass::layout::ColumnMajor, float, cutlass::layout::RowMajor, float, cutlass::layout::RowMajor, cutlass::arch::OpMultiplyAdd, bool>, float, cutlass::layout::RowMajor, cutlass::gemm::warp::MmaSimtPolicy<cutlass::MatrixShape<int=4, int=8>, cutlass::layout::RowMajorInterleaved<int=2>, cutlass::gemm::GemmShape<int=4, int=4, int=1>>>, cutlass::epilogue::threadblock::SharedLoadIterator<cutlass::epilogue::threadblock::OutputTileOptimalThreadMap<cutlass::epilogue::threadblock::OutputTileShape<int=128, int=1, int=4, int=4, int=1>::CompactedThreadMap, cutlass::epilogue::threadblock::OutputTileShape<int=1, int=4, int=2, int=1, int=8>, int=256, int=1, int=32>, float, int=4>, cutlass::epilogue::thread::LinearCombination<float",31227
26.302074,0.001888,,,,,,,,,,112,56.573899,"Pageable","Device","Tesla V100-PCIE-32GB (0)","1","7","[CUDA memcpy HtoD]",31247
26.302715,0.019488,2048,1,1,384,1,1,16,0.000000,0.000000,,,,,"Tesla V100-PCIE-32GB (0)","1","7","void scal_kernel_val<double, double>(cublasScalParamsVal<double, double>)",31361
26.303150,91.730903,64,64,1,256,1,1,124,0.000000,16.250000,,,,,"Tesla V100-PCIE-32GB (0)","1","7","void cutlass::Kernel<cutlass::gemm::kernel::Gemm<cutlass::gemm::threadblock::MmaPipelined<cutlass::gemm::GemmShape<int=128, int=128, int=8>, cutlass::transform::threadblock::PredicatedTileIterator<cutlass::MatrixShape<int=128, int=8>, float, cutlass::layout::RowMajor, int=1, cutlass::transform::PitchLinearStripminedThreadMap<cutlass::layout::PitchLinearShape<int=8, int=128>, int=256, int=1>, int=1>, cutlass::transform::threadblock::RegularTileIterator<cutlass::MatrixShape<int=128, int=8>, float, cutlass::layout::ColumnMajor, int=1, cutlass::transform::TransposePitchLinearThreadMapSimt<cutlass::transform::PitchLinearStripminedThreadMap<cutlass::layout::PitchLinearShape<int=8, int=128>, int=256, int=1>>, int=4>, cutlass::transform::threadblock::PredicatedTileIterator<cutlass::MatrixShape<int=8, int=128>, float, cutlass::layout::RowMajor, int=0, cutlass::transform::PitchLinearStripminedThreadMap<cutlass::layout::PitchLinearShape<int=128, int=8>, int=256, int=1>, int=1>, cutlass::transform::threadblock::RegularTileIterator<cutlass::MatrixShape<int=8, int=128>, float, cutlass::layout::RowMajor, int=0, cutlass::transform::PitchLinearStripminedThreadMap<cutlass::layout::PitchLinearShape<int=128, int=8>, int=256, int=1>, int=4>, float, cutlass::layout::RowMajor, cutlass::gemm::threadblock::MmaPolicy<cutlass::gemm::warp::MmaSimt<cutlass::gemm::GemmShape<int=32, int=64, int=8>, float, cutlass::layout::ColumnMajor, float, cutlass::layout::RowMajor, float, cutlass::layout::RowMajor, cutlass::gemm::warp::MmaSimtPolicy<cutlass::MatrixShape<int=4, int=8>, cutlass::layout::RowMajorInterleaved<int=2>, cutlass::gemm::GemmShape<int=4, int=4, int=1>>, int=1, bool>, cutlass::MatrixShape<int=4, int=0>, cutlass::MatrixShape<int=0, int=0>, int=1>, cutlass::NumericArrayConverter<float, float, int=4, cutlass::FloatRoundStyle>, cutlass::NumericArrayConverter<float, float, int=4, cutlass::FloatRoundStyle>, bool>, cutlass::epilogue::threadblock::Epilogue<cutlass::gemm::GemmShape<int=128, int=128, int=8>, cutlass::gemm::warp::MmaSimt<cutlass::gemm::GemmShape<int=32, int=64, int=8>, float, cutlass::layout::ColumnMajor, float, cutlass::layout::RowMajor, float, cutlass::layout::RowMajor, cutlass::gemm::warp::MmaSimtPolicy<cutlass::MatrixShape<int=4, int=8>, cutlass::layout::RowMajorInterleaved<int=2>, cutlass::gemm::GemmShape<int=4, int=4, int=1>>, int=1, bool>, int=1, cutlass::epilogue::threadblock::PredicatedTileIterator<cutlass::epilogue::threadblock::OutputTileOptimalThreadMap<cutlass::epilogue::threadblock::OutputTileShape<int=128, int=1, int=4, int=4, int=1>, cutlass::epilogue::threadblock::OutputTileShape<int=1, int=4, int=2, int=1, int=8>, int=256, int=1, int=32>, float>, cutlass::epilogue::warp::FragmentIteratorSimt<cutlass::gemm::GemmShape<int=32, int=64, int=8>, cutlass::gemm::thread::Mma<cutlass::gemm::GemmShape<int=8, int=8, int=1>, float, cutlass::layout::ColumnMajor, float, cutlass::layout::RowMajor, float, cutlass::layout::RowMajor, cutlass::arch::OpMultiplyAdd, bool>, cutlass::layout::RowMajor, cutlass::gemm::warp::MmaSimtPolicy<cutlass::MatrixShape<int=4, int=8>, cutlass::layout::RowMajorInterleaved<int=2>, cutlass::gemm::GemmShape<int=4, int=4, int=1>>>, cutlass::epilogue::warp::TileIteratorSimt<cutlass::gemm::GemmShape<int=32, int=64, int=8>, cutlass::gemm::thread::Mma<cutlass::gemm::GemmShape<int=8, int=8, int=1>, float, cutlass::layout::ColumnMajor, float, cutlass::layout::RowMajor, float, cutlass::layout::RowMajor, cutlass::arch::OpMultiplyAdd, bool>, float, cutlass::layout::RowMajor, cutlass::gemm::warp::MmaSimtPolicy<cutlass::MatrixShape<int=4, int=8>, cutlass::layout::RowMajorInterleaved<int=2>, cutlass::gemm::GemmShape<int=4, int=4, int=1>>>, cutlass::epilogue::threadblock::SharedLoadIterator<cutlass::epilogue::threadblock::OutputTileOptimalThreadMap<cutlass::epilogue::threadblock::OutputTileShape<int=128, int=1, int=4, int=4, int=1>::CompactedThreadMap, cutlass::epilogue::threadblock::OutputTileShape<int=1, int=4, int=2, int=1, int=8>, int=256, int=1, int=32>, float, int=4>, cutlass::epilogue::thread::LinearCombination<float",31390
26.394890,0.001920,,,,,,,,,,112,55.631001,"Pageable","Device","Tesla V100-PCIE-32GB (0)","1","7","[CUDA memcpy HtoD]",31410
26.395523,0.020032,2048,1,1,384,1,1,16,0.000000,0.000000,,,,,"Tesla V100-PCIE-32GB (0)","1","7","void scal_kernel_val<double, double>(cublasScalParamsVal<double, double>)",31524
26.395960,91.752438,64,64,1,256,1,1,124,0.000000,16.250000,,,,,"Tesla V100-PCIE-32GB (0)","1","7","void cutlass::Kernel<cutlass::gemm::kernel::Gemm<cutlass::gemm::threadblock::MmaPipelined<cutlass::gemm::GemmShape<int=128, int=128, int=8>, cutlass::transform::threadblock::PredicatedTileIterator<cutlass::MatrixShape<int=128, int=8>, float, cutlass::layout::RowMajor, int=1, cutlass::transform::PitchLinearStripminedThreadMap<cutlass::layout::PitchLinearShape<int=8, int=128>, int=256, int=1>, int=1>, cutlass::transform::threadblock::RegularTileIterator<cutlass::MatrixShape<int=128, int=8>, float, cutlass::layout::ColumnMajor, int=1, cutlass::transform::TransposePitchLinearThreadMapSimt<cutlass::transform::PitchLinearStripminedThreadMap<cutlass::layout::PitchLinearShape<int=8, int=128>, int=256, int=1>>, int=4>, cutlass::transform::threadblock::PredicatedTileIterator<cutlass::MatrixShape<int=8, int=128>, float, cutlass::layout::RowMajor, int=0, cutlass::transform::PitchLinearStripminedThreadMap<cutlass::layout::PitchLinearShape<int=128, int=8>, int=256, int=1>, int=1>, cutlass::transform::threadblock::RegularTileIterator<cutlass::MatrixShape<int=8, int=128>, float, cutlass::layout::RowMajor, int=0, cutlass::transform::PitchLinearStripminedThreadMap<cutlass::layout::PitchLinearShape<int=128, int=8>, int=256, int=1>, int=4>, float, cutlass::layout::RowMajor, cutlass::gemm::threadblock::MmaPolicy<cutlass::gemm::warp::MmaSimt<cutlass::gemm::GemmShape<int=32, int=64, int=8>, float, cutlass::layout::ColumnMajor, float, cutlass::layout::RowMajor, float, cutlass::layout::RowMajor, cutlass::gemm::warp::MmaSimtPolicy<cutlass::MatrixShape<int=4, int=8>, cutlass::layout::RowMajorInterleaved<int=2>, cutlass::gemm::GemmShape<int=4, int=4, int=1>>, int=1, bool>, cutlass::MatrixShape<int=4, int=0>, cutlass::MatrixShape<int=0, int=0>, int=1>, cutlass::NumericArrayConverter<float, float, int=4, cutlass::FloatRoundStyle>, cutlass::NumericArrayConverter<float, float, int=4, cutlass::FloatRoundStyle>, bool>, cutlass::epilogue::threadblock::Epilogue<cutlass::gemm::GemmShape<int=128, int=128, int=8>, cutlass::gemm::warp::MmaSimt<cutlass::gemm::GemmShape<int=32, int=64, int=8>, float, cutlass::layout::ColumnMajor, float, cutlass::layout::RowMajor, float, cutlass::layout::RowMajor, cutlass::gemm::warp::MmaSimtPolicy<cutlass::MatrixShape<int=4, int=8>, cutlass::layout::RowMajorInterleaved<int=2>, cutlass::gemm::GemmShape<int=4, int=4, int=1>>, int=1, bool>, int=1, cutlass::epilogue::threadblock::PredicatedTileIterator<cutlass::epilogue::threadblock::OutputTileOptimalThreadMap<cutlass::epilogue::threadblock::OutputTileShape<int=128, int=1, int=4, int=4, int=1>, cutlass::epilogue::threadblock::OutputTileShape<int=1, int=4, int=2, int=1, int=8>, int=256, int=1, int=32>, float>, cutlass::epilogue::warp::FragmentIteratorSimt<cutlass::gemm::GemmShape<int=32, int=64, int=8>, cutlass::gemm::thread::Mma<cutlass::gemm::GemmShape<int=8, int=8, int=1>, float, cutlass::layout::ColumnMajor, float, cutlass::layout::RowMajor, float, cutlass::layout::RowMajor, cutlass::arch::OpMultiplyAdd, bool>, cutlass::layout::RowMajor, cutlass::gemm::warp::MmaSimtPolicy<cutlass::MatrixShape<int=4, int=8>, cutlass::layout::RowMajorInterleaved<int=2>, cutlass::gemm::GemmShape<int=4, int=4, int=1>>>, cutlass::epilogue::warp::TileIteratorSimt<cutlass::gemm::GemmShape<int=32, int=64, int=8>, cutlass::gemm::thread::Mma<cutlass::gemm::GemmShape<int=8, int=8, int=1>, float, cutlass::layout::ColumnMajor, float, cutlass::layout::RowMajor, float, cutlass::layout::RowMajor, cutlass::arch::OpMultiplyAdd, bool>, float, cutlass::layout::RowMajor, cutlass::gemm::warp::MmaSimtPolicy<cutlass::MatrixShape<int=4, int=8>, cutlass::layout::RowMajorInterleaved<int=2>, cutlass::gemm::GemmShape<int=4, int=4, int=1>>>, cutlass::epilogue::threadblock::SharedLoadIterator<cutlass::epilogue::threadblock::OutputTileOptimalThreadMap<cutlass::epilogue::threadblock::OutputTileShape<int=128, int=1, int=4, int=4, int=1>::CompactedThreadMap, cutlass::epilogue::threadblock::OutputTileShape<int=1, int=4, int=2, int=1, int=8>, int=256, int=1, int=32>, float, int=4>, cutlass::epilogue::thread::LinearCombination<float",31553
26.487722,0.001888,,,,,,,,,,112,56.573899,"Pageable","Device","Tesla V100-PCIE-32GB (0)","1","7","[CUDA memcpy HtoD]",31573
26.490499,0.019168,2048,1,1,384,1,1,16,0.000000,0.000000,,,,,"Tesla V100-PCIE-32GB (0)","1","7","void scal_kernel_val<double, double>(cublasScalParamsVal<double, double>)",31687
26.490958,91.724023,64,64,1,256,1,1,124,0.000000,16.250000,,,,,"Tesla V100-PCIE-32GB (0)","1","7","void cutlass::Kernel<cutlass::gemm::kernel::Gemm<cutlass::gemm::threadblock::MmaPipelined<cutlass::gemm::GemmShape<int=128, int=128, int=8>, cutlass::transform::threadblock::PredicatedTileIterator<cutlass::MatrixShape<int=128, int=8>, float, cutlass::layout::RowMajor, int=1, cutlass::transform::PitchLinearStripminedThreadMap<cutlass::layout::PitchLinearShape<int=8, int=128>, int=256, int=1>, int=1>, cutlass::transform::threadblock::RegularTileIterator<cutlass::MatrixShape<int=128, int=8>, float, cutlass::layout::ColumnMajor, int=1, cutlass::transform::TransposePitchLinearThreadMapSimt<cutlass::transform::PitchLinearStripminedThreadMap<cutlass::layout::PitchLinearShape<int=8, int=128>, int=256, int=1>>, int=4>, cutlass::transform::threadblock::PredicatedTileIterator<cutlass::MatrixShape<int=8, int=128>, float, cutlass::layout::RowMajor, int=0, cutlass::transform::PitchLinearStripminedThreadMap<cutlass::layout::PitchLinearShape<int=128, int=8>, int=256, int=1>, int=1>, cutlass::transform::threadblock::RegularTileIterator<cutlass::MatrixShape<int=8, int=128>, float, cutlass::layout::RowMajor, int=0, cutlass::transform::PitchLinearStripminedThreadMap<cutlass::layout::PitchLinearShape<int=128, int=8>, int=256, int=1>, int=4>, float, cutlass::layout::RowMajor, cutlass::gemm::threadblock::MmaPolicy<cutlass::gemm::warp::MmaSimt<cutlass::gemm::GemmShape<int=32, int=64, int=8>, float, cutlass::layout::ColumnMajor, float, cutlass::layout::RowMajor, float, cutlass::layout::RowMajor, cutlass::gemm::warp::MmaSimtPolicy<cutlass::MatrixShape<int=4, int=8>, cutlass::layout::RowMajorInterleaved<int=2>, cutlass::gemm::GemmShape<int=4, int=4, int=1>>, int=1, bool>, cutlass::MatrixShape<int=4, int=0>, cutlass::MatrixShape<int=0, int=0>, int=1>, cutlass::NumericArrayConverter<float, float, int=4, cutlass::FloatRoundStyle>, cutlass::NumericArrayConverter<float, float, int=4, cutlass::FloatRoundStyle>, bool>, cutlass::epilogue::threadblock::Epilogue<cutlass::gemm::GemmShape<int=128, int=128, int=8>, cutlass::gemm::warp::MmaSimt<cutlass::gemm::GemmShape<int=32, int=64, int=8>, float, cutlass::layout::ColumnMajor, float, cutlass::layout::RowMajor, float, cutlass::layout::RowMajor, cutlass::gemm::warp::MmaSimtPolicy<cutlass::MatrixShape<int=4, int=8>, cutlass::layout::RowMajorInterleaved<int=2>, cutlass::gemm::GemmShape<int=4, int=4, int=1>>, int=1, bool>, int=1, cutlass::epilogue::threadblock::PredicatedTileIterator<cutlass::epilogue::threadblock::OutputTileOptimalThreadMap<cutlass::epilogue::threadblock::OutputTileShape<int=128, int=1, int=4, int=4, int=1>, cutlass::epilogue::threadblock::OutputTileShape<int=1, int=4, int=2, int=1, int=8>, int=256, int=1, int=32>, float>, cutlass::epilogue::warp::FragmentIteratorSimt<cutlass::gemm::GemmShape<int=32, int=64, int=8>, cutlass::gemm::thread::Mma<cutlass::gemm::GemmShape<int=8, int=8, int=1>, float, cutlass::layout::ColumnMajor, float, cutlass::layout::RowMajor, float, cutlass::layout::RowMajor, cutlass::arch::OpMultiplyAdd, bool>, cutlass::layout::RowMajor, cutlass::gemm::warp::MmaSimtPolicy<cutlass::MatrixShape<int=4, int=8>, cutlass::layout::RowMajorInterleaved<int=2>, cutlass::gemm::GemmShape<int=4, int=4, int=1>>>, cutlass::epilogue::warp::TileIteratorSimt<cutlass::gemm::GemmShape<int=32, int=64, int=8>, cutlass::gemm::thread::Mma<cutlass::gemm::GemmShape<int=8, int=8, int=1>, float, cutlass::layout::ColumnMajor, float, cutlass::layout::RowMajor, float, cutlass::layout::RowMajor, cutlass::arch::OpMultiplyAdd, bool>, float, cutlass::layout::RowMajor, cutlass::gemm::warp::MmaSimtPolicy<cutlass::MatrixShape<int=4, int=8>, cutlass::layout::RowMajorInterleaved<int=2>, cutlass::gemm::GemmShape<int=4, int=4, int=1>>>, cutlass::epilogue::threadblock::SharedLoadIterator<cutlass::epilogue::threadblock::OutputTileOptimalThreadMap<cutlass::epilogue::threadblock::OutputTileShape<int=128, int=1, int=4, int=4, int=1>::CompactedThreadMap, cutlass::epilogue::threadblock::OutputTileShape<int=1, int=4, int=2, int=1, int=8>, int=256, int=1, int=32>, float, int=4>, cutlass::epilogue::thread::LinearCombination<float",31716
26.582691,0.001888,,,,,,,,,,112,56.573899,"Pageable","Device","Tesla V100-PCIE-32GB (0)","1","7","[CUDA memcpy HtoD]",31736
26.583328,0.019552,2048,1,1,384,1,1,16,0.000000,0.000000,,,,,"Tesla V100-PCIE-32GB (0)","1","7","void scal_kernel_val<double, double>(cublasScalParamsVal<double, double>)",31850
26.583767,91.714551,64,64,1,256,1,1,124,0.000000,16.250000,,,,,"Tesla V100-PCIE-32GB (0)","1","7","void cutlass::Kernel<cutlass::gemm::kernel::Gemm<cutlass::gemm::threadblock::MmaPipelined<cutlass::gemm::GemmShape<int=128, int=128, int=8>, cutlass::transform::threadblock::PredicatedTileIterator<cutlass::MatrixShape<int=128, int=8>, float, cutlass::layout::RowMajor, int=1, cutlass::transform::PitchLinearStripminedThreadMap<cutlass::layout::PitchLinearShape<int=8, int=128>, int=256, int=1>, int=1>, cutlass::transform::threadblock::RegularTileIterator<cutlass::MatrixShape<int=128, int=8>, float, cutlass::layout::ColumnMajor, int=1, cutlass::transform::TransposePitchLinearThreadMapSimt<cutlass::transform::PitchLinearStripminedThreadMap<cutlass::layout::PitchLinearShape<int=8, int=128>, int=256, int=1>>, int=4>, cutlass::transform::threadblock::PredicatedTileIterator<cutlass::MatrixShape<int=8, int=128>, float, cutlass::layout::RowMajor, int=0, cutlass::transform::PitchLinearStripminedThreadMap<cutlass::layout::PitchLinearShape<int=128, int=8>, int=256, int=1>, int=1>, cutlass::transform::threadblock::RegularTileIterator<cutlass::MatrixShape<int=8, int=128>, float, cutlass::layout::RowMajor, int=0, cutlass::transform::PitchLinearStripminedThreadMap<cutlass::layout::PitchLinearShape<int=128, int=8>, int=256, int=1>, int=4>, float, cutlass::layout::RowMajor, cutlass::gemm::threadblock::MmaPolicy<cutlass::gemm::warp::MmaSimt<cutlass::gemm::GemmShape<int=32, int=64, int=8>, float, cutlass::layout::ColumnMajor, float, cutlass::layout::RowMajor, float, cutlass::layout::RowMajor, cutlass::gemm::warp::MmaSimtPolicy<cutlass::MatrixShape<int=4, int=8>, cutlass::layout::RowMajorInterleaved<int=2>, cutlass::gemm::GemmShape<int=4, int=4, int=1>>, int=1, bool>, cutlass::MatrixShape<int=4, int=0>, cutlass::MatrixShape<int=0, int=0>, int=1>, cutlass::NumericArrayConverter<float, float, int=4, cutlass::FloatRoundStyle>, cutlass::NumericArrayConverter<float, float, int=4, cutlass::FloatRoundStyle>, bool>, cutlass::epilogue::threadblock::Epilogue<cutlass::gemm::GemmShape<int=128, int=128, int=8>, cutlass::gemm::warp::MmaSimt<cutlass::gemm::GemmShape<int=32, int=64, int=8>, float, cutlass::layout::ColumnMajor, float, cutlass::layout::RowMajor, float, cutlass::layout::RowMajor, cutlass::gemm::warp::MmaSimtPolicy<cutlass::MatrixShape<int=4, int=8>, cutlass::layout::RowMajorInterleaved<int=2>, cutlass::gemm::GemmShape<int=4, int=4, int=1>>, int=1, bool>, int=1, cutlass::epilogue::threadblock::PredicatedTileIterator<cutlass::epilogue::threadblock::OutputTileOptimalThreadMap<cutlass::epilogue::threadblock::OutputTileShape<int=128, int=1, int=4, int=4, int=1>, cutlass::epilogue::threadblock::OutputTileShape<int=1, int=4, int=2, int=1, int=8>, int=256, int=1, int=32>, float>, cutlass::epilogue::warp::FragmentIteratorSimt<cutlass::gemm::GemmShape<int=32, int=64, int=8>, cutlass::gemm::thread::Mma<cutlass::gemm::GemmShape<int=8, int=8, int=1>, float, cutlass::layout::ColumnMajor, float, cutlass::layout::RowMajor, float, cutlass::layout::RowMajor, cutlass::arch::OpMultiplyAdd, bool>, cutlass::layout::RowMajor, cutlass::gemm::warp::MmaSimtPolicy<cutlass::MatrixShape<int=4, int=8>, cutlass::layout::RowMajorInterleaved<int=2>, cutlass::gemm::GemmShape<int=4, int=4, int=1>>>, cutlass::epilogue::warp::TileIteratorSimt<cutlass::gemm::GemmShape<int=32, int=64, int=8>, cutlass::gemm::thread::Mma<cutlass::gemm::GemmShape<int=8, int=8, int=1>, float, cutlass::layout::ColumnMajor, float, cutlass::layout::RowMajor, float, cutlass::layout::RowMajor, cutlass::arch::OpMultiplyAdd, bool>, float, cutlass::layout::RowMajor, cutlass::gemm::warp::MmaSimtPolicy<cutlass::MatrixShape<int=4, int=8>, cutlass::layout::RowMajorInterleaved<int=2>, cutlass::gemm::GemmShape<int=4, int=4, int=1>>>, cutlass::epilogue::threadblock::SharedLoadIterator<cutlass::epilogue::threadblock::OutputTileOptimalThreadMap<cutlass::epilogue::threadblock::OutputTileShape<int=128, int=1, int=4, int=4, int=1>::CompactedThreadMap, cutlass::epilogue::threadblock::OutputTileShape<int=1, int=4, int=2, int=1, int=8>, int=256, int=1, int=32>, float, int=4>, cutlass::epilogue::thread::LinearCombination<float",31879
26.675491,0.001888,,,,,,,,,,112,56.573899,"Pageable","Device","Tesla V100-PCIE-32GB (0)","1","7","[CUDA memcpy HtoD]",31899
26.676158,0.019520,2048,1,1,384,1,1,16,0.000000,0.000000,,,,,"Tesla V100-PCIE-32GB (0)","1","7","void scal_kernel_val<double, double>(cublasScalParamsVal<double, double>)",32013
26.676621,91.729943,64,64,1,256,1,1,124,0.000000,16.250000,,,,,"Tesla V100-PCIE-32GB (0)","1","7","void cutlass::Kernel<cutlass::gemm::kernel::Gemm<cutlass::gemm::threadblock::MmaPipelined<cutlass::gemm::GemmShape<int=128, int=128, int=8>, cutlass::transform::threadblock::PredicatedTileIterator<cutlass::MatrixShape<int=128, int=8>, float, cutlass::layout::RowMajor, int=1, cutlass::transform::PitchLinearStripminedThreadMap<cutlass::layout::PitchLinearShape<int=8, int=128>, int=256, int=1>, int=1>, cutlass::transform::threadblock::RegularTileIterator<cutlass::MatrixShape<int=128, int=8>, float, cutlass::layout::ColumnMajor, int=1, cutlass::transform::TransposePitchLinearThreadMapSimt<cutlass::transform::PitchLinearStripminedThreadMap<cutlass::layout::PitchLinearShape<int=8, int=128>, int=256, int=1>>, int=4>, cutlass::transform::threadblock::PredicatedTileIterator<cutlass::MatrixShape<int=8, int=128>, float, cutlass::layout::RowMajor, int=0, cutlass::transform::PitchLinearStripminedThreadMap<cutlass::layout::PitchLinearShape<int=128, int=8>, int=256, int=1>, int=1>, cutlass::transform::threadblock::RegularTileIterator<cutlass::MatrixShape<int=8, int=128>, float, cutlass::layout::RowMajor, int=0, cutlass::transform::PitchLinearStripminedThreadMap<cutlass::layout::PitchLinearShape<int=128, int=8>, int=256, int=1>, int=4>, float, cutlass::layout::RowMajor, cutlass::gemm::threadblock::MmaPolicy<cutlass::gemm::warp::MmaSimt<cutlass::gemm::GemmShape<int=32, int=64, int=8>, float, cutlass::layout::ColumnMajor, float, cutlass::layout::RowMajor, float, cutlass::layout::RowMajor, cutlass::gemm::warp::MmaSimtPolicy<cutlass::MatrixShape<int=4, int=8>, cutlass::layout::RowMajorInterleaved<int=2>, cutlass::gemm::GemmShape<int=4, int=4, int=1>>, int=1, bool>, cutlass::MatrixShape<int=4, int=0>, cutlass::MatrixShape<int=0, int=0>, int=1>, cutlass::NumericArrayConverter<float, float, int=4, cutlass::FloatRoundStyle>, cutlass::NumericArrayConverter<float, float, int=4, cutlass::FloatRoundStyle>, bool>, cutlass::epilogue::threadblock::Epilogue<cutlass::gemm::GemmShape<int=128, int=128, int=8>, cutlass::gemm::warp::MmaSimt<cutlass::gemm::GemmShape<int=32, int=64, int=8>, float, cutlass::layout::ColumnMajor, float, cutlass::layout::RowMajor, float, cutlass::layout::RowMajor, cutlass::gemm::warp::MmaSimtPolicy<cutlass::MatrixShape<int=4, int=8>, cutlass::layout::RowMajorInterleaved<int=2>, cutlass::gemm::GemmShape<int=4, int=4, int=1>>, int=1, bool>, int=1, cutlass::epilogue::threadblock::PredicatedTileIterator<cutlass::epilogue::threadblock::OutputTileOptimalThreadMap<cutlass::epilogue::threadblock::OutputTileShape<int=128, int=1, int=4, int=4, int=1>, cutlass::epilogue::threadblock::OutputTileShape<int=1, int=4, int=2, int=1, int=8>, int=256, int=1, int=32>, float>, cutlass::epilogue::warp::FragmentIteratorSimt<cutlass::gemm::GemmShape<int=32, int=64, int=8>, cutlass::gemm::thread::Mma<cutlass::gemm::GemmShape<int=8, int=8, int=1>, float, cutlass::layout::ColumnMajor, float, cutlass::layout::RowMajor, float, cutlass::layout::RowMajor, cutlass::arch::OpMultiplyAdd, bool>, cutlass::layout::RowMajor, cutlass::gemm::warp::MmaSimtPolicy<cutlass::MatrixShape<int=4, int=8>, cutlass::layout::RowMajorInterleaved<int=2>, cutlass::gemm::GemmShape<int=4, int=4, int=1>>>, cutlass::epilogue::warp::TileIteratorSimt<cutlass::gemm::GemmShape<int=32, int=64, int=8>, cutlass::gemm::thread::Mma<cutlass::gemm::GemmShape<int=8, int=8, int=1>, float, cutlass::layout::ColumnMajor, float, cutlass::layout::RowMajor, float, cutlass::layout::RowMajor, cutlass::arch::OpMultiplyAdd, bool>, float, cutlass::layout::RowMajor, cutlass::gemm::warp::MmaSimtPolicy<cutlass::MatrixShape<int=4, int=8>, cutlass::layout::RowMajorInterleaved<int=2>, cutlass::gemm::GemmShape<int=4, int=4, int=1>>>, cutlass::epilogue::threadblock::SharedLoadIterator<cutlass::epilogue::threadblock::OutputTileOptimalThreadMap<cutlass::epilogue::threadblock::OutputTileShape<int=128, int=1, int=4, int=4, int=1>::CompactedThreadMap, cutlass::epilogue::threadblock::OutputTileShape<int=1, int=4, int=2, int=1, int=8>, int=256, int=1, int=32>, float, int=4>, cutlass::epilogue::thread::LinearCombination<float",32042
26.768359,0.001888,,,,,,,,,,112,56.573899,"Pageable","Device","Tesla V100-PCIE-32GB (0)","1","7","[CUDA memcpy HtoD]",32062
26.768999,0.018944,2048,1,1,384,1,1,16,0.000000,0.000000,,,,,"Tesla V100-PCIE-32GB (0)","1","7","void scal_kernel_val<double, double>(cublasScalParamsVal<double, double>)",32176
26.769436,91.698647,64,64,1,256,1,1,124,0.000000,16.250000,,,,,"Tesla V100-PCIE-32GB (0)","1","7","void cutlass::Kernel<cutlass::gemm::kernel::Gemm<cutlass::gemm::threadblock::MmaPipelined<cutlass::gemm::GemmShape<int=128, int=128, int=8>, cutlass::transform::threadblock::PredicatedTileIterator<cutlass::MatrixShape<int=128, int=8>, float, cutlass::layout::RowMajor, int=1, cutlass::transform::PitchLinearStripminedThreadMap<cutlass::layout::PitchLinearShape<int=8, int=128>, int=256, int=1>, int=1>, cutlass::transform::threadblock::RegularTileIterator<cutlass::MatrixShape<int=128, int=8>, float, cutlass::layout::ColumnMajor, int=1, cutlass::transform::TransposePitchLinearThreadMapSimt<cutlass::transform::PitchLinearStripminedThreadMap<cutlass::layout::PitchLinearShape<int=8, int=128>, int=256, int=1>>, int=4>, cutlass::transform::threadblock::PredicatedTileIterator<cutlass::MatrixShape<int=8, int=128>, float, cutlass::layout::RowMajor, int=0, cutlass::transform::PitchLinearStripminedThreadMap<cutlass::layout::PitchLinearShape<int=128, int=8>, int=256, int=1>, int=1>, cutlass::transform::threadblock::RegularTileIterator<cutlass::MatrixShape<int=8, int=128>, float, cutlass::layout::RowMajor, int=0, cutlass::transform::PitchLinearStripminedThreadMap<cutlass::layout::PitchLinearShape<int=128, int=8>, int=256, int=1>, int=4>, float, cutlass::layout::RowMajor, cutlass::gemm::threadblock::MmaPolicy<cutlass::gemm::warp::MmaSimt<cutlass::gemm::GemmShape<int=32, int=64, int=8>, float, cutlass::layout::ColumnMajor, float, cutlass::layout::RowMajor, float, cutlass::layout::RowMajor, cutlass::gemm::warp::MmaSimtPolicy<cutlass::MatrixShape<int=4, int=8>, cutlass::layout::RowMajorInterleaved<int=2>, cutlass::gemm::GemmShape<int=4, int=4, int=1>>, int=1, bool>, cutlass::MatrixShape<int=4, int=0>, cutlass::MatrixShape<int=0, int=0>, int=1>, cutlass::NumericArrayConverter<float, float, int=4, cutlass::FloatRoundStyle>, cutlass::NumericArrayConverter<float, float, int=4, cutlass::FloatRoundStyle>, bool>, cutlass::epilogue::threadblock::Epilogue<cutlass::gemm::GemmShape<int=128, int=128, int=8>, cutlass::gemm::warp::MmaSimt<cutlass::gemm::GemmShape<int=32, int=64, int=8>, float, cutlass::layout::ColumnMajor, float, cutlass::layout::RowMajor, float, cutlass::layout::RowMajor, cutlass::gemm::warp::MmaSimtPolicy<cutlass::MatrixShape<int=4, int=8>, cutlass::layout::RowMajorInterleaved<int=2>, cutlass::gemm::GemmShape<int=4, int=4, int=1>>, int=1, bool>, int=1, cutlass::epilogue::threadblock::PredicatedTileIterator<cutlass::epilogue::threadblock::OutputTileOptimalThreadMap<cutlass::epilogue::threadblock::OutputTileShape<int=128, int=1, int=4, int=4, int=1>, cutlass::epilogue::threadblock::OutputTileShape<int=1, int=4, int=2, int=1, int=8>, int=256, int=1, int=32>, float>, cutlass::epilogue::warp::FragmentIteratorSimt<cutlass::gemm::GemmShape<int=32, int=64, int=8>, cutlass::gemm::thread::Mma<cutlass::gemm::GemmShape<int=8, int=8, int=1>, float, cutlass::layout::ColumnMajor, float, cutlass::layout::RowMajor, float, cutlass::layout::RowMajor, cutlass::arch::OpMultiplyAdd, bool>, cutlass::layout::RowMajor, cutlass::gemm::warp::MmaSimtPolicy<cutlass::MatrixShape<int=4, int=8>, cutlass::layout::RowMajorInterleaved<int=2>, cutlass::gemm::GemmShape<int=4, int=4, int=1>>>, cutlass::epilogue::warp::TileIteratorSimt<cutlass::gemm::GemmShape<int=32, int=64, int=8>, cutlass::gemm::thread::Mma<cutlass::gemm::GemmShape<int=8, int=8, int=1>, float, cutlass::layout::ColumnMajor, float, cutlass::layout::RowMajor, float, cutlass::layout::RowMajor, cutlass::arch::OpMultiplyAdd, bool>, float, cutlass::layout::RowMajor, cutlass::gemm::warp::MmaSimtPolicy<cutlass::MatrixShape<int=4, int=8>, cutlass::layout::RowMajorInterleaved<int=2>, cutlass::gemm::GemmShape<int=4, int=4, int=1>>>, cutlass::epilogue::threadblock::SharedLoadIterator<cutlass::epilogue::threadblock::OutputTileOptimalThreadMap<cutlass::epilogue::threadblock::OutputTileShape<int=128, int=1, int=4, int=4, int=1>::CompactedThreadMap, cutlass::epilogue::threadblock::OutputTileShape<int=1, int=4, int=2, int=1, int=8>, int=256, int=1, int=32>, float, int=4>, cutlass::epilogue::thread::LinearCombination<float",32205
26.861144,0.002016,,,,,,,,,,112,52.981906,"Pageable","Device","Tesla V100-PCIE-32GB (0)","1","7","[CUDA memcpy HtoD]",32225
26.861785,0.020000,2048,1,1,384,1,1,16,0.000000,0.000000,,,,,"Tesla V100-PCIE-32GB (0)","1","7","void scal_kernel_val<double, double>(cublasScalParamsVal<double, double>)",32339
26.862220,91.696183,64,64,1,256,1,1,124,0.000000,16.250000,,,,,"Tesla V100-PCIE-32GB (0)","1","7","void cutlass::Kernel<cutlass::gemm::kernel::Gemm<cutlass::gemm::threadblock::MmaPipelined<cutlass::gemm::GemmShape<int=128, int=128, int=8>, cutlass::transform::threadblock::PredicatedTileIterator<cutlass::MatrixShape<int=128, int=8>, float, cutlass::layout::RowMajor, int=1, cutlass::transform::PitchLinearStripminedThreadMap<cutlass::layout::PitchLinearShape<int=8, int=128>, int=256, int=1>, int=1>, cutlass::transform::threadblock::RegularTileIterator<cutlass::MatrixShape<int=128, int=8>, float, cutlass::layout::ColumnMajor, int=1, cutlass::transform::TransposePitchLinearThreadMapSimt<cutlass::transform::PitchLinearStripminedThreadMap<cutlass::layout::PitchLinearShape<int=8, int=128>, int=256, int=1>>, int=4>, cutlass::transform::threadblock::PredicatedTileIterator<cutlass::MatrixShape<int=8, int=128>, float, cutlass::layout::RowMajor, int=0, cutlass::transform::PitchLinearStripminedThreadMap<cutlass::layout::PitchLinearShape<int=128, int=8>, int=256, int=1>, int=1>, cutlass::transform::threadblock::RegularTileIterator<cutlass::MatrixShape<int=8, int=128>, float, cutlass::layout::RowMajor, int=0, cutlass::transform::PitchLinearStripminedThreadMap<cutlass::layout::PitchLinearShape<int=128, int=8>, int=256, int=1>, int=4>, float, cutlass::layout::RowMajor, cutlass::gemm::threadblock::MmaPolicy<cutlass::gemm::warp::MmaSimt<cutlass::gemm::GemmShape<int=32, int=64, int=8>, float, cutlass::layout::ColumnMajor, float, cutlass::layout::RowMajor, float, cutlass::layout::RowMajor, cutlass::gemm::warp::MmaSimtPolicy<cutlass::MatrixShape<int=4, int=8>, cutlass::layout::RowMajorInterleaved<int=2>, cutlass::gemm::GemmShape<int=4, int=4, int=1>>, int=1, bool>, cutlass::MatrixShape<int=4, int=0>, cutlass::MatrixShape<int=0, int=0>, int=1>, cutlass::NumericArrayConverter<float, float, int=4, cutlass::FloatRoundStyle>, cutlass::NumericArrayConverter<float, float, int=4, cutlass::FloatRoundStyle>, bool>, cutlass::epilogue::threadblock::Epilogue<cutlass::gemm::GemmShape<int=128, int=128, int=8>, cutlass::gemm::warp::MmaSimt<cutlass::gemm::GemmShape<int=32, int=64, int=8>, float, cutlass::layout::ColumnMajor, float, cutlass::layout::RowMajor, float, cutlass::layout::RowMajor, cutlass::gemm::warp::MmaSimtPolicy<cutlass::MatrixShape<int=4, int=8>, cutlass::layout::RowMajorInterleaved<int=2>, cutlass::gemm::GemmShape<int=4, int=4, int=1>>, int=1, bool>, int=1, cutlass::epilogue::threadblock::PredicatedTileIterator<cutlass::epilogue::threadblock::OutputTileOptimalThreadMap<cutlass::epilogue::threadblock::OutputTileShape<int=128, int=1, int=4, int=4, int=1>, cutlass::epilogue::threadblock::OutputTileShape<int=1, int=4, int=2, int=1, int=8>, int=256, int=1, int=32>, float>, cutlass::epilogue::warp::FragmentIteratorSimt<cutlass::gemm::GemmShape<int=32, int=64, int=8>, cutlass::gemm::thread::Mma<cutlass::gemm::GemmShape<int=8, int=8, int=1>, float, cutlass::layout::ColumnMajor, float, cutlass::layout::RowMajor, float, cutlass::layout::RowMajor, cutlass::arch::OpMultiplyAdd, bool>, cutlass::layout::RowMajor, cutlass::gemm::warp::MmaSimtPolicy<cutlass::MatrixShape<int=4, int=8>, cutlass::layout::RowMajorInterleaved<int=2>, cutlass::gemm::GemmShape<int=4, int=4, int=1>>>, cutlass::epilogue::warp::TileIteratorSimt<cutlass::gemm::GemmShape<int=32, int=64, int=8>, cutlass::gemm::thread::Mma<cutlass::gemm::GemmShape<int=8, int=8, int=1>, float, cutlass::layout::ColumnMajor, float, cutlass::layout::RowMajor, float, cutlass::layout::RowMajor, cutlass::arch::OpMultiplyAdd, bool>, float, cutlass::layout::RowMajor, cutlass::gemm::warp::MmaSimtPolicy<cutlass::MatrixShape<int=4, int=8>, cutlass::layout::RowMajorInterleaved<int=2>, cutlass::gemm::GemmShape<int=4, int=4, int=1>>>, cutlass::epilogue::threadblock::SharedLoadIterator<cutlass::epilogue::threadblock::OutputTileOptimalThreadMap<cutlass::epilogue::threadblock::OutputTileShape<int=128, int=1, int=4, int=4, int=1>::CompactedThreadMap, cutlass::epilogue::threadblock::OutputTileShape<int=1, int=4, int=2, int=1, int=8>, int=256, int=1, int=32>, float, int=4>, cutlass::epilogue::thread::LinearCombination<float",32368
26.953933,0.001984,,,,,,,,,,112,53.836452,"Pageable","Device","Tesla V100-PCIE-32GB (0)","1","7","[CUDA memcpy HtoD]",32388
26.954741,0.019680,2048,1,1,384,1,1,16,0.000000,0.000000,,,,,"Tesla V100-PCIE-32GB (0)","1","7","void scal_kernel_val<double, double>(cublasScalParamsVal<double, double>)",32502
26.955178,91.737174,64,64,1,256,1,1,124,0.000000,16.250000,,,,,"Tesla V100-PCIE-32GB (0)","1","7","void cutlass::Kernel<cutlass::gemm::kernel::Gemm<cutlass::gemm::threadblock::MmaPipelined<cutlass::gemm::GemmShape<int=128, int=128, int=8>, cutlass::transform::threadblock::PredicatedTileIterator<cutlass::MatrixShape<int=128, int=8>, float, cutlass::layout::RowMajor, int=1, cutlass::transform::PitchLinearStripminedThreadMap<cutlass::layout::PitchLinearShape<int=8, int=128>, int=256, int=1>, int=1>, cutlass::transform::threadblock::RegularTileIterator<cutlass::MatrixShape<int=128, int=8>, float, cutlass::layout::ColumnMajor, int=1, cutlass::transform::TransposePitchLinearThreadMapSimt<cutlass::transform::PitchLinearStripminedThreadMap<cutlass::layout::PitchLinearShape<int=8, int=128>, int=256, int=1>>, int=4>, cutlass::transform::threadblock::PredicatedTileIterator<cutlass::MatrixShape<int=8, int=128>, float, cutlass::layout::RowMajor, int=0, cutlass::transform::PitchLinearStripminedThreadMap<cutlass::layout::PitchLinearShape<int=128, int=8>, int=256, int=1>, int=1>, cutlass::transform::threadblock::RegularTileIterator<cutlass::MatrixShape<int=8, int=128>, float, cutlass::layout::RowMajor, int=0, cutlass::transform::PitchLinearStripminedThreadMap<cutlass::layout::PitchLinearShape<int=128, int=8>, int=256, int=1>, int=4>, float, cutlass::layout::RowMajor, cutlass::gemm::threadblock::MmaPolicy<cutlass::gemm::warp::MmaSimt<cutlass::gemm::GemmShape<int=32, int=64, int=8>, float, cutlass::layout::ColumnMajor, float, cutlass::layout::RowMajor, float, cutlass::layout::RowMajor, cutlass::gemm::warp::MmaSimtPolicy<cutlass::MatrixShape<int=4, int=8>, cutlass::layout::RowMajorInterleaved<int=2>, cutlass::gemm::GemmShape<int=4, int=4, int=1>>, int=1, bool>, cutlass::MatrixShape<int=4, int=0>, cutlass::MatrixShape<int=0, int=0>, int=1>, cutlass::NumericArrayConverter<float, float, int=4, cutlass::FloatRoundStyle>, cutlass::NumericArrayConverter<float, float, int=4, cutlass::FloatRoundStyle>, bool>, cutlass::epilogue::threadblock::Epilogue<cutlass::gemm::GemmShape<int=128, int=128, int=8>, cutlass::gemm::warp::MmaSimt<cutlass::gemm::GemmShape<int=32, int=64, int=8>, float, cutlass::layout::ColumnMajor, float, cutlass::layout::RowMajor, float, cutlass::layout::RowMajor, cutlass::gemm::warp::MmaSimtPolicy<cutlass::MatrixShape<int=4, int=8>, cutlass::layout::RowMajorInterleaved<int=2>, cutlass::gemm::GemmShape<int=4, int=4, int=1>>, int=1, bool>, int=1, cutlass::epilogue::threadblock::PredicatedTileIterator<cutlass::epilogue::threadblock::OutputTileOptimalThreadMap<cutlass::epilogue::threadblock::OutputTileShape<int=128, int=1, int=4, int=4, int=1>, cutlass::epilogue::threadblock::OutputTileShape<int=1, int=4, int=2, int=1, int=8>, int=256, int=1, int=32>, float>, cutlass::epilogue::warp::FragmentIteratorSimt<cutlass::gemm::GemmShape<int=32, int=64, int=8>, cutlass::gemm::thread::Mma<cutlass::gemm::GemmShape<int=8, int=8, int=1>, float, cutlass::layout::ColumnMajor, float, cutlass::layout::RowMajor, float, cutlass::layout::RowMajor, cutlass::arch::OpMultiplyAdd, bool>, cutlass::layout::RowMajor, cutlass::gemm::warp::MmaSimtPolicy<cutlass::MatrixShape<int=4, int=8>, cutlass::layout::RowMajorInterleaved<int=2>, cutlass::gemm::GemmShape<int=4, int=4, int=1>>>, cutlass::epilogue::warp::TileIteratorSimt<cutlass::gemm::GemmShape<int=32, int=64, int=8>, cutlass::gemm::thread::Mma<cutlass::gemm::GemmShape<int=8, int=8, int=1>, float, cutlass::layout::ColumnMajor, float, cutlass::layout::RowMajor, float, cutlass::layout::RowMajor, cutlass::arch::OpMultiplyAdd, bool>, float, cutlass::layout::RowMajor, cutlass::gemm::warp::MmaSimtPolicy<cutlass::MatrixShape<int=4, int=8>, cutlass::layout::RowMajorInterleaved<int=2>, cutlass::gemm::GemmShape<int=4, int=4, int=1>>>, cutlass::epilogue::threadblock::SharedLoadIterator<cutlass::epilogue::threadblock::OutputTileOptimalThreadMap<cutlass::epilogue::threadblock::OutputTileShape<int=128, int=1, int=4, int=4, int=1>::CompactedThreadMap, cutlass::epilogue::threadblock::OutputTileShape<int=1, int=4, int=2, int=1, int=8>, int=256, int=1, int=32>, float, int=4>, cutlass::epilogue::thread::LinearCombination<float",32531
27.046924,0.001888,,,,,,,,,,112,56.573899,"Pageable","Device","Tesla V100-PCIE-32GB (0)","1","7","[CUDA memcpy HtoD]",32551
27.047571,0.019839,2048,1,1,384,1,1,16,0.000000,0.000000,,,,,"Tesla V100-PCIE-32GB (0)","1","7","void scal_kernel_val<double, double>(cublasScalParamsVal<double, double>)",32665
27.048011,91.738807,64,64,1,256,1,1,124,0.000000,16.250000,,,,,"Tesla V100-PCIE-32GB (0)","1","7","void cutlass::Kernel<cutlass::gemm::kernel::Gemm<cutlass::gemm::threadblock::MmaPipelined<cutlass::gemm::GemmShape<int=128, int=128, int=8>, cutlass::transform::threadblock::PredicatedTileIterator<cutlass::MatrixShape<int=128, int=8>, float, cutlass::layout::RowMajor, int=1, cutlass::transform::PitchLinearStripminedThreadMap<cutlass::layout::PitchLinearShape<int=8, int=128>, int=256, int=1>, int=1>, cutlass::transform::threadblock::RegularTileIterator<cutlass::MatrixShape<int=128, int=8>, float, cutlass::layout::ColumnMajor, int=1, cutlass::transform::TransposePitchLinearThreadMapSimt<cutlass::transform::PitchLinearStripminedThreadMap<cutlass::layout::PitchLinearShape<int=8, int=128>, int=256, int=1>>, int=4>, cutlass::transform::threadblock::PredicatedTileIterator<cutlass::MatrixShape<int=8, int=128>, float, cutlass::layout::RowMajor, int=0, cutlass::transform::PitchLinearStripminedThreadMap<cutlass::layout::PitchLinearShape<int=128, int=8>, int=256, int=1>, int=1>, cutlass::transform::threadblock::RegularTileIterator<cutlass::MatrixShape<int=8, int=128>, float, cutlass::layout::RowMajor, int=0, cutlass::transform::PitchLinearStripminedThreadMap<cutlass::layout::PitchLinearShape<int=128, int=8>, int=256, int=1>, int=4>, float, cutlass::layout::RowMajor, cutlass::gemm::threadblock::MmaPolicy<cutlass::gemm::warp::MmaSimt<cutlass::gemm::GemmShape<int=32, int=64, int=8>, float, cutlass::layout::ColumnMajor, float, cutlass::layout::RowMajor, float, cutlass::layout::RowMajor, cutlass::gemm::warp::MmaSimtPolicy<cutlass::MatrixShape<int=4, int=8>, cutlass::layout::RowMajorInterleaved<int=2>, cutlass::gemm::GemmShape<int=4, int=4, int=1>>, int=1, bool>, cutlass::MatrixShape<int=4, int=0>, cutlass::MatrixShape<int=0, int=0>, int=1>, cutlass::NumericArrayConverter<float, float, int=4, cutlass::FloatRoundStyle>, cutlass::NumericArrayConverter<float, float, int=4, cutlass::FloatRoundStyle>, bool>, cutlass::epilogue::threadblock::Epilogue<cutlass::gemm::GemmShape<int=128, int=128, int=8>, cutlass::gemm::warp::MmaSimt<cutlass::gemm::GemmShape<int=32, int=64, int=8>, float, cutlass::layout::ColumnMajor, float, cutlass::layout::RowMajor, float, cutlass::layout::RowMajor, cutlass::gemm::warp::MmaSimtPolicy<cutlass::MatrixShape<int=4, int=8>, cutlass::layout::RowMajorInterleaved<int=2>, cutlass::gemm::GemmShape<int=4, int=4, int=1>>, int=1, bool>, int=1, cutlass::epilogue::threadblock::PredicatedTileIterator<cutlass::epilogue::threadblock::OutputTileOptimalThreadMap<cutlass::epilogue::threadblock::OutputTileShape<int=128, int=1, int=4, int=4, int=1>, cutlass::epilogue::threadblock::OutputTileShape<int=1, int=4, int=2, int=1, int=8>, int=256, int=1, int=32>, float>, cutlass::epilogue::warp::FragmentIteratorSimt<cutlass::gemm::GemmShape<int=32, int=64, int=8>, cutlass::gemm::thread::Mma<cutlass::gemm::GemmShape<int=8, int=8, int=1>, float, cutlass::layout::ColumnMajor, float, cutlass::layout::RowMajor, float, cutlass::layout::RowMajor, cutlass::arch::OpMultiplyAdd, bool>, cutlass::layout::RowMajor, cutlass::gemm::warp::MmaSimtPolicy<cutlass::MatrixShape<int=4, int=8>, cutlass::layout::RowMajorInterleaved<int=2>, cutlass::gemm::GemmShape<int=4, int=4, int=1>>>, cutlass::epilogue::warp::TileIteratorSimt<cutlass::gemm::GemmShape<int=32, int=64, int=8>, cutlass::gemm::thread::Mma<cutlass::gemm::GemmShape<int=8, int=8, int=1>, float, cutlass::layout::ColumnMajor, float, cutlass::layout::RowMajor, float, cutlass::layout::RowMajor, cutlass::arch::OpMultiplyAdd, bool>, float, cutlass::layout::RowMajor, cutlass::gemm::warp::MmaSimtPolicy<cutlass::MatrixShape<int=4, int=8>, cutlass::layout::RowMajorInterleaved<int=2>, cutlass::gemm::GemmShape<int=4, int=4, int=1>>>, cutlass::epilogue::threadblock::SharedLoadIterator<cutlass::epilogue::threadblock::OutputTileOptimalThreadMap<cutlass::epilogue::threadblock::OutputTileShape<int=128, int=1, int=4, int=4, int=1>::CompactedThreadMap, cutlass::epilogue::threadblock::OutputTileShape<int=1, int=4, int=2, int=1, int=8>, int=256, int=1, int=32>, float, int=4>, cutlass::epilogue::thread::LinearCombination<float",32694
27.139759,0.001888,,,,,,,,,,112,56.573899,"Pageable","Device","Tesla V100-PCIE-32GB (0)","1","7","[CUDA memcpy HtoD]",32714
27.140393,0.019264,2048,1,1,384,1,1,16,0.000000,0.000000,,,,,"Tesla V100-PCIE-32GB (0)","1","7","void scal_kernel_val<double, double>(cublasScalParamsVal<double, double>)",32828
30.060157,90.611199,64,64,1,256,1,1,123,16.250000,0.000000,,,,,"Tesla V100-PCIE-32GB (0)","1","7","cosmaSgemm_kernel(float const *, int, float const *, int, float*, int)",32889
30.150779,0.001888,,,,,,,,,,112,56.573899,"Pageable","Device","Tesla V100-PCIE-32GB (0)","1","7","[CUDA memcpy HtoD]",32908
30.151411,0.018240,2048,1,1,384,1,1,16,0.000000,0.000000,,,,,"Tesla V100-PCIE-32GB (0)","1","7","void scal_kernel_val<double, double>(cublasScalParamsVal<double, double>)",33022
30.151852,90.604127,64,64,1,256,1,1,123,16.250000,0.000000,,,,,"Tesla V100-PCIE-32GB (0)","1","7","cosmaSgemm_kernel(float const *, int, float const *, int, float*, int)",33051
30.242464,0.001888,,,,,,,,,,112,56.573899,"Pageable","Device","Tesla V100-PCIE-32GB (0)","1","7","[CUDA memcpy HtoD]",33070
30.243094,0.018432,2048,1,1,384,1,1,16,0.000000,0.000000,,,,,"Tesla V100-PCIE-32GB (0)","1","7","void scal_kernel_val<double, double>(cublasScalParamsVal<double, double>)",33184
30.243530,90.601727,64,64,1,256,1,1,123,16.250000,0.000000,,,,,"Tesla V100-PCIE-32GB (0)","1","7","cosmaSgemm_kernel(float const *, int, float const *, int, float*, int)",33213
30.334140,0.001888,,,,,,,,,,112,56.573899,"Pageable","Device","Tesla V100-PCIE-32GB (0)","1","7","[CUDA memcpy HtoD]",33232
30.334765,0.019264,2048,1,1,384,1,1,16,0.000000,0.000000,,,,,"Tesla V100-PCIE-32GB (0)","1","7","void scal_kernel_val<double, double>(cublasScalParamsVal<double, double>)",33346
30.335195,90.593567,64,64,1,256,1,1,123,16.250000,0.000000,,,,,"Tesla V100-PCIE-32GB (0)","1","7","cosmaSgemm_kernel(float const *, int, float const *, int, float*, int)",33375
30.425797,0.001856,,,,,,,,,,112,57.549312,"Pageable","Device","Tesla V100-PCIE-32GB (0)","1","7","[CUDA memcpy HtoD]",33394
30.426421,0.019200,2048,1,1,384,1,1,16,0.000000,0.000000,,,,,"Tesla V100-PCIE-32GB (0)","1","7","void scal_kernel_val<double, double>(cublasScalParamsVal<double, double>)",33508
30.426857,90.584191,64,64,1,256,1,1,123,16.250000,0.000000,,,,,"Tesla V100-PCIE-32GB (0)","1","7","cosmaSgemm_kernel(float const *, int, float const *, int, float*, int)",33537
30.517451,0.001888,,,,,,,,,,112,56.573899,"Pageable","Device","Tesla V100-PCIE-32GB (0)","1","7","[CUDA memcpy HtoD]",33556
30.518085,0.018688,2048,1,1,384,1,1,16,0.000000,0.000000,,,,,"Tesla V100-PCIE-32GB (0)","1","7","void scal_kernel_val<double, double>(cublasScalParamsVal<double, double>)",33670
30.518520,90.580639,64,64,1,256,1,1,123,16.250000,0.000000,,,,,"Tesla V100-PCIE-32GB (0)","1","7","cosmaSgemm_kernel(float const *, int, float const *, int, float*, int)",33699
30.609110,0.001888,,,,,,,,,,112,56.573899,"Pageable","Device","Tesla V100-PCIE-32GB (0)","1","7","[CUDA memcpy HtoD]",33718
30.609735,0.018848,2048,1,1,384,1,1,16,0.000000,0.000000,,,,,"Tesla V100-PCIE-32GB (0)","1","7","void scal_kernel_val<double, double>(cublasScalParamsVal<double, double>)",33832
30.610164,90.584639,64,64,1,256,1,1,123,16.250000,0.000000,,,,,"Tesla V100-PCIE-32GB (0)","1","7","cosmaSgemm_kernel(float const *, int, float const *, int, float*, int)",33861
30.700757,0.001888,,,,,,,,,,112,56.573899,"Pageable","Device","Tesla V100-PCIE-32GB (0)","1","7","[CUDA memcpy HtoD]",33880
30.701379,0.019775,2048,1,1,384,1,1,16,0.000000,0.000000,,,,,"Tesla V100-PCIE-32GB (0)","1","7","void scal_kernel_val<double, double>(cublasScalParamsVal<double, double>)",33994
30.701818,90.580959,64,64,1,256,1,1,123,16.250000,0.000000,,,,,"Tesla V100-PCIE-32GB (0)","1","7","cosmaSgemm_kernel(float const *, int, float const *, int, float*, int)",34023
30.792408,0.001888,,,,,,,,,,112,56.573899,"Pageable","Device","Tesla V100-PCIE-32GB (0)","1","7","[CUDA memcpy HtoD]",34042
30.793035,0.019104,2048,1,1,384,1,1,16,0.000000,0.000000,,,,,"Tesla V100-PCIE-32GB (0)","1","7","void scal_kernel_val<double, double>(cublasScalParamsVal<double, double>)",34156
30.793463,90.610846,64,64,1,256,1,1,123,16.250000,0.000000,,,,,"Tesla V100-PCIE-32GB (0)","1","7","cosmaSgemm_kernel(float const *, int, float const *, int, float*, int)",34185
30.884083,0.001888,,,,,,,,,,112,56.573899,"Pageable","Device","Tesla V100-PCIE-32GB (0)","1","7","[CUDA memcpy HtoD]",34204
30.884707,0.018432,2048,1,1,384,1,1,16,0.000000,0.000000,,,,,"Tesla V100-PCIE-32GB (0)","1","7","void scal_kernel_val<double, double>(cublasScalParamsVal<double, double>)",34318
30.885151,90.596702,64,64,1,256,1,1,123,16.250000,0.000000,,,,,"Tesla V100-PCIE-32GB (0)","1","7","cosmaSgemm_kernel(float const *, int, float const *, int, float*, int)",34347
30.975756,0.001888,,,,,,,,,,112,56.573899,"Pageable","Device","Tesla V100-PCIE-32GB (0)","1","7","[CUDA memcpy HtoD]",34366
30.976380,0.018976,2048,1,1,384,1,1,16,0.000000,0.000000,,,,,"Tesla V100-PCIE-32GB (0)","1","7","void scal_kernel_val<double, double>(cublasScalParamsVal<double, double>)",34480
30.976816,90.593534,64,64,1,256,1,1,123,16.250000,0.000000,,,,,"Tesla V100-PCIE-32GB (0)","1","7","cosmaSgemm_kernel(float const *, int, float const *, int, float*, int)",34509
31.067422,0.001888,,,,,,,,,,112,56.573899,"Pageable","Device","Tesla V100-PCIE-32GB (0)","1","7","[CUDA memcpy HtoD]",34528
31.068066,0.018911,2048,1,1,384,1,1,16,0.000000,0.000000,,,,,"Tesla V100-PCIE-32GB (0)","1","7","void scal_kernel_val<double, double>(cublasScalParamsVal<double, double>)",34642
31.068496,90.613758,64,64,1,256,1,1,123,16.250000,0.000000,,,,,"Tesla V100-PCIE-32GB (0)","1","7","cosmaSgemm_kernel(float const *, int, float const *, int, float*, int)",34671
31.159119,0.001888,,,,,,,,,,112,56.573899,"Pageable","Device","Tesla V100-PCIE-32GB (0)","1","7","[CUDA memcpy HtoD]",34690
31.159757,0.018880,2048,1,1,384,1,1,16,0.000000,0.000000,,,,,"Tesla V100-PCIE-32GB (0)","1","7","void scal_kernel_val<double, double>(cublasScalParamsVal<double, double>)",34804
31.160200,90.583135,64,64,1,256,1,1,123,16.250000,0.000000,,,,,"Tesla V100-PCIE-32GB (0)","1","7","cosmaSgemm_kernel(float const *, int, float const *, int, float*, int)",34833
31.250793,0.001856,,,,,,,,,,112,57.549312,"Pageable","Device","Tesla V100-PCIE-32GB (0)","1","7","[CUDA memcpy HtoD]",34852
31.251414,0.019103,2048,1,1,384,1,1,16,0.000000,0.000000,,,,,"Tesla V100-PCIE-32GB (0)","1","7","void scal_kernel_val<double, double>(cublasScalParamsVal<double, double>)",34966
31.251852,90.593311,64,64,1,256,1,1,123,16.250000,0.000000,,,,,"Tesla V100-PCIE-32GB (0)","1","7","cosmaSgemm_kernel(float const *, int, float const *, int, float*, int)",34995
31.342456,0.001888,,,,,,,,,,112,56.573899,"Pageable","Device","Tesla V100-PCIE-32GB (0)","1","7","[CUDA memcpy HtoD]",35014
31.343099,0.018368,2048,1,1,384,1,1,16,0.000000,0.000000,,,,,"Tesla V100-PCIE-32GB (0)","1","7","void scal_kernel_val<double, double>(cublasScalParamsVal<double, double>)",35128
31.343534,90.608543,64,64,1,256,1,1,123,16.250000,0.000000,,,,,"Tesla V100-PCIE-32GB (0)","1","7","cosmaSgemm_kernel(float const *, int, float const *, int, float*, int)",35157
31.434151,0.001888,,,,,,,,,,112,56.573899,"Pageable","Device","Tesla V100-PCIE-32GB (0)","1","7","[CUDA memcpy HtoD]",35176
31.434779,0.018784,2048,1,1,384,1,1,16,0.000000,0.000000,,,,,"Tesla V100-PCIE-32GB (0)","1","7","void scal_kernel_val<double, double>(cublasScalParamsVal<double, double>)",35290
31.435209,90.588959,64,64,1,256,1,1,123,16.250000,0.000000,,,,,"Tesla V100-PCIE-32GB (0)","1","7","cosmaSgemm_kernel(float const *, int, float const *, int, float*, int)",35319
31.525807,0.001856,,,,,,,,,,112,57.549312,"Pageable","Device","Tesla V100-PCIE-32GB (0)","1","7","[CUDA memcpy HtoD]",35338
31.526433,0.018655,2048,1,1,384,1,1,16,0.000000,0.000000,,,,,"Tesla V100-PCIE-32GB (0)","1","7","void scal_kernel_val<double, double>(cublasScalParamsVal<double, double>)",35452
31.526901,90.603295,64,64,1,256,1,1,123,16.250000,0.000000,,,,,"Tesla V100-PCIE-32GB (0)","1","7","cosmaSgemm_kernel(float const *, int, float const *, int, float*, int)",35481
31.617513,0.001856,,,,,,,,,,112,57.549312,"Pageable","Device","Tesla V100-PCIE-32GB (0)","1","7","[CUDA memcpy HtoD]",35500
31.618168,0.019040,2048,1,1,384,1,1,16,0.000000,0.000000,,,,,"Tesla V100-PCIE-32GB (0)","1","7","void scal_kernel_val<double, double>(cublasScalParamsVal<double, double>)",35614
31.618616,90.599039,64,64,1,256,1,1,123,16.250000,0.000000,,,,,"Tesla V100-PCIE-32GB (0)","1","7","cosmaSgemm_kernel(float const *, int, float const *, int, float*, int)",35643
31.709224,0.001888,,,,,,,,,,112,56.573899,"Pageable","Device","Tesla V100-PCIE-32GB (0)","1","7","[CUDA memcpy HtoD]",35662
31.709855,0.018912,2048,1,1,384,1,1,16,0.000000,0.000000,,,,,"Tesla V100-PCIE-32GB (0)","1","7","void scal_kernel_val<double, double>(cublasScalParamsVal<double, double>)",35776
31.710284,90.598463,64,64,1,256,1,1,123,16.250000,0.000000,,,,,"Tesla V100-PCIE-32GB (0)","1","7","cosmaSgemm_kernel(float const *, int, float const *, int, float*, int)",35805
31.800892,0.001888,,,,,,,,,,112,56.573899,"Pageable","Device","Tesla V100-PCIE-32GB (0)","1","7","[CUDA memcpy HtoD]",35824
31.801526,0.018784,2048,1,1,384,1,1,16,0.000000,0.000000,,,,,"Tesla V100-PCIE-32GB (0)","1","7","void scal_kernel_val<double, double>(cublasScalParamsVal<double, double>)",35938
31.801963,90.584447,64,64,1,256,1,1,123,16.250000,0.000000,,,,,"Tesla V100-PCIE-32GB (0)","1","7","cosmaSgemm_kernel(float const *, int, float const *, int, float*, int)",35967
31.892557,0.001888,,,,,,,,,,112,56.573899,"Pageable","Device","Tesla V100-PCIE-32GB (0)","1","7","[CUDA memcpy HtoD]",35986
31.895487,0.018720,2048,1,1,384,1,1,16,0.000000,0.000000,,,,,"Tesla V100-PCIE-32GB (0)","1","7","void scal_kernel_val<double, double>(cublasScalParamsVal<double, double>)",36100
31.895938,90.583550,64,64,1,256,1,1,123,16.250000,0.000000,,,,,"Tesla V100-PCIE-32GB (0)","1","7","cosmaSgemm_kernel(float const *, int, float const *, int, float*, int)",36129
31.986530,0.001888,,,,,,,,,,112,56.573899,"Pageable","Device","Tesla V100-PCIE-32GB (0)","1","7","[CUDA memcpy HtoD]",36148
31.987191,0.019007,2048,1,1,384,1,1,16,0.000000,0.000000,,,,,"Tesla V100-PCIE-32GB (0)","1","7","void scal_kernel_val<double, double>(cublasScalParamsVal<double, double>)",36262
31.987634,90.593887,64,64,1,256,1,1,123,16.250000,0.000000,,,,,"Tesla V100-PCIE-32GB (0)","1","7","cosmaSgemm_kernel(float const *, int, float const *, int, float*, int)",36291
32.078236,0.001888,,,,,,,,,,112,56.573899,"Pageable","Device","Tesla V100-PCIE-32GB (0)","1","7","[CUDA memcpy HtoD]",36310
32.078869,0.018719,2048,1,1,384,1,1,16,0.000000,0.000000,,,,,"Tesla V100-PCIE-32GB (0)","1","7","void scal_kernel_val<double, double>(cublasScalParamsVal<double, double>)",36424
32.079297,90.583999,64,64,1,256,1,1,123,16.250000,0.000000,,,,,"Tesla V100-PCIE-32GB (0)","1","7","cosmaSgemm_kernel(float const *, int, float const *, int, float*, int)",36453
32.169890,0.001888,,,,,,,,,,112,56.573899,"Pageable","Device","Tesla V100-PCIE-32GB (0)","1","7","[CUDA memcpy HtoD]",36472
32.170512,0.018784,2048,1,1,384,1,1,16,0.000000,0.000000,,,,,"Tesla V100-PCIE-32GB (0)","1","7","void scal_kernel_val<double, double>(cublasScalParamsVal<double, double>)",36586
32.170950,90.583710,64,64,1,256,1,1,123,16.250000,0.000000,,,,,"Tesla V100-PCIE-32GB (0)","1","7","cosmaSgemm_kernel(float const *, int, float const *, int, float*, int)",36615
32.261546,0.001888,,,,,,,,,,112,56.573899,"Pageable","Device","Tesla V100-PCIE-32GB (0)","1","7","[CUDA memcpy HtoD]",36634
32.262219,0.019136,2048,1,1,384,1,1,16,0.000000,0.000000,,,,,"Tesla V100-PCIE-32GB (0)","1","7","void scal_kernel_val<double, double>(cublasScalParamsVal<double, double>)",36748
32.262691,90.601919,64,64,1,256,1,1,123,16.250000,0.000000,,,,,"Tesla V100-PCIE-32GB (0)","1","7","cosmaSgemm_kernel(float const *, int, float const *, int, float*, int)",36777
32.353301,0.001888,,,,,,,,,,112,56.573899,"Pageable","Device","Tesla V100-PCIE-32GB (0)","1","7","[CUDA memcpy HtoD]",36796
32.353930,0.018592,2048,1,1,384,1,1,16,0.000000,0.000000,,,,,"Tesla V100-PCIE-32GB (0)","1","7","void scal_kernel_val<double, double>(cublasScalParamsVal<double, double>)",36910
32.354359,90.574751,64,64,1,256,1,1,123,16.250000,0.000000,,,,,"Tesla V100-PCIE-32GB (0)","1","7","cosmaSgemm_kernel(float const *, int, float const *, int, float*, int)",36939
32.444942,0.001888,,,,,,,,,,112,56.573899,"Pageable","Device","Tesla V100-PCIE-32GB (0)","1","7","[CUDA memcpy HtoD]",36958
32.445573,0.019072,2048,1,1,384,1,1,16,0.000000,0.000000,,,,,"Tesla V100-PCIE-32GB (0)","1","7","void scal_kernel_val<double, double>(cublasScalParamsVal<double, double>)",37072
32.446011,90.606527,64,64,1,256,1,1,123,16.250000,0.000000,,,,,"Tesla V100-PCIE-32GB (0)","1","7","cosmaSgemm_kernel(float const *, int, float const *, int, float*, int)",37101
32.536626,0.001888,,,,,,,,,,112,56.573899,"Pageable","Device","Tesla V100-PCIE-32GB (0)","1","7","[CUDA memcpy HtoD]",37120
32.537254,0.018496,2048,1,1,384,1,1,16,0.000000,0.000000,,,,,"Tesla V100-PCIE-32GB (0)","1","7","void scal_kernel_val<double, double>(cublasScalParamsVal<double, double>)",37234
32.537684,90.591199,64,64,1,256,1,1,123,16.250000,0.000000,,,,,"Tesla V100-PCIE-32GB (0)","1","7","cosmaSgemm_kernel(float const *, int, float const *, int, float*, int)",37263
32.628283,0.001888,,,,,,,,,,112,56.573899,"Pageable","Device","Tesla V100-PCIE-32GB (0)","1","7","[CUDA memcpy HtoD]",37282
32.628923,0.018912,2048,1,1,384,1,1,16,0.000000,0.000000,,,,,"Tesla V100-PCIE-32GB (0)","1","7","void scal_kernel_val<double, double>(cublasScalParamsVal<double, double>)",37396
32.629361,90.598943,64,64,1,256,1,1,123,16.250000,0.000000,,,,,"Tesla V100-PCIE-32GB (0)","1","7","cosmaSgemm_kernel(float const *, int, float const *, int, float*, int)",37425
32.719969,0.001888,,,,,,,,,,112,56.573899,"Pageable","Device","Tesla V100-PCIE-32GB (0)","1","7","[CUDA memcpy HtoD]",37444
32.720630,0.018976,2048,1,1,384,1,1,16,0.000000,0.000000,,,,,"Tesla V100-PCIE-32GB (0)","1","7","void scal_kernel_val<double, double>(cublasScalParamsVal<double, double>)",37558
32.721077,90.592479,64,64,1,256,1,1,123,16.250000,0.000000,,,,,"Tesla V100-PCIE-32GB (0)","1","7","cosmaSgemm_kernel(float const *, int, float const *, int, float*, int)",37587
32.811678,0.001887,,,,,,,,,,112,56.603881,"Pageable","Device","Tesla V100-PCIE-32GB (0)","1","7","[CUDA memcpy HtoD]",37606
32.812303,0.018752,2048,1,1,384,1,1,16,0.000000,0.000000,,,,,"Tesla V100-PCIE-32GB (0)","1","7","void scal_kernel_val<double, double>(cublasScalParamsVal<double, double>)",37720
32.812765,90.609534,64,64,1,256,1,1,123,16.250000,0.000000,,,,,"Tesla V100-PCIE-32GB (0)","1","7","cosmaSgemm_kernel(float const *, int, float const *, int, float*, int)",37749
32.903383,0.001888,,,,,,,,,,112,56.573899,"Pageable","Device","Tesla V100-PCIE-32GB (0)","1","7","[CUDA memcpy HtoD]",37768
32.904025,0.018400,2048,1,1,384,1,1,16,0.000000,0.000000,,,,,"Tesla V100-PCIE-32GB (0)","1","7","void scal_kernel_val<double, double>(cublasScalParamsVal<double, double>)",37882
32.904469,90.577278,64,64,1,256,1,1,123,16.250000,0.000000,,,,,"Tesla V100-PCIE-32GB (0)","1","7","cosmaSgemm_kernel(float const *, int, float const *, int, float*, int)",37911
32.995056,0.001888,,,,,,,,,,112,56.573899,"Pageable","Device","Tesla V100-PCIE-32GB (0)","1","7","[CUDA memcpy HtoD]",37930
32.995683,0.018816,2048,1,1,384,1,1,16,0.000000,0.000000,,,,,"Tesla V100-PCIE-32GB (0)","1","7","void scal_kernel_val<double, double>(cublasScalParamsVal<double, double>)",38044
32.996113,90.608734,64,64,1,256,1,1,123,16.250000,0.000000,,,,,"Tesla V100-PCIE-32GB (0)","1","7","cosmaSgemm_kernel(float const *, int, float const *, int, float*, int)",38073
33.086731,0.001888,,,,,,,,,,112,56.573899,"Pageable","Device","Tesla V100-PCIE-32GB (0)","1","7","[CUDA memcpy HtoD]",38092
33.087388,0.018495,2048,1,1,384,1,1,16,0.000000,0.000000,,,,,"Tesla V100-PCIE-32GB (0)","1","7","void scal_kernel_val<double, double>(cublasScalParamsVal<double, double>)",38206
33.087859,90.577567,64,64,1,256,1,1,123,16.250000,0.000000,,,,,"Tesla V100-PCIE-32GB (0)","1","7","cosmaSgemm_kernel(float const *, int, float const *, int, float*, int)",38235
33.178448,0.001888,,,,,,,,,,112,56.573899,"Pageable","Device","Tesla V100-PCIE-32GB (0)","1","7","[CUDA memcpy HtoD]",38254
33.179076,0.019264,2048,1,1,384,1,1,16,0.000000,0.000000,,,,,"Tesla V100-PCIE-32GB (0)","1","7","void scal_kernel_val<double, double>(cublasScalParamsVal<double, double>)",38368
33.179504,90.590655,64,64,1,256,1,1,123,16.250000,0.000000,,,,,"Tesla V100-PCIE-32GB (0)","1","7","cosmaSgemm_kernel(float const *, int, float const *, int, float*, int)",38397
33.270104,0.002080,,,,,,,,,,112,51.351693,"Pageable","Device","Tesla V100-PCIE-32GB (0)","1","7","[CUDA memcpy HtoD]",38416
33.270734,0.019263,2048,1,1,384,1,1,16,0.000000,0.000000,,,,,"Tesla V100-PCIE-32GB (0)","1","7","void scal_kernel_val<double, double>(cublasScalParamsVal<double, double>)",38530
33.271176,90.578047,64,64,1,256,1,1,123,16.250000,0.000000,,,,,"Tesla V100-PCIE-32GB (0)","1","7","cosmaSgemm_kernel(float const *, int, float const *, int, float*, int)",38559
33.361763,0.001888,,,,,,,,,,112,56.573899,"Pageable","Device","Tesla V100-PCIE-32GB (0)","1","7","[CUDA memcpy HtoD]",38578
33.362387,0.019424,2048,1,1,384,1,1,16,0.000000,0.000000,,,,,"Tesla V100-PCIE-32GB (0)","1","7","void scal_kernel_val<double, double>(cublasScalParamsVal<double, double>)",38692
33.362822,90.576766,64,64,1,256,1,1,123,16.250000,0.000000,,,,,"Tesla V100-PCIE-32GB (0)","1","7","cosmaSgemm_kernel(float const *, int, float const *, int, float*, int)",38721
33.453410,0.001888,,,,,,,,,,112,56.573899,"Pageable","Device","Tesla V100-PCIE-32GB (0)","1","7","[CUDA memcpy HtoD]",38740
33.454064,0.019328,2048,1,1,384,1,1,16,0.000000,0.000000,,,,,"Tesla V100-PCIE-32GB (0)","1","7","void scal_kernel_val<double, double>(cublasScalParamsVal<double, double>)",38854
33.454520,90.593055,64,64,1,256,1,1,123,16.250000,0.000000,,,,,"Tesla V100-PCIE-32GB (0)","1","7","cosmaSgemm_kernel(float const *, int, float const *, int, float*, int)",38883
33.545122,0.001888,,,,,,,,,,112,56.573899,"Pageable","Device","Tesla V100-PCIE-32GB (0)","1","7","[CUDA memcpy HtoD]",38902
33.545758,0.018751,2048,1,1,384,1,1,16,0.000000,0.000000,,,,,"Tesla V100-PCIE-32GB (0)","1","7","void scal_kernel_val<double, double>(cublasScalParamsVal<double, double>)",39016
33.546192,90.605663,64,64,1,256,1,1,123,16.250000,0.000000,,,,,"Tesla V100-PCIE-32GB (0)","1","7","cosmaSgemm_kernel(float const *, int, float const *, int, float*, int)",39045
33.636807,0.001856,,,,,,,,,,112,57.549312,"Pageable","Device","Tesla V100-PCIE-32GB (0)","1","7","[CUDA memcpy HtoD]",39064
33.637458,0.019104,2048,1,1,384,1,1,16,0.000000,0.000000,,,,,"Tesla V100-PCIE-32GB (0)","1","7","void scal_kernel_val<double, double>(cublasScalParamsVal<double, double>)",39178
33.637906,90.603551,64,64,1,256,1,1,123,16.250000,0.000000,,,,,"Tesla V100-PCIE-32GB (0)","1","7","cosmaSgemm_kernel(float const *, int, float const *, int, float*, int)",39207
33.728518,0.001856,,,,,,,,,,112,57.549312,"Pageable","Device","Tesla V100-PCIE-32GB (0)","1","7","[CUDA memcpy HtoD]",39226
33.729149,0.018656,2048,1,1,384,1,1,16,0.000000,0.000000,,,,,"Tesla V100-PCIE-32GB (0)","1","7","void scal_kernel_val<double, double>(cublasScalParamsVal<double, double>)",39340
33.729587,90.593695,64,64,1,256,1,1,123,16.250000,0.000000,,,,,"Tesla V100-PCIE-32GB (0)","1","7","cosmaSgemm_kernel(float const *, int, float const *, int, float*, int)",39369
33.820190,0.001856,,,,,,,,,,112,57.549312,"Pageable","Device","Tesla V100-PCIE-32GB (0)","1","7","[CUDA memcpy HtoD]",39388
33.820821,0.018208,2048,1,1,384,1,1,16,0.000000,0.000000,,,,,"Tesla V100-PCIE-32GB (0)","1","7","void scal_kernel_val<double, double>(cublasScalParamsVal<double, double>)",39502
33.821249,90.586303,64,64,1,256,1,1,123,16.250000,0.000000,,,,,"Tesla V100-PCIE-32GB (0)","1","7","cosmaSgemm_kernel(float const *, int, float const *, int, float*, int)",39531
33.911879,0.002144,,,,,,,,,,112,49.818807,"Pageable","Device","Tesla V100-PCIE-32GB (0)","1","7","[CUDA memcpy HtoD]",39550
33.912693,0.018432,2048,1,1,384,1,1,16,0.000000,0.000000,,,,,"Tesla V100-PCIE-32GB (0)","1","7","void scal_kernel_val<double, double>(cublasScalParamsVal<double, double>)",39664
33.913231,90.579679,64,64,1,256,1,1,123,16.250000,0.000000,,,,,"Tesla V100-PCIE-32GB (0)","1","7","cosmaSgemm_kernel(float const *, int, float const *, int, float*, int)",39693
34.003819,0.001888,,,,,,,,,,112,56.573899,"Pageable","Device","Tesla V100-PCIE-32GB (0)","1","7","[CUDA memcpy HtoD]",39712
34.004446,0.018816,2048,1,1,384,1,1,16,0.000000,0.000000,,,,,"Tesla V100-PCIE-32GB (0)","1","7","void scal_kernel_val<double, double>(cublasScalParamsVal<double, double>)",39826
34.004884,90.585503,64,64,1,256,1,1,123,16.250000,0.000000,,,,,"Tesla V100-PCIE-32GB (0)","1","7","cosmaSgemm_kernel(float const *, int, float const *, int, float*, int)",39855
34.095478,0.001856,,,,,,,,,,112,57.549312,"Pageable","Device","Tesla V100-PCIE-32GB (0)","1","7","[CUDA memcpy HtoD]",39874
34.096108,0.018784,2048,1,1,384,1,1,16,0.000000,0.000000,,,,,"Tesla V100-PCIE-32GB (0)","1","7","void scal_kernel_val<double, double>(cublasScalParamsVal<double, double>)",39988
34.096545,90.576735,64,64,1,256,1,1,123,16.250000,0.000000,,,,,"Tesla V100-PCIE-32GB (0)","1","7","cosmaSgemm_kernel(float const *, int, float const *, int, float*, int)",40017
34.187132,0.001888,,,,,,,,,,112,56.573899,"Pageable","Device","Tesla V100-PCIE-32GB (0)","1","7","[CUDA memcpy HtoD]",40036
34.187774,0.019744,2048,1,1,384,1,1,16,0.000000,0.000000,,,,,"Tesla V100-PCIE-32GB (0)","1","7","void scal_kernel_val<double, double>(cublasScalParamsVal<double, double>)",40150
34.188207,90.602559,64,64,1,256,1,1,123,16.250000,0.000000,,,,,"Tesla V100-PCIE-32GB (0)","1","7","cosmaSgemm_kernel(float const *, int, float const *, int, float*, int)",40179
34.278819,0.002144,,,,,,,,,,112,49.818807,"Pageable","Device","Tesla V100-PCIE-32GB (0)","1","7","[CUDA memcpy HtoD]",40198
34.279445,0.018528,2048,1,1,384,1,1,16,0.000000,0.000000,,,,,"Tesla V100-PCIE-32GB (0)","1","7","void scal_kernel_val<double, double>(cublasScalParamsVal<double, double>)",40312
34.279881,90.595903,64,64,1,256,1,1,123,16.250000,0.000000,,,,,"Tesla V100-PCIE-32GB (0)","1","7","cosmaSgemm_kernel(float const *, int, float const *, int, float*, int)",40341
34.370487,0.001920,,,,,,,,,,112,55.631001,"Pageable","Device","Tesla V100-PCIE-32GB (0)","1","7","[CUDA memcpy HtoD]",40360
34.371118,0.019040,2048,1,1,384,1,1,16,0.000000,0.000000,,,,,"Tesla V100-PCIE-32GB (0)","1","7","void scal_kernel_val<double, double>(cublasScalParamsVal<double, double>)",40474
34.371553,90.580575,64,64,1,256,1,1,123,16.250000,0.000000,,,,,"Tesla V100-PCIE-32GB (0)","1","7","cosmaSgemm_kernel(float const *, int, float const *, int, float*, int)",40503
34.462142,0.001856,,,,,,,,,,112,57.549312,"Pageable","Device","Tesla V100-PCIE-32GB (0)","1","7","[CUDA memcpy HtoD]",40522
34.462798,0.018240,2048,1,1,384,1,1,16,0.000000,0.000000,,,,,"Tesla V100-PCIE-32GB (0)","1","7","void scal_kernel_val<double, double>(cublasScalParamsVal<double, double>)",40636
34.463247,90.589439,64,64,1,256,1,1,123,16.250000,0.000000,,,,,"Tesla V100-PCIE-32GB (0)","1","7","cosmaSgemm_kernel(float const *, int, float const *, int, float*, int)",40665
34.553846,0.001888,,,,,,,,,,112,56.573899,"Pageable","Device","Tesla V100-PCIE-32GB (0)","1","7","[CUDA memcpy HtoD]",40684
34.554509,0.019424,2048,1,1,384,1,1,16,0.000000,0.000000,,,,,"Tesla V100-PCIE-32GB (0)","1","7","void scal_kernel_val<double, double>(cublasScalParamsVal<double, double>)",40798
34.554984,90.606974,64,64,1,256,1,1,123,16.250000,0.000000,,,,,"Tesla V100-PCIE-32GB (0)","1","7","cosmaSgemm_kernel(float const *, int, float const *, int, float*, int)",40827
34.645599,0.001888,,,,,,,,,,112,56.573899,"Pageable","Device","Tesla V100-PCIE-32GB (0)","1","7","[CUDA memcpy HtoD]",40846
34.646229,0.019135,2048,1,1,384,1,1,16,0.000000,0.000000,,,,,"Tesla V100-PCIE-32GB (0)","1","7","void scal_kernel_val<double, double>(cublasScalParamsVal<double, double>)",40960
34.646676,90.583967,64,64,1,256,1,1,123,16.250000,0.000000,,,,,"Tesla V100-PCIE-32GB (0)","1","7","cosmaSgemm_kernel(float const *, int, float const *, int, float*, int)",40989
34.737268,0.001888,,,,,,,,,,112,56.573899,"Pageable","Device","Tesla V100-PCIE-32GB (0)","1","7","[CUDA memcpy HtoD]",41008
34.737904,0.018463,2048,1,1,384,1,1,16,0.000000,0.000000,,,,,"Tesla V100-PCIE-32GB (0)","1","7","void scal_kernel_val<double, double>(cublasScalParamsVal<double, double>)",41122
34.738335,90.586142,64,64,1,256,1,1,123,16.250000,0.000000,,,,,"Tesla V100-PCIE-32GB (0)","1","7","cosmaSgemm_kernel(float const *, int, float const *, int, float*, int)",41151
34.828931,0.002208,,,,,,,,,,112,48.374784,"Pageable","Device","Tesla V100-PCIE-32GB (0)","1","7","[CUDA memcpy HtoD]",41170
34.829602,0.018176,2048,1,1,384,1,1,16,0.000000,0.000000,,,,,"Tesla V100-PCIE-32GB (0)","1","7","void scal_kernel_val<double, double>(cublasScalParamsVal<double, double>)",41284
34.830049,90.602943,64,64,1,256,1,1,123,16.250000,0.000000,,,,,"Tesla V100-PCIE-32GB (0)","1","7","cosmaSgemm_kernel(float const *, int, float const *, int, float*, int)",41313
34.920661,0.001888,,,,,,,,,,112,56.573899,"Pageable","Device","Tesla V100-PCIE-32GB (0)","1","7","[CUDA memcpy HtoD]",41332
34.921315,0.019008,2048,1,1,384,1,1,16,0.000000,0.000000,,,,,"Tesla V100-PCIE-32GB (0)","1","7","void scal_kernel_val<double, double>(cublasScalParamsVal<double, double>)",41446
34.921777,90.601374,64,64,1,256,1,1,123,16.250000,0.000000,,,,,"Tesla V100-PCIE-32GB (0)","1","7","cosmaSgemm_kernel(float const *, int, float const *, int, float*, int)",41475
35.012387,0.001888,,,,,,,,,,112,56.573899,"Pageable","Device","Tesla V100-PCIE-32GB (0)","1","7","[CUDA memcpy HtoD]",41494
35.013015,0.019136,2048,1,1,384,1,1,16,0.000000,0.000000,,,,,"Tesla V100-PCIE-32GB (0)","1","7","void scal_kernel_val<double, double>(cublasScalParamsVal<double, double>)",41608
35.013445,90.590303,64,64,1,256,1,1,123,16.250000,0.000000,,,,,"Tesla V100-PCIE-32GB (0)","1","7","cosmaSgemm_kernel(float const *, int, float const *, int, float*, int)",41637
35.104044,0.002144,,,,,,,,,,112,49.818807,"Pageable","Device","Tesla V100-PCIE-32GB (0)","1","7","[CUDA memcpy HtoD]",41656
35.104676,0.018656,2048,1,1,384,1,1,16,0.000000,0.000000,,,,,"Tesla V100-PCIE-32GB (0)","1","7","void scal_kernel_val<double, double>(cublasScalParamsVal<double, double>)",41770
35.105105,90.585503,64,64,1,256,1,1,123,16.250000,0.000000,,,,,"Tesla V100-PCIE-32GB (0)","1","7","cosmaSgemm_kernel(float const *, int, float const *, int, float*, int)",41799
35.195700,0.001856,,,,,,,,,,112,57.549312,"Pageable","Device","Tesla V100-PCIE-32GB (0)","1","7","[CUDA memcpy HtoD]",41818
35.196360,0.018816,2048,1,1,384,1,1,16,0.000000,0.000000,,,,,"Tesla V100-PCIE-32GB (0)","1","7","void scal_kernel_val<double, double>(cublasScalParamsVal<double, double>)",41932
35.196825,90.599454,64,64,1,256,1,1,123,16.250000,0.000000,,,,,"Tesla V100-PCIE-32GB (0)","1","7","cosmaSgemm_kernel(float const *, int, float const *, int, float*, int)",41961
35.287433,0.001888,,,,,,,,,,112,56.573899,"Pageable","Device","Tesla V100-PCIE-32GB (0)","1","7","[CUDA memcpy HtoD]",41980
35.288090,0.018335,2048,1,1,384,1,1,16,0.000000,0.000000,,,,,"Tesla V100-PCIE-32GB (0)","1","7","void scal_kernel_val<double, double>(cublasScalParamsVal<double, double>)",42094
35.288534,90.594943,64,64,1,256,1,1,123,16.250000,0.000000,,,,,"Tesla V100-PCIE-32GB (0)","1","7","cosmaSgemm_kernel(float const *, int, float const *, int, float*, int)",42123
35.379137,0.001888,,,,,,,,,,112,56.573899,"Pageable","Device","Tesla V100-PCIE-32GB (0)","1","7","[CUDA memcpy HtoD]",42142
35.379798,0.018560,2048,1,1,384,1,1,16,0.000000,0.000000,,,,,"Tesla V100-PCIE-32GB (0)","1","7","void scal_kernel_val<double, double>(cublasScalParamsVal<double, double>)",42256
35.380252,90.583263,64,64,1,256,1,1,123,16.250000,0.000000,,,,,"Tesla V100-PCIE-32GB (0)","1","7","cosmaSgemm_kernel(float const *, int, float const *, int, float*, int)",42285
35.470844,0.001888,,,,,,,,,,112,56.573899,"Pageable","Device","Tesla V100-PCIE-32GB (0)","1","7","[CUDA memcpy HtoD]",42304
35.471472,0.018784,2048,1,1,384,1,1,16,0.000000,0.000000,,,,,"Tesla V100-PCIE-32GB (0)","1","7","void scal_kernel_val<double, double>(cublasScalParamsVal<double, double>)",42418
35.471905,90.590655,64,64,1,256,1,1,123,16.250000,0.000000,,,,,"Tesla V100-PCIE-32GB (0)","1","7","cosmaSgemm_kernel(float const *, int, float const *, int, float*, int)",42447
35.562507,0.001920,,,,,,,,,,112,55.631001,"Pageable","Device","Tesla V100-PCIE-32GB (0)","1","7","[CUDA memcpy HtoD]",42466
35.563141,0.019136,2048,1,1,384,1,1,16,0.000000,0.000000,,,,,"Tesla V100-PCIE-32GB (0)","1","7","void scal_kernel_val<double, double>(cublasScalParamsVal<double, double>)",42580
35.563578,90.578399,64,64,1,256,1,1,123,16.250000,0.000000,,,,,"Tesla V100-PCIE-32GB (0)","1","7","cosmaSgemm_kernel(float const *, int, float const *, int, float*, int)",42609
35.654166,0.001888,,,,,,,,,,112,56.573899,"Pageable","Device","Tesla V100-PCIE-32GB (0)","1","7","[CUDA memcpy HtoD]",42628
35.654800,0.018624,2048,1,1,384,1,1,16,0.000000,0.000000,,,,,"Tesla V100-PCIE-32GB (0)","1","7","void scal_kernel_val<double, double>(cublasScalParamsVal<double, double>)",42742
35.655228,90.606623,64,64,1,256,1,1,123,16.250000,0.000000,,,,,"Tesla V100-PCIE-32GB (0)","1","7","cosmaSgemm_kernel(float const *, int, float const *, int, float*, int)",42771
35.745844,0.001920,,,,,,,,,,112,55.631001,"Pageable","Device","Tesla V100-PCIE-32GB (0)","1","7","[CUDA memcpy HtoD]",42790
35.746473,0.018656,2048,1,1,384,1,1,16,0.000000,0.000000,,,,,"Tesla V100-PCIE-32GB (0)","1","7","void scal_kernel_val<double, double>(cublasScalParamsVal<double, double>)",42904
35.746906,90.597599,64,64,1,256,1,1,123,16.250000,0.000000,,,,,"Tesla V100-PCIE-32GB (0)","1","7","cosmaSgemm_kernel(float const *, int, float const *, int, float*, int)",42933
35.837512,0.001920,,,,,,,,,,112,55.631001,"Pageable","Device","Tesla V100-PCIE-32GB (0)","1","7","[CUDA memcpy HtoD]",42952
35.838159,0.018592,2048,1,1,384,1,1,16,0.000000,0.000000,,,,,"Tesla V100-PCIE-32GB (0)","1","7","void scal_kernel_val<double, double>(cublasScalParamsVal<double, double>)",43066
35.838611,90.597055,64,64,1,256,1,1,123,16.250000,0.000000,,,,,"Tesla V100-PCIE-32GB (0)","1","7","cosmaSgemm_kernel(float const *, int, float const *, int, float*, int)",43095
35.929218,0.002016,,,,,,,,,,112,52.981906,"Pageable","Device","Tesla V100-PCIE-32GB (0)","1","7","[CUDA memcpy HtoD]",43114
35.929881,0.018816,2048,1,1,384,1,1,16,0.000000,0.000000,,,,,"Tesla V100-PCIE-32GB (0)","1","7","void scal_kernel_val<double, double>(cublasScalParamsVal<double, double>)",43228
35.930333,90.584062,64,64,1,256,1,1,123,16.250000,0.000000,,,,,"Tesla V100-PCIE-32GB (0)","1","7","cosmaSgemm_kernel(float const *, int, float const *, int, float*, int)",43257
36.020926,0.001888,,,,,,,,,,112,56.573899,"Pageable","Device","Tesla V100-PCIE-32GB (0)","1","7","[CUDA memcpy HtoD]",43276
36.021561,0.018528,2048,1,1,384,1,1,16,0.000000,0.000000,,,,,"Tesla V100-PCIE-32GB (0)","1","7","void scal_kernel_val<double, double>(cublasScalParamsVal<double, double>)",43390
36.021992,90.579359,64,64,1,256,1,1,123,16.250000,0.000000,,,,,"Tesla V100-PCIE-32GB (0)","1","7","cosmaSgemm_kernel(float const *, int, float const *, int, float*, int)",43419
36.112580,0.001920,,,,,,,,,,112,55.631001,"Pageable","Device","Tesla V100-PCIE-32GB (0)","1","7","[CUDA memcpy HtoD]",43438
36.113208,0.019072,2048,1,1,384,1,1,16,0.000000,0.000000,,,,,"Tesla V100-PCIE-32GB (0)","1","7","void scal_kernel_val<double, double>(cublasScalParamsVal<double, double>)",43552
36.113647,90.583615,64,64,1,256,1,1,123,16.250000,0.000000,,,,,"Tesla V100-PCIE-32GB (0)","1","7","cosmaSgemm_kernel(float const *, int, float const *, int, float*, int)",43581
36.204240,0.001888,,,,,,,,,,112,56.573899,"Pageable","Device","Tesla V100-PCIE-32GB (0)","1","7","[CUDA memcpy HtoD]",43600
36.204972,0.018496,2048,1,1,384,1,1,16,0.000000,0.000000,,,,,"Tesla V100-PCIE-32GB (0)","1","7","void scal_kernel_val<double, double>(cublasScalParamsVal<double, double>)",43714
36.209020,90.612318,64,64,1,256,1,1,123,16.250000,0.000000,,,,,"Tesla V100-PCIE-32GB (0)","1","7","cosmaSgemm_kernel(float const *, int, float const *, int, float*, int)",43743
36.299641,0.001888,,,,,,,,,,112,56.573899,"Pageable","Device","Tesla V100-PCIE-32GB (0)","1","7","[CUDA memcpy HtoD]",43762
36.300289,0.018943,2048,1,1,384,1,1,16,0.000000,0.000000,,,,,"Tesla V100-PCIE-32GB (0)","1","7","void scal_kernel_val<double, double>(cublasScalParamsVal<double, double>)",43876
36.300736,90.604767,64,64,1,256,1,1,123,16.250000,0.000000,,,,,"Tesla V100-PCIE-32GB (0)","1","7","cosmaSgemm_kernel(float const *, int, float const *, int, float*, int)",43905
36.391350,0.001888,,,,,,,,,,112,56.573899,"Pageable","Device","Tesla V100-PCIE-32GB (0)","1","7","[CUDA memcpy HtoD]",43924
36.391995,0.018848,2048,1,1,384,1,1,16,0.000000,0.000000,,,,,"Tesla V100-PCIE-32GB (0)","1","7","void scal_kernel_val<double, double>(cublasScalParamsVal<double, double>)",44038
36.392432,90.573247,64,64,1,256,1,1,123,16.250000,0.000000,,,,,"Tesla V100-PCIE-32GB (0)","1","7","cosmaSgemm_kernel(float const *, int, float const *, int, float*, int)",44067
36.483016,0.001888,,,,,,,,,,112,56.573899,"Pageable","Device","Tesla V100-PCIE-32GB (0)","1","7","[CUDA memcpy HtoD]",44086
36.483652,0.018208,2048,1,1,384,1,1,16,0.000000,0.000000,,,,,"Tesla V100-PCIE-32GB (0)","1","7","void scal_kernel_val<double, double>(cublasScalParamsVal<double, double>)",44200
36.484083,90.607743,64,64,1,256,1,1,123,16.250000,0.000000,,,,,"Tesla V100-PCIE-32GB (0)","1","7","cosmaSgemm_kernel(float const *, int, float const *, int, float*, int)",44229
36.574700,0.001856,,,,,,,,,,112,57.549312,"Pageable","Device","Tesla V100-PCIE-32GB (0)","1","7","[CUDA memcpy HtoD]",44248
36.575330,0.018656,2048,1,1,384,1,1,16,0.000000,0.000000,,,,,"Tesla V100-PCIE-32GB (0)","1","7","void scal_kernel_val<double, double>(cublasScalParamsVal<double, double>)",44362
36.575766,90.604767,64,64,1,256,1,1,123,16.250000,0.000000,,,,,"Tesla V100-PCIE-32GB (0)","1","7","cosmaSgemm_kernel(float const *, int, float const *, int, float*, int)",44391
36.666380,0.001856,,,,,,,,,,112,57.549312,"Pageable","Device","Tesla V100-PCIE-32GB (0)","1","7","[CUDA memcpy HtoD]",44410
36.667046,0.018624,2048,1,1,384,1,1,16,0.000000,0.000000,,,,,"Tesla V100-PCIE-32GB (0)","1","7","void scal_kernel_val<double, double>(cublasScalParamsVal<double, double>)",44524
36.667476,90.591455,64,64,1,256,1,1,123,16.250000,0.000000,,,,,"Tesla V100-PCIE-32GB (0)","1","7","cosmaSgemm_kernel(float const *, int, float const *, int, float*, int)",44553
36.758076,0.001888,,,,,,,,,,112,56.573899,"Pageable","Device","Tesla V100-PCIE-32GB (0)","1","7","[CUDA memcpy HtoD]",44572
36.758716,0.019104,2048,1,1,384,1,1,16,0.000000,0.000000,,,,,"Tesla V100-PCIE-32GB (0)","1","7","void scal_kernel_val<double, double>(cublasScalParamsVal<double, double>)",44686
36.759160,90.595359,64,64,1,256,1,1,123,16.250000,0.000000,,,,,"Tesla V100-PCIE-32GB (0)","1","7","cosmaSgemm_kernel(float const *, int, float const *, int, float*, int)",44715
36.849764,0.001888,,,,,,,,,,112,56.573899,"Pageable","Device","Tesla V100-PCIE-32GB (0)","1","7","[CUDA memcpy HtoD]",44734
36.852406,0.018912,2048,1,1,384,1,1,16,0.000000,0.000000,,,,,"Tesla V100-PCIE-32GB (0)","1","7","void scal_kernel_val<double, double>(cublasScalParamsVal<double, double>)",44848
36.852878,90.593215,64,64,1,256,1,1,123,16.250000,0.000000,,,,,"Tesla V100-PCIE-32GB (0)","1","7","cosmaSgemm_kernel(float const *, int, float const *, int, float*, int)",44877
36.943480,0.002048,,,,,,,,,,112,52.154064,"Pageable","Device","Tesla V100-PCIE-32GB (0)","1","7","[CUDA memcpy HtoD]",44896
36.944122,0.018208,2048,1,1,384,1,1,16,0.000000,0.000000,,,,,"Tesla V100-PCIE-32GB (0)","1","7","void scal_kernel_val<double, double>(cublasScalParamsVal<double, double>)",45010
36.944560,90.605215,64,64,1,256,1,1,123,16.250000,0.000000,,,,,"Tesla V100-PCIE-32GB (0)","1","7","cosmaSgemm_kernel(float const *, int, float const *, int, float*, int)",45039
37.035174,0.001856,,,,,,,,,,112,57.549312,"Pageable","Device","Tesla V100-PCIE-32GB (0)","1","7","[CUDA memcpy HtoD]",45058
37.035811,0.018464,2048,1,1,384,1,1,16,0.000000,0.000000,,,,,"Tesla V100-PCIE-32GB (0)","1","7","void scal_kernel_val<double, double>(cublasScalParamsVal<double, double>)",45172
37.036243,90.610047,64,64,1,256,1,1,123,16.250000,0.000000,,,,,"Tesla V100-PCIE-32GB (0)","1","7","cosmaSgemm_kernel(float const *, int, float const *, int, float*, int)",45201
37.126862,0.001888,,,,,,,,,,112,56.573899,"Pageable","Device","Tesla V100-PCIE-32GB (0)","1","7","[CUDA memcpy HtoD]",45220
37.127497,0.019232,2048,1,1,384,1,1,16,0.000000,0.000000,,,,,"Tesla V100-PCIE-32GB (0)","1","7","void scal_kernel_val<double, double>(cublasScalParamsVal<double, double>)",45334
37.127940,90.592671,64,64,1,256,1,1,123,16.250000,0.000000,,,,,"Tesla V100-PCIE-32GB (0)","1","7","cosmaSgemm_kernel(float const *, int, float const *, int, float*, int)",45363
37.218543,0.002048,,,,,,,,,,112,52.154064,"Pageable","Device","Tesla V100-PCIE-32GB (0)","1","7","[CUDA memcpy HtoD]",45382
37.219178,0.019552,2048,1,1,384,1,1,16,0.000000,0.000000,,,,,"Tesla V100-PCIE-32GB (0)","1","7","void scal_kernel_val<double, double>(cublasScalParamsVal<double, double>)",45496
37.219620,90.602783,64,64,1,256,1,1,123,16.250000,0.000000,,,,,"Tesla V100-PCIE-32GB (0)","1","7","cosmaSgemm_kernel(float const *, int, float const *, int, float*, int)",45525
37.310232,0.001888,,,,,,,,,,112,56.573899,"Pageable","Device","Tesla V100-PCIE-32GB (0)","1","7","[CUDA memcpy HtoD]",45544
37.310881,0.018784,2048,1,1,384,1,1,16,0.000000,0.000000,,,,,"Tesla V100-PCIE-32GB (0)","1","7","void scal_kernel_val<double, double>(cublasScalParamsVal<double, double>)",45658
37.311312,90.586047,64,64,1,256,1,1,123,16.250000,0.000000,,,,,"Tesla V100-PCIE-32GB (0)","1","7","cosmaSgemm_kernel(float const *, int, float const *, int, float*, int)",45687
37.401907,0.002208,,,,,,,,,,112,48.374784,"Pageable","Device","Tesla V100-PCIE-32GB (0)","1","7","[CUDA memcpy HtoD]",45706
37.402543,0.018720,2048,1,1,384,1,1,16,0.000000,0.000000,,,,,"Tesla V100-PCIE-32GB (0)","1","7","void scal_kernel_val<double, double>(cublasScalParamsVal<double, double>)",45820
37.402977,90.605790,64,64,1,256,1,1,123,16.250000,0.000000,,,,,"Tesla V100-PCIE-32GB (0)","1","7","cosmaSgemm_kernel(float const *, int, float const *, int, float*, int)",45849
37.493591,0.001888,,,,,,,,,,112,56.573899,"Pageable","Device","Tesla V100-PCIE-32GB (0)","1","7","[CUDA memcpy HtoD]",45868
37.494221,0.019136,2048,1,1,384,1,1,16,0.000000,0.000000,,,,,"Tesla V100-PCIE-32GB (0)","1","7","void scal_kernel_val<double, double>(cublasScalParamsVal<double, double>)",45982
37.494676,90.612830,64,64,1,256,1,1,123,16.250000,0.000000,,,,,"Tesla V100-PCIE-32GB (0)","1","7","cosmaSgemm_kernel(float const *, int, float const *, int, float*, int)",46011
37.585299,0.001888,,,,,,,,,,112,56.573899,"Pageable","Device","Tesla V100-PCIE-32GB (0)","1","7","[CUDA memcpy HtoD]",46030
37.585949,0.019263,2048,1,1,384,1,1,16,0.000000,0.000000,,,,,"Tesla V100-PCIE-32GB (0)","1","7","void scal_kernel_val<double, double>(cublasScalParamsVal<double, double>)",46144
37.586381,90.611582,64,64,1,256,1,1,123,16.250000,0.000000,,,,,"Tesla V100-PCIE-32GB (0)","1","7","cosmaSgemm_kernel(float const *, int, float const *, int, float*, int)",46173
37.677004,0.001888,,,,,,,,,,112,56.573899,"Pageable","Device","Tesla V100-PCIE-32GB (0)","1","7","[CUDA memcpy HtoD]",46192
37.680011,0.019584,2048,1,1,384,1,1,16,0.000000,0.000000,,,,,"Tesla V100-PCIE-32GB (0)","1","7","void scal_kernel_val<double, double>(cublasScalParamsVal<double, double>)",46306
37.680462,90.584735,64,64,1,256,1,1,123,16.250000,0.000000,,,,,"Tesla V100-PCIE-32GB (0)","1","7","cosmaSgemm_kernel(float const *, int, float const *, int, float*, int)",46335
37.771056,0.001888,,,,,,,,,,112,56.573899,"Pageable","Device","Tesla V100-PCIE-32GB (0)","1","7","[CUDA memcpy HtoD]",46354
37.771699,0.018943,2048,1,1,384,1,1,16,0.000000,0.000000,,,,,"Tesla V100-PCIE-32GB (0)","1","7","void scal_kernel_val<double, double>(cublasScalParamsVal<double, double>)",46468
37.772132,90.607167,64,64,1,256,1,1,123,16.250000,0.000000,,,,,"Tesla V100-PCIE-32GB (0)","1","7","cosmaSgemm_kernel(float const *, int, float const *, int, float*, int)",46497
37.862748,0.002176,,,,,,,,,,112,49.086178,"Pageable","Device","Tesla V100-PCIE-32GB (0)","1","7","[CUDA memcpy HtoD]",46516
37.863410,0.018976,2048,1,1,384,1,1,16,0.000000,0.000000,,,,,"Tesla V100-PCIE-32GB (0)","1","7","void scal_kernel_val<double, double>(cublasScalParamsVal<double, double>)",46630
37.863864,90.594815,64,64,1,256,1,1,123,16.250000,0.000000,,,,,"Tesla V100-PCIE-32GB (0)","1","7","cosmaSgemm_kernel(float const *, int, float const *, int, float*, int)",46659
37.954467,0.001952,,,,,,,,,,112,54.719018,"Pageable","Device","Tesla V100-PCIE-32GB (0)","1","7","[CUDA memcpy HtoD]",46678
37.955125,0.018912,2048,1,1,384,1,1,16,0.000000,0.000000,,,,,"Tesla V100-PCIE-32GB (0)","1","7","void scal_kernel_val<double, double>(cublasScalParamsVal<double, double>)",46792
37.955560,90.606750,64,64,1,256,1,1,123,16.250000,0.000000,,,,,"Tesla V100-PCIE-32GB (0)","1","7","cosmaSgemm_kernel(float const *, int, float const *, int, float*, int)",46821
38.046177,0.001888,,,,,,,,,,112,56.573899,"Pageable","Device","Tesla V100-PCIE-32GB (0)","1","7","[CUDA memcpy HtoD]",46840
38.046822,0.018976,2048,1,1,384,1,1,16,0.000000,0.000000,,,,,"Tesla V100-PCIE-32GB (0)","1","7","void scal_kernel_val<double, double>(cublasScalParamsVal<double, double>)",46954
38.047259,90.595006,64,64,1,256,1,1,123,16.250000,0.000000,,,,,"Tesla V100-PCIE-32GB (0)","1","7","cosmaSgemm_kernel(float const *, int, float const *, int, float*, int)",46983
38.137864,0.001888,,,,,,,,,,112,56.573899,"Pageable","Device","Tesla V100-PCIE-32GB (0)","1","7","[CUDA memcpy HtoD]",47002
38.139939,0.019423,2048,1,1,384,1,1,16,0.000000,0.000000,,,,,"Tesla V100-PCIE-32GB (0)","1","7","void scal_kernel_val<double, double>(cublasScalParamsVal<double, double>)",47116
38.140382,90.590463,64,64,1,256,1,1,123,16.250000,0.000000,,,,,"Tesla V100-PCIE-32GB (0)","1","7","cosmaSgemm_kernel(float const *, int, float const *, int, float*, int)",47145
38.230981,0.001888,,,,,,,,,,112,56.573899,"Pageable","Device","Tesla V100-PCIE-32GB (0)","1","7","[CUDA memcpy HtoD]",47164
38.231635,0.018528,2048,1,1,384,1,1,16,0.000000,0.000000,,,,,"Tesla V100-PCIE-32GB (0)","1","7","void scal_kernel_val<double, double>(cublasScalParamsVal<double, double>)",47278
38.232078,90.616671,64,64,1,256,1,1,123,16.250000,0.000000,,,,,"Tesla V100-PCIE-32GB (0)","1","7","cosmaSgemm_kernel(float const *, int, float const *, int, float*, int)",47307
38.322703,0.001888,,,,,,,,,,112,56.573899,"Pageable","Device","Tesla V100-PCIE-32GB (0)","1","7","[CUDA memcpy HtoD]",47326
38.323339,0.019040,2048,1,1,384,1,1,16,0.000000,0.000000,,,,,"Tesla V100-PCIE-32GB (0)","1","7","void scal_kernel_val<double, double>(cublasScalParamsVal<double, double>)",47440
38.323776,90.600063,64,64,1,256,1,1,123,16.250000,0.000000,,,,,"Tesla V100-PCIE-32GB (0)","1","7","cosmaSgemm_kernel(float const *, int, float const *, int, float*, int)",47469
38.414385,0.001888,,,,,,,,,,112,56.573899,"Pageable","Device","Tesla V100-PCIE-32GB (0)","1","7","[CUDA memcpy HtoD]",47488
38.415023,0.018432,2048,1,1,384,1,1,16,0.000000,0.000000,,,,,"Tesla V100-PCIE-32GB (0)","1","7","void scal_kernel_val<double, double>(cublasScalParamsVal<double, double>)",47602
38.415454,90.590303,64,64,1,256,1,1,123,16.250000,0.000000,,,,,"Tesla V100-PCIE-32GB (0)","1","7","cosmaSgemm_kernel(float const *, int, float const *, int, float*, int)",47631
38.506053,0.001856,,,,,,,,,,112,57.549312,"Pageable","Device","Tesla V100-PCIE-32GB (0)","1","7","[CUDA memcpy HtoD]",47650
38.506717,0.019328,2048,1,1,384,1,1,16,0.000000,0.000000,,,,,"Tesla V100-PCIE-32GB (0)","1","7","void scal_kernel_val<double, double>(cublasScalParamsVal<double, double>)",47764
38.507163,90.597950,64,64,1,256,1,1,123,16.250000,0.000000,,,,,"Tesla V100-PCIE-32GB (0)","1","7","cosmaSgemm_kernel(float const *, int, float const *, int, float*, int)",47793
38.597773,0.001888,,,,,,,,,,112,56.573899,"Pageable","Device","Tesla V100-PCIE-32GB (0)","1","7","[CUDA memcpy HtoD]",47812
38.598519,0.018656,2048,1,1,384,1,1,16,0.000000,0.000000,,,,,"Tesla V100-PCIE-32GB (0)","1","7","void scal_kernel_val<double, double>(cublasScalParamsVal<double, double>)",47926
38.625442,90.605151,64,64,1,256,1,1,123,16.250000,0.000000,,,,,"Tesla V100-PCIE-32GB (0)","1","7","cosmaSgemm_kernel(float const *, int, float const *, int, float*, int)",47955
38.716056,0.001888,,,,,,,,,,112,56.573899,"Pageable","Device","Tesla V100-PCIE-32GB (0)","1","7","[CUDA memcpy HtoD]",47974
38.716702,0.018752,2048,1,1,384,1,1,16,0.000000,0.000000,,,,,"Tesla V100-PCIE-32GB (0)","1","7","void scal_kernel_val<double, double>(cublasScalParamsVal<double, double>)",48088
38.717136,90.607615,64,64,1,256,1,1,123,16.250000,0.000000,,,,,"Tesla V100-PCIE-32GB (0)","1","7","cosmaSgemm_kernel(float const *, int, float const *, int, float*, int)",48117
38.807753,0.001888,,,,,,,,,,112,56.573899,"Pageable","Device","Tesla V100-PCIE-32GB (0)","1","7","[CUDA memcpy HtoD]",48136
38.808393,0.018752,2048,1,1,384,1,1,16,0.000000,0.000000,,,,,"Tesla V100-PCIE-32GB (0)","1","7","void scal_kernel_val<double, double>(cublasScalParamsVal<double, double>)",48250
38.808844,90.584767,64,64,1,256,1,1,123,16.250000,0.000000,,,,,"Tesla V100-PCIE-32GB (0)","1","7","cosmaSgemm_kernel(float const *, int, float const *, int, float*, int)",48279
38.899449,0.001887,,,,,,,,,,112,56.603881,"Pageable","Device","Tesla V100-PCIE-32GB (0)","1","7","[CUDA memcpy HtoD]",48298
38.900249,0.019136,2048,1,1,384,1,1,16,0.000000,0.000000,,,,,"Tesla V100-PCIE-32GB (0)","1","7","void scal_kernel_val<double, double>(cublasScalParamsVal<double, double>)",48412
38.900709,90.605214,64,64,1,256,1,1,123,16.250000,0.000000,,,,,"Tesla V100-PCIE-32GB (0)","1","7","cosmaSgemm_kernel(float const *, int, float const *, int, float*, int)",48441
38.991323,0.001856,,,,,,,,,,112,57.549312,"Pageable","Device","Tesla V100-PCIE-32GB (0)","1","7","[CUDA memcpy HtoD]",48460
38.992774,0.019744,2048,1,1,384,1,1,16,0.000000,0.000000,,,,,"Tesla V100-PCIE-32GB (0)","1","7","void scal_kernel_val<double, double>(cublasScalParamsVal<double, double>)",48574
38.993210,90.608894,64,64,1,256,1,1,123,16.250000,0.000000,,,,,"Tesla V100-PCIE-32GB (0)","1","7","cosmaSgemm_kernel(float const *, int, float const *, int, float*, int)",48603
39.083828,0.001888,,,,,,,,,,112,56.573899,"Pageable","Device","Tesla V100-PCIE-32GB (0)","1","7","[CUDA memcpy HtoD]",48622
39.085182,0.018879,2048,1,1,384,1,1,16,0.000000,0.000000,,,,,"Tesla V100-PCIE-32GB (0)","1","7","void scal_kernel_val<double, double>(cublasScalParamsVal<double, double>)",48736
39.085643,90.586431,64,64,1,256,1,1,123,16.250000,0.000000,,,,,"Tesla V100-PCIE-32GB (0)","1","7","cosmaSgemm_kernel(float const *, int, float const *, int, float*, int)",48765
39.176238,0.001888,,,,,,,,,,112,56.573899,"Pageable","Device","Tesla V100-PCIE-32GB (0)","1","7","[CUDA memcpy HtoD]",48784
39.176892,0.019264,2048,1,1,384,1,1,16,0.000000,0.000000,,,,,"Tesla V100-PCIE-32GB (0)","1","7","void scal_kernel_val<double, double>(cublasScalParamsVal<double, double>)",48898
39.177334,90.592447,64,64,1,256,1,1,123,16.250000,0.000000,,,,,"Tesla V100-PCIE-32GB (0)","1","7","cosmaSgemm_kernel(float const *, int, float const *, int, float*, int)",48927
39.267936,0.002176,,,,,,,,,,112,49.086178,"Pageable","Device","Tesla V100-PCIE-32GB (0)","1","7","[CUDA memcpy HtoD]",48946
39.268578,0.018944,2048,1,1,384,1,1,16,0.000000,0.000000,,,,,"Tesla V100-PCIE-32GB (0)","1","7","void scal_kernel_val<double, double>(cublasScalParamsVal<double, double>)",49060
