==156157== NVPROF is profiling process 156157, command: ./cuCOSMA
==156157== Profiling application: ./cuCOSMA
==156157== Profiling result:
"Start","Duration","Grid X","Grid Y","Grid Z","Block X","Block Y","Block Z","Registers Per Thread","Static SMem","Dynamic SMem","Size","Throughput","SrcMemType","DstMemType","Device","Context","Stream","Name","Correlation_ID"
s,ms,,,,,,,,KB,KB,B,MB/s,,,,,,,
4.411751,7.364253,15,1597,1,256,1,1,55,16.000000,0.000000,,,,,"Tesla V100-PCIE-32GB (0)","1","7","volta_sgemm_32x128_tt",16
4.419127,0.001920,,,,,,,,,,112,55.631001,"Pageable","Device","Tesla V100-PCIE-32GB (0)","1","7","[CUDA memcpy HtoD]",36
4.420006,0.019776,2048,1,1,384,1,1,16,0.000000,0.000000,,,,,"Tesla V100-PCIE-32GB (0)","1","7","void scal_kernel_val<double, double>(cublasScalParamsVal<double, double>)",150
4.420502,7.362429,15,1597,1,256,1,1,55,16.000000,0.000000,,,,,"Tesla V100-PCIE-32GB (0)","1","7","volta_sgemm_32x128_tt",180
4.427874,0.001472,,,,,,,,,,112,72.562176,"Pageable","Device","Tesla V100-PCIE-32GB (0)","1","7","[CUDA memcpy HtoD]",200
4.428631,0.019456,2048,1,1,384,1,1,16,0.000000,0.000000,,,,,"Tesla V100-PCIE-32GB (0)","1","7","void scal_kernel_val<double, double>(cublasScalParamsVal<double, double>)",314
4.429102,7.361437,15,1597,1,256,1,1,55,16.000000,0.000000,,,,,"Tesla V100-PCIE-32GB (0)","1","7","volta_sgemm_32x128_tt",344
4.436473,0.001504,,,,,,,,,,112,71.018300,"Pageable","Device","Tesla V100-PCIE-32GB (0)","1","7","[CUDA memcpy HtoD]",364
4.437136,0.019744,2048,1,1,384,1,1,16,0.000000,0.000000,,,,,"Tesla V100-PCIE-32GB (0)","1","7","void scal_kernel_val<double, double>(cublasScalParamsVal<double, double>)",478
4.437585,7.362077,15,1597,1,256,1,1,55,16.000000,0.000000,,,,,"Tesla V100-PCIE-32GB (0)","1","7","volta_sgemm_32x128_tt",508
4.444956,0.001472,,,,,,,,,,112,72.562176,"Pageable","Device","Tesla V100-PCIE-32GB (0)","1","7","[CUDA memcpy HtoD]",528
4.445593,0.019392,2048,1,1,384,1,1,16,0.000000,0.000000,,,,,"Tesla V100-PCIE-32GB (0)","1","7","void scal_kernel_val<double, double>(cublasScalParamsVal<double, double>)",642
4.446051,7.362685,15,1597,1,256,1,1,55,16.000000,0.000000,,,,,"Tesla V100-PCIE-32GB (0)","1","7","volta_sgemm_32x128_tt",672
4.453422,0.001472,,,,,,,,,,112,72.562176,"Pageable","Device","Tesla V100-PCIE-32GB (0)","1","7","[CUDA memcpy HtoD]",692
4.454065,0.020032,2048,1,1,384,1,1,16,0.000000,0.000000,,,,,"Tesla V100-PCIE-32GB (0)","1","7","void scal_kernel_val<double, double>(cublasScalParamsVal<double, double>)",806
4.454514,7.361661,15,1597,1,256,1,1,55,16.000000,0.000000,,,,,"Tesla V100-PCIE-32GB (0)","1","7","volta_sgemm_32x128_tt",836
4.461885,0.001472,,,,,,,,,,112,72.562176,"Pageable","Device","Tesla V100-PCIE-32GB (0)","1","7","[CUDA memcpy HtoD]",856
4.463484,0.019552,2048,1,1,384,1,1,16,0.000000,0.000000,,,,,"Tesla V100-PCIE-32GB (0)","1","7","void scal_kernel_val<double, double>(cublasScalParamsVal<double, double>)",970
4.463953,7.363229,15,1597,1,256,1,1,55,16.000000,0.000000,,,,,"Tesla V100-PCIE-32GB (0)","1","7","volta_sgemm_32x128_tt",1000
4.471325,0.001504,,,,,,,,,,112,71.018300,"Pageable","Device","Tesla V100-PCIE-32GB (0)","1","7","[CUDA memcpy HtoD]",1020
4.471970,0.019328,2048,1,1,384,1,1,16,0.000000,0.000000,,,,,"Tesla V100-PCIE-32GB (0)","1","7","void scal_kernel_val<double, double>(cublasScalParamsVal<double, double>)",1134
4.472412,7.365021,15,1597,1,256,1,1,55,16.000000,0.000000,,,,,"Tesla V100-PCIE-32GB (0)","1","7","volta_sgemm_32x128_tt",1164
4.479786,0.001504,,,,,,,,,,112,71.018300,"Pageable","Device","Tesla V100-PCIE-32GB (0)","1","7","[CUDA memcpy HtoD]",1184
4.480429,0.019391,2048,1,1,384,1,1,16,0.000000,0.000000,,,,,"Tesla V100-PCIE-32GB (0)","1","7","void scal_kernel_val<double, double>(cublasScalParamsVal<double, double>)",1298
4.480896,7.377181,15,1597,1,256,1,1,55,16.000000,0.000000,,,,,"Tesla V100-PCIE-32GB (0)","1","7","volta_sgemm_32x128_tt",1328
4.488282,0.001472,,,,,,,,,,112,72.562176,"Pageable","Device","Tesla V100-PCIE-32GB (0)","1","7","[CUDA memcpy HtoD]",1348
4.488922,0.019488,2048,1,1,384,1,1,16,0.000000,0.000000,,,,,"Tesla V100-PCIE-32GB (0)","1","7","void scal_kernel_val<double, double>(cublasScalParamsVal<double, double>)",1462
4.489368,7.359613,15,1597,1,256,1,1,55,16.000000,0.000000,,,,,"Tesla V100-PCIE-32GB (0)","1","7","volta_sgemm_32x128_tt",1492
4.496736,0.001472,,,,,,,,,,112,72.562176,"Pageable","Device","Tesla V100-PCIE-32GB (0)","1","7","[CUDA memcpy HtoD]",1512
4.497370,0.019200,2048,1,1,384,1,1,16,0.000000,0.000000,,,,,"Tesla V100-PCIE-32GB (0)","1","7","void scal_kernel_val<double, double>(cublasScalParamsVal<double, double>)",1626
4.497825,7.362589,15,1597,1,256,1,1,55,16.000000,0.000000,,,,,"Tesla V100-PCIE-32GB (0)","1","7","volta_sgemm_32x128_tt",1656
4.505196,0.001472,,,,,,,,,,112,72.562176,"Pageable","Device","Tesla V100-PCIE-32GB (0)","1","7","[CUDA memcpy HtoD]",1676
4.505836,0.019360,2048,1,1,384,1,1,16,0.000000,0.000000,,,,,"Tesla V100-PCIE-32GB (0)","1","7","void scal_kernel_val<double, double>(cublasScalParamsVal<double, double>)",1790
4.506283,7.364189,15,1597,1,256,1,1,55,16.000000,0.000000,,,,,"Tesla V100-PCIE-32GB (0)","1","7","volta_sgemm_32x128_tt",1820
4.513655,0.001504,,,,,,,,,,112,71.018300,"Pageable","Device","Tesla V100-PCIE-32GB (0)","1","7","[CUDA memcpy HtoD]",1840
4.514295,0.019968,2048,1,1,384,1,1,16,0.000000,0.000000,,,,,"Tesla V100-PCIE-32GB (0)","1","7","void scal_kernel_val<double, double>(cublasScalParamsVal<double, double>)",1954
4.514758,7.363933,15,1597,1,256,1,1,55,16.000000,0.000000,,,,,"Tesla V100-PCIE-32GB (0)","1","7","volta_sgemm_32x128_tt",1984
4.522131,0.001504,,,,,,,,,,112,71.018300,"Pageable","Device","Tesla V100-PCIE-32GB (0)","1","7","[CUDA memcpy HtoD]",2004
4.524804,0.019679,2048,1,1,384,1,1,16,0.000000,0.000000,,,,,"Tesla V100-PCIE-32GB (0)","1","7","void scal_kernel_val<double, double>(cublasScalParamsVal<double, double>)",2118
4.525256,7.362173,15,1597,1,256,1,1,55,16.000000,0.000000,,,,,"Tesla V100-PCIE-32GB (0)","1","7","volta_sgemm_32x128_tt",2148
4.532627,0.001504,,,,,,,,,,112,71.018300,"Pageable","Device","Tesla V100-PCIE-32GB (0)","1","7","[CUDA memcpy HtoD]",2168
4.533269,0.019807,2048,1,1,384,1,1,16,0.000000,0.000000,,,,,"Tesla V100-PCIE-32GB (0)","1","7","void scal_kernel_val<double, double>(cublasScalParamsVal<double, double>)",2282
4.533721,7.361885,15,1597,1,256,1,1,55,16.000000,0.000000,,,,,"Tesla V100-PCIE-32GB (0)","1","7","volta_sgemm_32x128_tt",2312
4.541092,0.001504,,,,,,,,,,112,71.018300,"Pageable","Device","Tesla V100-PCIE-32GB (0)","1","7","[CUDA memcpy HtoD]",2332
4.541732,0.019456,2048,1,1,384,1,1,16,0.000000,0.000000,,,,,"Tesla V100-PCIE-32GB (0)","1","7","void scal_kernel_val<double, double>(cublasScalParamsVal<double, double>)",2446
4.543442,7.364157,15,1597,1,256,1,1,55,16.000000,0.000000,,,,,"Tesla V100-PCIE-32GB (0)","1","7","volta_sgemm_32x128_tt",2476
4.550815,0.001472,,,,,,,,,,112,72.562176,"Pageable","Device","Tesla V100-PCIE-32GB (0)","1","7","[CUDA memcpy HtoD]",2496
4.551452,0.019232,2048,1,1,384,1,1,16,0.000000,0.000000,,,,,"Tesla V100-PCIE-32GB (0)","1","7","void scal_kernel_val<double, double>(cublasScalParamsVal<double, double>)",2610
4.551908,7.361117,15,1597,1,256,1,1,55,16.000000,0.000000,,,,,"Tesla V100-PCIE-32GB (0)","1","7","volta_sgemm_32x128_tt",2640
4.559278,0.001504,,,,,,,,,,112,71.018300,"Pageable","Device","Tesla V100-PCIE-32GB (0)","1","7","[CUDA memcpy HtoD]",2660
4.559927,0.020000,2048,1,1,384,1,1,16,0.000000,0.000000,,,,,"Tesla V100-PCIE-32GB (0)","1","7","void scal_kernel_val<double, double>(cublasScalParamsVal<double, double>)",2774
4.560385,7.366109,15,1597,1,256,1,1,55,16.000000,0.000000,,,,,"Tesla V100-PCIE-32GB (0)","1","7","volta_sgemm_32x128_tt",2804
4.567760,0.001504,,,,,,,,,,112,71.018300,"Pageable","Device","Tesla V100-PCIE-32GB (0)","1","7","[CUDA memcpy HtoD]",2824
4.568398,0.019615,2048,1,1,384,1,1,16,0.000000,0.000000,,,,,"Tesla V100-PCIE-32GB (0)","1","7","void scal_kernel_val<double, double>(cublasScalParamsVal<double, double>)",2938
4.568850,7.361692,15,1597,1,256,1,1,55,16.000000,0.000000,,,,,"Tesla V100-PCIE-32GB (0)","1","7","volta_sgemm_32x128_tt",2968
4.576220,0.001504,,,,,,,,,,112,71.018300,"Pageable","Device","Tesla V100-PCIE-32GB (0)","1","7","[CUDA memcpy HtoD]",2988
4.576860,0.019519,2048,1,1,384,1,1,16,0.000000,0.000000,,,,,"Tesla V100-PCIE-32GB (0)","1","7","void scal_kernel_val<double, double>(cublasScalParamsVal<double, double>)",3102
4.577316,7.364221,15,1597,1,256,1,1,55,16.000000,0.000000,,,,,"Tesla V100-PCIE-32GB (0)","1","7","volta_sgemm_32x128_tt",3132
4.584690,0.001504,,,,,,,,,,112,71.018300,"Pageable","Device","Tesla V100-PCIE-32GB (0)","1","7","[CUDA memcpy HtoD]",3152
4.585330,0.019840,2048,1,1,384,1,1,16,0.000000,0.000000,,,,,"Tesla V100-PCIE-32GB (0)","1","7","void scal_kernel_val<double, double>(cublasScalParamsVal<double, double>)",3266
4.585783,7.362205,15,1597,1,256,1,1,55,16.000000,0.000000,,,,,"Tesla V100-PCIE-32GB (0)","1","7","volta_sgemm_32x128_tt",3296
4.593154,0.001472,,,,,,,,,,112,72.562176,"Pageable","Device","Tesla V100-PCIE-32GB (0)","1","7","[CUDA memcpy HtoD]",3316
4.593797,0.019520,2048,1,1,384,1,1,16,0.000000,0.000000,,,,,"Tesla V100-PCIE-32GB (0)","1","7","void scal_kernel_val<double, double>(cublasScalParamsVal<double, double>)",3430
4.594247,7.365053,15,1597,1,256,1,1,55,16.000000,0.000000,,,,,"Tesla V100-PCIE-32GB (0)","1","7","volta_sgemm_32x128_tt",3460
4.601621,0.001504,,,,,,,,,,112,71.018300,"Pageable","Device","Tesla V100-PCIE-32GB (0)","1","7","[CUDA memcpy HtoD]",3480
4.602262,0.020096,2048,1,1,384,1,1,16,0.000000,0.000000,,,,,"Tesla V100-PCIE-32GB (0)","1","7","void scal_kernel_val<double, double>(cublasScalParamsVal<double, double>)",3594
4.602720,7.360925,15,1597,1,256,1,1,55,16.000000,0.000000,,,,,"Tesla V100-PCIE-32GB (0)","1","7","volta_sgemm_32x128_tt",3624
4.610091,0.001472,,,,,,,,,,112,72.562176,"Pageable","Device","Tesla V100-PCIE-32GB (0)","1","7","[CUDA memcpy HtoD]",3644
4.611420,0.019904,2048,1,1,384,1,1,16,0.000000,0.000000,,,,,"Tesla V100-PCIE-32GB (0)","1","7","void scal_kernel_val<double, double>(cublasScalParamsVal<double, double>)",3758
4.611881,7.364189,15,1597,1,256,1,1,55,16.000000,0.000000,,,,,"Tesla V100-PCIE-32GB (0)","1","7","volta_sgemm_32x128_tt",3788
4.619254,0.001504,,,,,,,,,,112,71.018300,"Pageable","Device","Tesla V100-PCIE-32GB (0)","1","7","[CUDA memcpy HtoD]",3808
4.619907,0.019039,2048,1,1,384,1,1,16,0.000000,0.000000,,,,,"Tesla V100-PCIE-32GB (0)","1","7","void scal_kernel_val<double, double>(cublasScalParamsVal<double, double>)",3922
4.620369,7.379165,15,1597,1,256,1,1,55,16.000000,0.000000,,,,,"Tesla V100-PCIE-32GB (0)","1","7","volta_sgemm_32x128_tt",3952
4.627757,0.001504,,,,,,,,,,112,71.018300,"Pageable","Device","Tesla V100-PCIE-32GB (0)","1","7","[CUDA memcpy HtoD]",3972
4.628394,0.020064,2048,1,1,384,1,1,16,0.000000,0.000000,,,,,"Tesla V100-PCIE-32GB (0)","1","7","void scal_kernel_val<double, double>(cublasScalParamsVal<double, double>)",4086
4.628850,7.376413,15,1597,1,256,1,1,55,16.000000,0.000000,,,,,"Tesla V100-PCIE-32GB (0)","1","7","volta_sgemm_32x128_tt",4116
4.636236,0.001472,,,,,,,,,,112,72.562176,"Pageable","Device","Tesla V100-PCIE-32GB (0)","1","7","[CUDA memcpy HtoD]",4136
4.657020,0.020063,2048,1,1,384,1,1,16,0.000000,0.000000,,,,,"Tesla V100-PCIE-32GB (0)","1","7","void scal_kernel_val<double, double>(cublasScalParamsVal<double, double>)",4250
4.658349,7.364572,15,1597,1,256,1,1,55,16.000000,0.000000,,,,,"Tesla V100-PCIE-32GB (0)","1","7","volta_sgemm_32x128_tt",4280
4.665722,0.001504,,,,,,,,,,112,71.018300,"Pageable","Device","Tesla V100-PCIE-32GB (0)","1","7","[CUDA memcpy HtoD]",4300
4.666371,0.019456,2048,1,1,384,1,1,16,0.000000,0.000000,,,,,"Tesla V100-PCIE-32GB (0)","1","7","void scal_kernel_val<double, double>(cublasScalParamsVal<double, double>)",4414
4.666832,7.364413,15,1597,1,256,1,1,55,16.000000,0.000000,,,,,"Tesla V100-PCIE-32GB (0)","1","7","volta_sgemm_32x128_tt",4444
4.674204,0.001504,,,,,,,,,,112,71.018300,"Pageable","Device","Tesla V100-PCIE-32GB (0)","1","7","[CUDA memcpy HtoD]",4464
4.674846,0.019424,2048,1,1,384,1,1,16,0.000000,0.000000,,,,,"Tesla V100-PCIE-32GB (0)","1","7","void scal_kernel_val<double, double>(cublasScalParamsVal<double, double>)",4578
4.675292,7.364253,15,1597,1,256,1,1,55,16.000000,0.000000,,,,,"Tesla V100-PCIE-32GB (0)","1","7","volta_sgemm_32x128_tt",4608
4.682666,0.001504,,,,,,,,,,112,71.018300,"Pageable","Device","Tesla V100-PCIE-32GB (0)","1","7","[CUDA memcpy HtoD]",4628
4.683554,0.019872,2048,1,1,384,1,1,16,0.000000,0.000000,,,,,"Tesla V100-PCIE-32GB (0)","1","7","void scal_kernel_val<double, double>(cublasScalParamsVal<double, double>)",4742
4.684020,7.366013,15,1597,1,256,1,1,55,16.000000,0.000000,,,,,"Tesla V100-PCIE-32GB (0)","1","7","volta_sgemm_32x128_tt",4772
4.691395,0.001504,,,,,,,,,,112,71.018300,"Pageable","Device","Tesla V100-PCIE-32GB (0)","1","7","[CUDA memcpy HtoD]",4792
4.692037,0.019552,2048,1,1,384,1,1,16,0.000000,0.000000,,,,,"Tesla V100-PCIE-32GB (0)","1","7","void scal_kernel_val<double, double>(cublasScalParamsVal<double, double>)",4906
4.692484,7.362365,15,1597,1,256,1,1,55,16.000000,0.000000,,,,,"Tesla V100-PCIE-32GB (0)","1","7","volta_sgemm_32x128_tt",4936
4.699856,0.001600,,,,,,,,,,112,66.757202,"Pageable","Device","Tesla V100-PCIE-32GB (0)","1","7","[CUDA memcpy HtoD]",4956
4.700508,0.019647,2048,1,1,384,1,1,16,0.000000,0.000000,,,,,"Tesla V100-PCIE-32GB (0)","1","7","void scal_kernel_val<double, double>(cublasScalParamsVal<double, double>)",5070
4.700972,7.362653,15,1597,1,256,1,1,55,16.000000,0.000000,,,,,"Tesla V100-PCIE-32GB (0)","1","7","volta_sgemm_32x128_tt",5100
4.708343,0.001504,,,,,,,,,,112,71.018300,"Pageable","Device","Tesla V100-PCIE-32GB (0)","1","7","[CUDA memcpy HtoD]",5120
4.708984,0.019488,2048,1,1,384,1,1,16,0.000000,0.000000,,,,,"Tesla V100-PCIE-32GB (0)","1","7","void scal_kernel_val<double, double>(cublasScalParamsVal<double, double>)",5234
4.709437,7.367901,15,1597,1,256,1,1,55,16.000000,0.000000,,,,,"Tesla V100-PCIE-32GB (0)","1","7","volta_sgemm_32x128_tt",5264
4.716814,0.001472,,,,,,,,,,112,72.562176,"Pageable","Device","Tesla V100-PCIE-32GB (0)","1","7","[CUDA memcpy HtoD]",5284
4.717449,0.020128,2048,1,1,384,1,1,16,0.000000,0.000000,,,,,"Tesla V100-PCIE-32GB (0)","1","7","void scal_kernel_val<double, double>(cublasScalParamsVal<double, double>)",5398
4.717902,7.363325,15,1597,1,256,1,1,55,16.000000,0.000000,,,,,"Tesla V100-PCIE-32GB (0)","1","7","volta_sgemm_32x128_tt",5428
4.725275,0.001504,,,,,,,,,,112,71.018300,"Pageable","Device","Tesla V100-PCIE-32GB (0)","1","7","[CUDA memcpy HtoD]",5448
4.725915,0.019680,2048,1,1,384,1,1,16,0.000000,0.000000,,,,,"Tesla V100-PCIE-32GB (0)","1","7","void scal_kernel_val<double, double>(cublasScalParamsVal<double, double>)",5562
4.726393,7.361437,15,1597,1,256,1,1,55,16.000000,0.000000,,,,,"Tesla V100-PCIE-32GB (0)","1","7","volta_sgemm_32x128_tt",5592
4.733763,0.001504,,,,,,,,,,112,71.018300,"Pageable","Device","Tesla V100-PCIE-32GB (0)","1","7","[CUDA memcpy HtoD]",5612
4.734399,0.019168,2048,1,1,384,1,1,16,0.000000,0.000000,,,,,"Tesla V100-PCIE-32GB (0)","1","7","void scal_kernel_val<double, double>(cublasScalParamsVal<double, double>)",5726
4.736036,7.367549,15,1597,1,256,1,1,55,16.000000,0.000000,,,,,"Tesla V100-PCIE-32GB (0)","1","7","volta_sgemm_32x128_tt",5756
4.743412,0.001472,,,,,,,,,,112,72.562176,"Pageable","Device","Tesla V100-PCIE-32GB (0)","1","7","[CUDA memcpy HtoD]",5776
4.744055,0.019456,2048,1,1,384,1,1,16,0.000000,0.000000,,,,,"Tesla V100-PCIE-32GB (0)","1","7","void scal_kernel_val<double, double>(cublasScalParamsVal<double, double>)",5890
4.744507,7.366685,15,1597,1,256,1,1,55,16.000000,0.000000,,,,,"Tesla V100-PCIE-32GB (0)","1","7","volta_sgemm_32x128_tt",5920
4.751883,0.001504,,,,,,,,,,112,71.018300,"Pageable","Device","Tesla V100-PCIE-32GB (0)","1","7","[CUDA memcpy HtoD]",5940
4.752521,0.019904,2048,1,1,384,1,1,16,0.000000,0.000000,,,,,"Tesla V100-PCIE-32GB (0)","1","7","void scal_kernel_val<double, double>(cublasScalParamsVal<double, double>)",6054
4.752976,7.364221,15,1597,1,256,1,1,55,16.000000,0.000000,,,,,"Tesla V100-PCIE-32GB (0)","1","7","volta_sgemm_32x128_tt",6084
4.760351,0.001504,,,,,,,,,,112,71.018300,"Pageable","Device","Tesla V100-PCIE-32GB (0)","1","7","[CUDA memcpy HtoD]",6104
4.761000,0.019648,2048,1,1,384,1,1,16,0.000000,0.000000,,,,,"Tesla V100-PCIE-32GB (0)","1","7","void scal_kernel_val<double, double>(cublasScalParamsVal<double, double>)",6218
4.761461,7.363581,15,1597,1,256,1,1,55,16.000000,0.000000,,,,,"Tesla V100-PCIE-32GB (0)","1","7","volta_sgemm_32x128_tt",6248
4.768833,0.001504,,,,,,,,,,112,71.018300,"Pageable","Device","Tesla V100-PCIE-32GB (0)","1","7","[CUDA memcpy HtoD]",6268
4.769469,0.019551,2048,1,1,384,1,1,16,0.000000,0.000000,,,,,"Tesla V100-PCIE-32GB (0)","1","7","void scal_kernel_val<double, double>(cublasScalParamsVal<double, double>)",6382
4.769925,7.363932,15,1597,1,256,1,1,55,16.000000,0.000000,,,,,"Tesla V100-PCIE-32GB (0)","1","7","volta_sgemm_32x128_tt",6412
4.777297,0.001504,,,,,,,,,,112,71.018300,"Pageable","Device","Tesla V100-PCIE-32GB (0)","1","7","[CUDA memcpy HtoD]",6432
4.778463,0.020128,2048,1,1,384,1,1,16,0.000000,0.000000,,,,,"Tesla V100-PCIE-32GB (0)","1","7","void scal_kernel_val<double, double>(cublasScalParamsVal<double, double>)",6546
4.778927,7.362652,15,1597,1,256,1,1,55,16.000000,0.000000,,,,,"Tesla V100-PCIE-32GB (0)","1","7","volta_sgemm_32x128_tt",6576
4.786299,0.001504,,,,,,,,,,112,71.018300,"Pageable","Device","Tesla V100-PCIE-32GB (0)","1","7","[CUDA memcpy HtoD]",6596
4.786945,0.019359,2048,1,1,384,1,1,16,0.000000,0.000000,,,,,"Tesla V100-PCIE-32GB (0)","1","7","void scal_kernel_val<double, double>(cublasScalParamsVal<double, double>)",6710
4.787393,7.381085,15,1597,1,256,1,1,55,16.000000,0.000000,,,,,"Tesla V100-PCIE-32GB (0)","1","7","volta_sgemm_32x128_tt",6740
4.794783,0.001472,,,,,,,,,,112,72.562176,"Pageable","Device","Tesla V100-PCIE-32GB (0)","1","7","[CUDA memcpy HtoD]",6760
4.795419,0.019456,2048,1,1,384,1,1,16,0.000000,0.000000,,,,,"Tesla V100-PCIE-32GB (0)","1","7","void scal_kernel_val<double, double>(cublasScalParamsVal<double, double>)",6874
4.795876,7.365501,15,1597,1,256,1,1,55,16.000000,0.000000,,,,,"Tesla V100-PCIE-32GB (0)","1","7","volta_sgemm_32x128_tt",6904
4.803251,0.001504,,,,,,,,,,112,71.018300,"Pageable","Device","Tesla V100-PCIE-32GB (0)","1","7","[CUDA memcpy HtoD]",6924
4.804467,0.019552,2048,1,1,384,1,1,16,0.000000,0.000000,,,,,"Tesla V100-PCIE-32GB (0)","1","7","void scal_kernel_val<double, double>(cublasScalParamsVal<double, double>)",7038
4.804930,7.363645,15,1597,1,256,1,1,55,16.000000,0.000000,,,,,"Tesla V100-PCIE-32GB (0)","1","7","volta_sgemm_32x128_tt",7068
4.812302,0.001504,,,,,,,,,,112,71.018300,"Pageable","Device","Tesla V100-PCIE-32GB (0)","1","7","[CUDA memcpy HtoD]",7088
4.812954,0.019360,2048,1,1,384,1,1,16,0.000000,0.000000,,,,,"Tesla V100-PCIE-32GB (0)","1","7","void scal_kernel_val<double, double>(cublasScalParamsVal<double, double>)",7202
4.813400,7.363773,15,1597,1,256,1,1,55,16.000000,0.000000,,,,,"Tesla V100-PCIE-32GB (0)","1","7","volta_sgemm_32x128_tt",7232
4.820774,0.001504,,,,,,,,,,112,71.018300,"Pageable","Device","Tesla V100-PCIE-32GB (0)","1","7","[CUDA memcpy HtoD]",7252
4.821417,0.019999,2048,1,1,384,1,1,16,0.000000,0.000000,,,,,"Tesla V100-PCIE-32GB (0)","1","7","void scal_kernel_val<double, double>(cublasScalParamsVal<double, double>)",7366
4.821887,7.365917,15,1597,1,256,1,1,55,16.000000,0.000000,,,,,"Tesla V100-PCIE-32GB (0)","1","7","volta_sgemm_32x128_tt",7396
4.829277,0.001472,,,,,,,,,,112,72.562176,"Pageable","Device","Tesla V100-PCIE-32GB (0)","1","7","[CUDA memcpy HtoD]",7416
4.829947,0.019328,2048,1,1,384,1,1,16,0.000000,0.000000,,,,,"Tesla V100-PCIE-32GB (0)","1","7","void scal_kernel_val<double, double>(cublasScalParamsVal<double, double>)",7530
4.830410,7.363005,15,1597,1,256,1,1,55,16.000000,0.000000,,,,,"Tesla V100-PCIE-32GB (0)","1","7","volta_sgemm_32x128_tt",7560
4.837782,0.001504,,,,,,,,,,112,71.018300,"Pageable","Device","Tesla V100-PCIE-32GB (0)","1","7","[CUDA memcpy HtoD]",7580
4.840875,0.019456,2048,1,1,384,1,1,16,0.000000,0.000000,,,,,"Tesla V100-PCIE-32GB (0)","1","7","void scal_kernel_val<double, double>(cublasScalParamsVal<double, double>)",7694
4.841341,7.377213,15,1597,1,256,1,1,55,16.000000,0.000000,,,,,"Tesla V100-PCIE-32GB (0)","1","7","volta_sgemm_32x128_tt",7724
4.848727,0.001472,,,,,,,,,,112,72.562176,"Pageable","Device","Tesla V100-PCIE-32GB (0)","1","7","[CUDA memcpy HtoD]",7744
4.849370,0.019552,2048,1,1,384,1,1,16,0.000000,0.000000,,,,,"Tesla V100-PCIE-32GB (0)","1","7","void scal_kernel_val<double, double>(cublasScalParamsVal<double, double>)",7858
4.849826,7.363165,15,1597,1,256,1,1,55,16.000000,0.000000,,,,,"Tesla V100-PCIE-32GB (0)","1","7","volta_sgemm_32x128_tt",7888
4.857199,0.001504,,,,,,,,,,112,71.018300,"Pageable","Device","Tesla V100-PCIE-32GB (0)","1","7","[CUDA memcpy HtoD]",7908
4.857846,0.019328,2048,1,1,384,1,1,16,0.000000,0.000000,,,,,"Tesla V100-PCIE-32GB (0)","1","7","void scal_kernel_val<double, double>(cublasScalParamsVal<double, double>)",8022
4.858297,7.364445,15,1597,1,256,1,1,55,16.000000,0.000000,,,,,"Tesla V100-PCIE-32GB (0)","1","7","volta_sgemm_32x128_tt",8052
4.865671,0.001504,,,,,,,,,,112,71.018300,"Pageable","Device","Tesla V100-PCIE-32GB (0)","1","7","[CUDA memcpy HtoD]",8072
4.866314,0.019488,2048,1,1,384,1,1,16,0.000000,0.000000,,,,,"Tesla V100-PCIE-32GB (0)","1","7","void scal_kernel_val<double, double>(cublasScalParamsVal<double, double>)",8186
4.866770,7.366077,15,1597,1,256,1,1,55,16.000000,0.000000,,,,,"Tesla V100-PCIE-32GB (0)","1","7","volta_sgemm_32x128_tt",8216
4.874145,0.001504,,,,,,,,,,112,71.018300,"Pageable","Device","Tesla V100-PCIE-32GB (0)","1","7","[CUDA memcpy HtoD]",8236
4.874794,0.019199,2048,1,1,384,1,1,16,0.000000,0.000000,,,,,"Tesla V100-PCIE-32GB (0)","1","7","void scal_kernel_val<double, double>(cublasScalParamsVal<double, double>)",8350
4.875246,7.365309,15,1597,1,256,1,1,55,16.000000,0.000000,,,,,"Tesla V100-PCIE-32GB (0)","1","7","volta_sgemm_32x128_tt",8380
4.882619,0.001504,,,,,,,,,,112,71.018300,"Pageable","Device","Tesla V100-PCIE-32GB (0)","1","7","[CUDA memcpy HtoD]",8400
4.884434,0.019552,2048,1,1,384,1,1,16,0.000000,0.000000,,,,,"Tesla V100-PCIE-32GB (0)","1","7","void scal_kernel_val<double, double>(cublasScalParamsVal<double, double>)",8514
4.884898,7.379420,15,1597,1,256,1,1,55,16.000000,0.000000,,,,,"Tesla V100-PCIE-32GB (0)","1","7","volta_sgemm_32x128_tt",8544
4.892286,0.001472,,,,,,,,,,112,72.562176,"Pageable","Device","Tesla V100-PCIE-32GB (0)","1","7","[CUDA memcpy HtoD]",8564
4.892954,0.019296,2048,1,1,384,1,1,16,0.000000,0.000000,,,,,"Tesla V100-PCIE-32GB (0)","1","7","void scal_kernel_val<double, double>(cublasScalParamsVal<double, double>)",8678
4.893434,7.366749,15,1597,1,256,1,1,55,16.000000,0.000000,,,,,"Tesla V100-PCIE-32GB (0)","1","7","volta_sgemm_32x128_tt",8708
4.900809,0.001472,,,,,,,,,,112,72.562176,"Pageable","Device","Tesla V100-PCIE-32GB (0)","1","7","[CUDA memcpy HtoD]",8728
4.902273,0.019264,2048,1,1,384,1,1,16,0.000000,0.000000,,,,,"Tesla V100-PCIE-32GB (0)","1","7","void scal_kernel_val<double, double>(cublasScalParamsVal<double, double>)",8842
4.902733,7.364445,15,1597,1,256,1,1,55,16.000000,0.000000,,,,,"Tesla V100-PCIE-32GB (0)","1","7","volta_sgemm_32x128_tt",8872
4.910106,0.001728,,,,,,,,,,112,61.812223,"Pageable","Device","Tesla V100-PCIE-32GB (0)","1","7","[CUDA memcpy HtoD]",8892
4.911862,0.019104,2048,1,1,384,1,1,16,0.000000,0.000000,,,,,"Tesla V100-PCIE-32GB (0)","1","7","void scal_kernel_val<double, double>(cublasScalParamsVal<double, double>)",9006
4.912313,7.365725,15,1597,1,256,1,1,55,16.000000,0.000000,,,,,"Tesla V100-PCIE-32GB (0)","1","7","volta_sgemm_32x128_tt",9036
4.919688,0.001472,,,,,,,,,,112,72.562176,"Pageable","Device","Tesla V100-PCIE-32GB (0)","1","7","[CUDA memcpy HtoD]",9056
4.921225,0.019680,2048,1,1,384,1,1,16,0.000000,0.000000,,,,,"Tesla V100-PCIE-32GB (0)","1","7","void scal_kernel_val<double, double>(cublasScalParamsVal<double, double>)",9170
4.921683,7.364189,15,1597,1,256,1,1,55,16.000000,0.000000,,,,,"Tesla V100-PCIE-32GB (0)","1","7","volta_sgemm_32x128_tt",9200
4.929057,0.001472,,,,,,,,,,112,72.562176,"Pageable","Device","Tesla V100-PCIE-32GB (0)","1","7","[CUDA memcpy HtoD]",9220
4.929728,0.019648,2048,1,1,384,1,1,16,0.000000,0.000000,,,,,"Tesla V100-PCIE-32GB (0)","1","7","void scal_kernel_val<double, double>(cublasScalParamsVal<double, double>)",9334
4.930194,7.363229,15,1597,1,256,1,1,55,16.000000,0.000000,,,,,"Tesla V100-PCIE-32GB (0)","1","7","volta_sgemm_32x128_tt",9364
4.937565,0.001504,,,,,,,,,,112,71.018300,"Pageable","Device","Tesla V100-PCIE-32GB (0)","1","7","[CUDA memcpy HtoD]",9384
4.938209,0.020288,2048,1,1,384,1,1,16,0.000000,0.000000,,,,,"Tesla V100-PCIE-32GB (0)","1","7","void scal_kernel_val<double, double>(cublasScalParamsVal<double, double>)",9498
4.938658,7.361117,15,1597,1,256,1,1,55,16.000000,0.000000,,,,,"Tesla V100-PCIE-32GB (0)","1","7","volta_sgemm_32x128_tt",9528
4.946028,0.001504,,,,,,,,,,112,71.018300,"Pageable","Device","Tesla V100-PCIE-32GB (0)","1","7","[CUDA memcpy HtoD]",9548
4.946666,0.019808,2048,1,1,384,1,1,16,0.000000,0.000000,,,,,"Tesla V100-PCIE-32GB (0)","1","7","void scal_kernel_val<double, double>(cublasScalParamsVal<double, double>)",9662
4.947122,7.364893,15,1597,1,256,1,1,55,16.000000,0.000000,,,,,"Tesla V100-PCIE-32GB (0)","1","7","volta_sgemm_32x128_tt",9692
4.954496,0.001504,,,,,,,,,,112,71.018300,"Pageable","Device","Tesla V100-PCIE-32GB (0)","1","7","[CUDA memcpy HtoD]",9712
4.955139,0.019520,2048,1,1,384,1,1,16,0.000000,0.000000,,,,,"Tesla V100-PCIE-32GB (0)","1","7","void scal_kernel_val<double, double>(cublasScalParamsVal<double, double>)",9826
4.955586,7.367933,15,1597,1,256,1,1,55,16.000000,0.000000,,,,,"Tesla V100-PCIE-32GB (0)","1","7","volta_sgemm_32x128_tt",9856
4.962963,0.001472,,,,,,,,,,112,72.562176,"Pageable","Device","Tesla V100-PCIE-32GB (0)","1","7","[CUDA memcpy HtoD]",9876
4.965893,0.019520,2048,1,1,384,1,1,16,0.000000,0.000000,,,,,"Tesla V100-PCIE-32GB (0)","1","7","void scal_kernel_val<double, double>(cublasScalParamsVal<double, double>)",9990
4.966346,7.363229,15,1597,1,256,1,1,55,16.000000,0.000000,,,,,"Tesla V100-PCIE-32GB (0)","1","7","volta_sgemm_32x128_tt",10020
4.973718,0.001504,,,,,,,,,,112,71.018300,"Pageable","Device","Tesla V100-PCIE-32GB (0)","1","7","[CUDA memcpy HtoD]",10040
4.974356,0.019200,2048,1,1,384,1,1,16,0.000000,0.000000,,,,,"Tesla V100-PCIE-32GB (0)","1","7","void scal_kernel_val<double, double>(cublasScalParamsVal<double, double>)",10154
4.974811,7.379293,15,1597,1,256,1,1,55,16.000000,0.000000,,,,,"Tesla V100-PCIE-32GB (0)","1","7","volta_sgemm_32x128_tt",10184
4.982199,0.001504,,,,,,,,,,112,71.018300,"Pageable","Device","Tesla V100-PCIE-32GB (0)","1","7","[CUDA memcpy HtoD]",10204
4.982843,0.019328,2048,1,1,384,1,1,16,0.000000,0.000000,,,,,"Tesla V100-PCIE-32GB (0)","1","7","void scal_kernel_val<double, double>(cublasScalParamsVal<double, double>)",10318
4.984595,7.361597,15,1597,1,256,1,1,55,16.000000,0.000000,,,,,"Tesla V100-PCIE-32GB (0)","1","7","volta_sgemm_32x128_tt",10348
4.991965,0.001504,,,,,,,,,,112,71.018300,"Pageable","Device","Tesla V100-PCIE-32GB (0)","1","7","[CUDA memcpy HtoD]",10368
4.992602,0.019584,2048,1,1,384,1,1,16,0.000000,0.000000,,,,,"Tesla V100-PCIE-32GB (0)","1","7","void scal_kernel_val<double, double>(cublasScalParamsVal<double, double>)",10482
4.993058,7.382428,15,1597,1,256,1,1,55,16.000000,0.000000,,,,,"Tesla V100-PCIE-32GB (0)","1","7","volta_sgemm_32x128_tt",10512
5.000448,0.001536,,,,,,,,,,112,69.538752,"Pageable","Device","Tesla V100-PCIE-32GB (0)","1","7","[CUDA memcpy HtoD]",10532
5.001102,0.019552,2048,1,1,384,1,1,16,0.000000,0.000000,,,,,"Tesla V100-PCIE-32GB (0)","1","7","void scal_kernel_val<double, double>(cublasScalParamsVal<double, double>)",10646
5.001564,7.361853,15,1597,1,256,1,1,55,16.000000,0.000000,,,,,"Tesla V100-PCIE-32GB (0)","1","7","volta_sgemm_32x128_tt",10676
5.008935,0.001472,,,,,,,,,,112,72.562176,"Pageable","Device","Tesla V100-PCIE-32GB (0)","1","7","[CUDA memcpy HtoD]",10696
5.009572,0.020288,2048,1,1,384,1,1,16,0.000000,0.000000,,,,,"Tesla V100-PCIE-32GB (0)","1","7","void scal_kernel_val<double, double>(cublasScalParamsVal<double, double>)",10810
5.010035,7.365725,15,1597,1,256,1,1,55,16.000000,0.000000,,,,,"Tesla V100-PCIE-32GB (0)","1","7","volta_sgemm_32x128_tt",10840
5.017409,0.001472,,,,,,,,,,112,72.562176,"Pageable","Device","Tesla V100-PCIE-32GB (0)","1","7","[CUDA memcpy HtoD]",10860
5.018055,0.019616,2048,1,1,384,1,1,16,0.000000,0.000000,,,,,"Tesla V100-PCIE-32GB (0)","1","7","void scal_kernel_val<double, double>(cublasScalParamsVal<double, double>)",10974
5.018503,7.364349,15,1597,1,256,1,1,55,16.000000,0.000000,,,,,"Tesla V100-PCIE-32GB (0)","1","7","volta_sgemm_32x128_tt",11004
5.025876,0.001472,,,,,,,,,,112,72.562176,"Pageable","Device","Tesla V100-PCIE-32GB (0)","1","7","[CUDA memcpy HtoD]",11024
5.026519,0.019680,2048,1,1,384,1,1,16,0.000000,0.000000,,,,,"Tesla V100-PCIE-32GB (0)","1","7","void scal_kernel_val<double, double>(cublasScalParamsVal<double, double>)",11138
5.027009,7.362588,15,1597,1,256,1,1,55,16.000000,0.000000,,,,,"Tesla V100-PCIE-32GB (0)","1","7","volta_sgemm_32x128_tt",11168
5.034381,0.001504,,,,,,,,,,112,71.018300,"Pageable","Device","Tesla V100-PCIE-32GB (0)","1","7","[CUDA memcpy HtoD]",11188
5.035025,0.019807,2048,1,1,384,1,1,16,0.000000,0.000000,,,,,"Tesla V100-PCIE-32GB (0)","1","7","void scal_kernel_val<double, double>(cublasScalParamsVal<double, double>)",11302
5.035475,7.363805,15,1597,1,256,1,1,55,16.000000,0.000000,,,,,"Tesla V100-PCIE-32GB (0)","1","7","volta_sgemm_32x128_tt",11332
5.042848,0.001504,,,,,,,,,,112,71.018300,"Pageable","Device","Tesla V100-PCIE-32GB (0)","1","7","[CUDA memcpy HtoD]",11352
5.043487,0.019424,2048,1,1,384,1,1,16,0.000000,0.000000,,,,,"Tesla V100-PCIE-32GB (0)","1","7","void scal_kernel_val<double, double>(cublasScalParamsVal<double, double>)",11466
5.045084,7.365757,15,1597,1,256,1,1,55,16.000000,0.000000,,,,,"Tesla V100-PCIE-32GB (0)","1","7","volta_sgemm_32x128_tt",11496
5.052459,0.001504,,,,,,,,,,112,71.018300,"Pageable","Device","Tesla V100-PCIE-32GB (0)","1","7","[CUDA memcpy HtoD]",11516
5.053107,0.019872,2048,1,1,384,1,1,16,0.000000,0.000000,,,,,"Tesla V100-PCIE-32GB (0)","1","7","void scal_kernel_val<double, double>(cublasScalParamsVal<double, double>)",11630
5.053555,7.376669,15,1597,1,256,1,1,55,16.000000,0.000000,,,,,"Tesla V100-PCIE-32GB (0)","1","7","volta_sgemm_32x128_tt",11660
5.060942,0.001504,,,,,,,,,,112,71.018300,"Pageable","Device","Tesla V100-PCIE-32GB (0)","1","7","[CUDA memcpy HtoD]",11680
5.061589,0.019807,2048,1,1,384,1,1,16,0.000000,0.000000,,,,,"Tesla V100-PCIE-32GB (0)","1","7","void scal_kernel_val<double, double>(cublasScalParamsVal<double, double>)",11794
5.062061,7.363645,15,1597,1,256,1,1,55,16.000000,0.000000,,,,,"Tesla V100-PCIE-32GB (0)","1","7","volta_sgemm_32x128_tt",11824
5.069433,0.001504,,,,,,,,,,112,71.018300,"Pageable","Device","Tesla V100-PCIE-32GB (0)","1","7","[CUDA memcpy HtoD]",11844
5.070080,0.019264,2048,1,1,384,1,1,16,0.000000,0.000000,,,,,"Tesla V100-PCIE-32GB (0)","1","7","void scal_kernel_val<double, double>(cublasScalParamsVal<double, double>)",11958
5.070526,7.363709,15,1597,1,256,1,1,55,16.000000,0.000000,,,,,"Tesla V100-PCIE-32GB (0)","1","7","volta_sgemm_32x128_tt",11988
5.077899,0.001504,,,,,,,,,,112,71.018300,"Pageable","Device","Tesla V100-PCIE-32GB (0)","1","7","[CUDA memcpy HtoD]",12008
5.078542,0.020000,2048,1,1,384,1,1,16,0.000000,0.000000,,,,,"Tesla V100-PCIE-32GB (0)","1","7","void scal_kernel_val<double, double>(cublasScalParamsVal<double, double>)",12122
5.079010,7.362365,15,1597,1,256,1,1,55,16.000000,0.000000,,,,,"Tesla V100-PCIE-32GB (0)","1","7","volta_sgemm_32x128_tt",12152
5.086381,0.001472,,,,,,,,,,112,72.562176,"Pageable","Device","Tesla V100-PCIE-32GB (0)","1","7","[CUDA memcpy HtoD]",12172
5.087031,0.019648,2048,1,1,384,1,1,16,0.000000,0.000000,,,,,"Tesla V100-PCIE-32GB (0)","1","7","void scal_kernel_val<double, double>(cublasScalParamsVal<double, double>)",12286
5.087478,7.379133,15,1597,1,256,1,1,55,16.000000,0.000000,,,,,"Tesla V100-PCIE-32GB (0)","1","7","volta_sgemm_32x128_tt",12316
5.094866,0.001696,,,,,,,,,,112,62.978492,"Pageable","Device","Tesla V100-PCIE-32GB (0)","1","7","[CUDA memcpy HtoD]",12336
5.095502,0.019264,2048,1,1,384,1,1,16,0.000000,0.000000,,,,,"Tesla V100-PCIE-32GB (0)","1","7","void scal_kernel_val<double, double>(cublasScalParamsVal<double, double>)",12450
5.095960,7.364413,15,1597,1,256,1,1,55,16.000000,0.000000,,,,,"Tesla V100-PCIE-32GB (0)","1","7","volta_sgemm_32x128_tt",12480
5.103332,0.001503,,,,,,,,,,112,71.065551,"Pageable","Device","Tesla V100-PCIE-32GB (0)","1","7","[CUDA memcpy HtoD]",12500
5.105194,0.020223,2048,1,1,384,1,1,16,0.000000,0.000000,,,,,"Tesla V100-PCIE-32GB (0)","1","7","void scal_kernel_val<double, double>(cublasScalParamsVal<double, double>)",12614
5.105654,7.367101,15,1597,1,256,1,1,55,16.000000,0.000000,,,,,"Tesla V100-PCIE-32GB (0)","1","7","volta_sgemm_32x128_tt",12644
5.113030,0.001504,,,,,,,,,,112,71.018300,"Pageable","Device","Tesla V100-PCIE-32GB (0)","1","7","[CUDA memcpy HtoD]",12664
5.113670,0.019200,2048,1,1,384,1,1,16,0.000000,0.000000,,,,,"Tesla V100-PCIE-32GB (0)","1","7","void scal_kernel_val<double, double>(cublasScalParamsVal<double, double>)",12778
5.114126,7.362973,15,1597,1,256,1,1,55,16.000000,0.000000,,,,,"Tesla V100-PCIE-32GB (0)","1","7","volta_sgemm_32x128_tt",12808
5.121499,0.001504,,,,,,,,,,112,71.018300,"Pageable","Device","Tesla V100-PCIE-32GB (0)","1","7","[CUDA memcpy HtoD]",12828
5.122152,0.019040,2048,1,1,384,1,1,16,0.000000,0.000000,,,,,"Tesla V100-PCIE-32GB (0)","1","7","void scal_kernel_val<double, double>(cublasScalParamsVal<double, double>)",12942
5.122607,7.366141,15,1597,1,256,1,1,55,16.000000,0.000000,,,,,"Tesla V100-PCIE-32GB (0)","1","7","volta_sgemm_32x128_tt",12972
5.129982,0.001728,,,,,,,,,,112,61.812223,"Pageable","Device","Tesla V100-PCIE-32GB (0)","1","7","[CUDA memcpy HtoD]",12992
5.130648,0.019872,2048,1,1,384,1,1,16,0.000000,0.000000,,,,,"Tesla V100-PCIE-32GB (0)","1","7","void scal_kernel_val<double, double>(cublasScalParamsVal<double, double>)",13106
5.131125,7.364349,15,1597,1,256,1,1,55,16.000000,0.000000,,,,,"Tesla V100-PCIE-32GB (0)","1","7","volta_sgemm_32x128_tt",13136
5.138498,0.001504,,,,,,,,,,112,71.018300,"Pageable","Device","Tesla V100-PCIE-32GB (0)","1","7","[CUDA memcpy HtoD]",13156
5.139146,0.019424,2048,1,1,384,1,1,16,0.000000,0.000000,,,,,"Tesla V100-PCIE-32GB (0)","1","7","void scal_kernel_val<double, double>(cublasScalParamsVal<double, double>)",13270
5.139614,7.364253,15,1597,1,256,1,1,55,16.000000,0.000000,,,,,"Tesla V100-PCIE-32GB (0)","1","7","volta_sgemm_32x128_tt",13300
5.146987,0.001504,,,,,,,,,,112,71.018300,"Pageable","Device","Tesla V100-PCIE-32GB (0)","1","7","[CUDA memcpy HtoD]",13320
5.147627,0.019264,2048,1,1,384,1,1,16,0.000000,0.000000,,,,,"Tesla V100-PCIE-32GB (0)","1","7","void scal_kernel_val<double, double>(cublasScalParamsVal<double, double>)",13434
5.148085,7.363421,15,1597,1,256,1,1,55,16.000000,0.000000,,,,,"Tesla V100-PCIE-32GB (0)","1","7","volta_sgemm_32x128_tt",13464
5.155457,0.001504,,,,,,,,,,112,71.018300,"Pageable","Device","Tesla V100-PCIE-32GB (0)","1","7","[CUDA memcpy HtoD]",13484
5.156104,0.019616,2048,1,1,384,1,1,16,0.000000,0.000000,,,,,"Tesla V100-PCIE-32GB (0)","1","7","void scal_kernel_val<double, double>(cublasScalParamsVal<double, double>)",13598
5.156552,7.365437,15,1597,1,256,1,1,55,16.000000,0.000000,,,,,"Tesla V100-PCIE-32GB (0)","1","7","volta_sgemm_32x128_tt",13628
5.163926,0.001504,,,,,,,,,,112,71.018300,"Pageable","Device","Tesla V100-PCIE-32GB (0)","1","7","[CUDA memcpy HtoD]",13648
5.165381,0.020032,2048,1,1,384,1,1,16,0.000000,0.000000,,,,,"Tesla V100-PCIE-32GB (0)","1","7","void scal_kernel_val<double, double>(cublasScalParamsVal<double, double>)",13762
5.165845,7.368029,15,1597,1,256,1,1,55,16.000000,0.000000,,,,,"Tesla V100-PCIE-32GB (0)","1","7","volta_sgemm_32x128_tt",13792
5.173222,0.001504,,,,,,,,,,112,71.018300,"Pageable","Device","Tesla V100-PCIE-32GB (0)","1","7","[CUDA memcpy HtoD]",13812
5.173867,0.019296,2048,1,1,384,1,1,16,0.000000,0.000000,,,,,"Tesla V100-PCIE-32GB (0)","1","7","void scal_kernel_val<double, double>(cublasScalParamsVal<double, double>)",13926
5.174312,7.366909,15,1597,1,256,1,1,55,16.000000,0.000000,,,,,"Tesla V100-PCIE-32GB (0)","1","7","volta_sgemm_32x128_tt",13956
5.181688,0.001504,,,,,,,,,,112,71.018300,"Pageable","Device","Tesla V100-PCIE-32GB (0)","1","7","[CUDA memcpy HtoD]",13976
5.182334,0.019584,2048,1,1,384,1,1,16,0.000000,0.000000,,,,,"Tesla V100-PCIE-32GB (0)","1","7","void scal_kernel_val<double, double>(cublasScalParamsVal<double, double>)",14090
5.182793,7.365757,15,1597,1,256,1,1,55,16.000000,0.000000,,,,,"Tesla V100-PCIE-32GB (0)","1","7","volta_sgemm_32x128_tt",14120
5.190167,0.001504,,,,,,,,,,112,71.018300,"Pageable","Device","Tesla V100-PCIE-32GB (0)","1","7","[CUDA memcpy HtoD]",14140
5.190814,0.019488,2048,1,1,384,1,1,16,0.000000,0.000000,,,,,"Tesla V100-PCIE-32GB (0)","1","7","void scal_kernel_val<double, double>(cublasScalParamsVal<double, double>)",14254
5.191264,7.365885,15,1597,1,256,1,1,55,16.000000,0.000000,,,,,"Tesla V100-PCIE-32GB (0)","1","7","volta_sgemm_32x128_tt",14284
5.198638,0.001504,,,,,,,,,,112,71.018300,"Pageable","Device","Tesla V100-PCIE-32GB (0)","1","7","[CUDA memcpy HtoD]",14304
5.199282,0.020000,2048,1,1,384,1,1,16,0.000000,0.000000,,,,,"Tesla V100-PCIE-32GB (0)","1","7","void scal_kernel_val<double, double>(cublasScalParamsVal<double, double>)",14418
5.199739,7.366173,15,1597,1,256,1,1,55,16.000000,0.000000,,,,,"Tesla V100-PCIE-32GB (0)","1","7","volta_sgemm_32x128_tt",14448
5.207114,0.001504,,,,,,,,,,112,71.018300,"Pageable","Device","Tesla V100-PCIE-32GB (0)","1","7","[CUDA memcpy HtoD]",14468
5.210167,0.019583,2048,1,1,384,1,1,16,0.000000,0.000000,,,,,"Tesla V100-PCIE-32GB (0)","1","7","void scal_kernel_val<double, double>(cublasScalParamsVal<double, double>)",14582
5.210615,7.361917,15,1597,1,256,1,1,55,16.000000,0.000000,,,,,"Tesla V100-PCIE-32GB (0)","1","7","volta_sgemm_32x128_tt",14612
5.217986,0.001504,,,,,,,,,,112,71.018300,"Pageable","Device","Tesla V100-PCIE-32GB (0)","1","7","[CUDA memcpy HtoD]",14632
5.218627,0.019295,2048,1,1,384,1,1,16,0.000000,0.000000,,,,,"Tesla V100-PCIE-32GB (0)","1","7","void scal_kernel_val<double, double>(cublasScalParamsVal<double, double>)",14746
5.219073,7.366716,15,1597,1,256,1,1,55,16.000000,0.000000,,,,,"Tesla V100-PCIE-32GB (0)","1","7","volta_sgemm_32x128_tt",14776
5.226448,0.001472,,,,,,,,,,112,72.562176,"Pageable","Device","Tesla V100-PCIE-32GB (0)","1","7","[CUDA memcpy HtoD]",14796
5.229410,0.019168,2048,1,1,384,1,1,16,0.000000,0.000000,,,,,"Tesla V100-PCIE-32GB (0)","1","7","void scal_kernel_val<double, double>(cublasScalParamsVal<double, double>)",14910
5.229865,7.362813,15,1597,1,256,1,1,55,16.000000,0.000000,,,,,"Tesla V100-PCIE-32GB (0)","1","7","volta_sgemm_32x128_tt",14940
5.237237,0.001472,,,,,,,,,,112,72.562176,"Pageable","Device","Tesla V100-PCIE-32GB (0)","1","7","[CUDA memcpy HtoD]",14960
5.237882,0.020000,2048,1,1,384,1,1,16,0.000000,0.000000,,,,,"Tesla V100-PCIE-32GB (0)","1","7","void scal_kernel_val<double, double>(cublasScalParamsVal<double, double>)",15074
5.238331,7.364509,15,1597,1,256,1,1,55,16.000000,0.000000,,,,,"Tesla V100-PCIE-32GB (0)","1","7","volta_sgemm_32x128_tt",15104
5.245704,0.001472,,,,,,,,,,112,72.562176,"Pageable","Device","Tesla V100-PCIE-32GB (0)","1","7","[CUDA memcpy HtoD]",15124
5.247593,0.019808,2048,1,1,384,1,1,16,0.000000,0.000000,,,,,"Tesla V100-PCIE-32GB (0)","1","7","void scal_kernel_val<double, double>(cublasScalParamsVal<double, double>)",15238
5.248051,7.365629,15,1597,1,256,1,1,55,16.000000,0.000000,,,,,"Tesla V100-PCIE-32GB (0)","1","7","volta_sgemm_32x128_tt",15268
5.255425,0.001504,,,,,,,,,,112,71.018300,"Pageable","Device","Tesla V100-PCIE-32GB (0)","1","7","[CUDA memcpy HtoD]",15288
5.256073,0.019455,2048,1,1,384,1,1,16,0.000000,0.000000,,,,,"Tesla V100-PCIE-32GB (0)","1","7","void scal_kernel_val<double, double>(cublasScalParamsVal<double, double>)",15402
5.256520,7.362237,15,1597,1,256,1,1,55,16.000000,0.000000,,,,,"Tesla V100-PCIE-32GB (0)","1","7","volta_sgemm_32x128_tt",15432
5.263891,0.001504,,,,,,,,,,112,71.018300,"Pageable","Device","Tesla V100-PCIE-32GB (0)","1","7","[CUDA memcpy HtoD]",15452
5.265134,0.019584,2048,1,1,384,1,1,16,0.000000,0.000000,,,,,"Tesla V100-PCIE-32GB (0)","1","7","void scal_kernel_val<double, double>(cublasScalParamsVal<double, double>)",15566
5.265593,7.375581,15,1597,1,256,1,1,55,16.000000,0.000000,,,,,"Tesla V100-PCIE-32GB (0)","1","7","volta_sgemm_32x128_tt",15596
5.272977,0.001472,,,,,,,,,,112,72.562176,"Pageable","Device","Tesla V100-PCIE-32GB (0)","1","7","[CUDA memcpy HtoD]",15616
5.273778,0.020128,2048,1,1,384,1,1,16,0.000000,0.000000,,,,,"Tesla V100-PCIE-32GB (0)","1","7","void scal_kernel_val<double, double>(cublasScalParamsVal<double, double>)",15730
5.274229,7.378013,15,1597,1,256,1,1,55,16.000000,0.000000,,,,,"Tesla V100-PCIE-32GB (0)","1","7","volta_sgemm_32x128_tt",15760
5.281617,0.001472,,,,,,,,,,112,72.562176,"Pageable","Device","Tesla V100-PCIE-32GB (0)","1","7","[CUDA memcpy HtoD]",15780
5.282281,0.019808,2048,1,1,384,1,1,16,0.000000,0.000000,,,,,"Tesla V100-PCIE-32GB (0)","1","7","void scal_kernel_val<double, double>(cublasScalParamsVal<double, double>)",15894
5.282758,7.363933,15,1597,1,256,1,1,55,16.000000,0.000000,,,,,"Tesla V100-PCIE-32GB (0)","1","7","volta_sgemm_32x128_tt",15924
5.290131,0.001504,,,,,,,,,,112,71.018300,"Pageable","Device","Tesla V100-PCIE-32GB (0)","1","7","[CUDA memcpy HtoD]",15944
5.290780,0.019263,2048,1,1,384,1,1,16,0.000000,0.000000,,,,,"Tesla V100-PCIE-32GB (0)","1","7","void scal_kernel_val<double, double>(cublasScalParamsVal<double, double>)",16058
5.291225,7.367132,15,1597,1,256,1,1,55,16.000000,0.000000,,,,,"Tesla V100-PCIE-32GB (0)","1","7","volta_sgemm_32x128_tt",16088
5.298602,0.001504,,,,,,,,,,112,71.018300,"Pageable","Device","Tesla V100-PCIE-32GB (0)","1","7","[CUDA memcpy HtoD]",16108
5.299248,0.019968,2048,1,1,384,1,1,16,0.000000,0.000000,,,,,"Tesla V100-PCIE-32GB (0)","1","7","void scal_kernel_val<double, double>(cublasScalParamsVal<double, double>)",16222
5.299705,7.365789,15,1597,1,256,1,1,55,16.000000,0.000000,,,,,"Tesla V100-PCIE-32GB (0)","1","7","volta_sgemm_32x128_tt",16252
5.307080,0.001504,,,,,,,,,,112,71.018300,"Pageable","Device","Tesla V100-PCIE-32GB (0)","1","7","[CUDA memcpy HtoD]",16272
5.307727,0.019712,2048,1,1,384,1,1,16,0.000000,0.000000,,,,,"Tesla V100-PCIE-32GB (0)","1","7","void scal_kernel_val<double, double>(cublasScalParamsVal<double, double>)",16386
7.402028,8.076726,4,1597,1,256,1,1,124,0.000000,16.250000,,,,,"Tesla V100-PCIE-32GB (0)","1","7","void cutlass::Kernel<cutlass::gemm::kernel::Gemm<cutlass::gemm::threadblock::MmaPipelined<cutlass::gemm::GemmShape<int=128, int=128, int=8>, cutlass::transform::threadblock::PredicatedTileIterator<cutlass::MatrixShape<int=128, int=8>, float, cutlass::layout::RowMajor, int=1, cutlass::transform::PitchLinearStripminedThreadMap<cutlass::layout::PitchLinearShape<int=8, int=128>, int=256, int=1>, int=1>, cutlass::transform::threadblock::RegularTileIterator<cutlass::MatrixShape<int=128, int=8>, float, cutlass::layout::ColumnMajor, int=1, cutlass::transform::TransposePitchLinearThreadMapSimt<cutlass::transform::PitchLinearStripminedThreadMap<cutlass::layout::PitchLinearShape<int=8, int=128>, int=256, int=1>>, int=4>, cutlass::transform::threadblock::PredicatedTileIterator<cutlass::MatrixShape<int=8, int=128>, float, cutlass::layout::RowMajor, int=0, cutlass::transform::PitchLinearStripminedThreadMap<cutlass::layout::PitchLinearShape<int=128, int=8>, int=256, int=1>, int=1>, cutlass::transform::threadblock::RegularTileIterator<cutlass::MatrixShape<int=8, int=128>, float, cutlass::layout::RowMajor, int=0, cutlass::transform::PitchLinearStripminedThreadMap<cutlass::layout::PitchLinearShape<int=128, int=8>, int=256, int=1>, int=4>, float, cutlass::layout::RowMajor, cutlass::gemm::threadblock::MmaPolicy<cutlass::gemm::warp::MmaSimt<cutlass::gemm::GemmShape<int=32, int=64, int=8>, float, cutlass::layout::ColumnMajor, float, cutlass::layout::RowMajor, float, cutlass::layout::RowMajor, cutlass::gemm::warp::MmaSimtPolicy<cutlass::MatrixShape<int=4, int=8>, cutlass::layout::RowMajorInterleaved<int=2>, cutlass::gemm::GemmShape<int=4, int=4, int=1>>, int=1, bool>, cutlass::MatrixShape<int=4, int=0>, cutlass::MatrixShape<int=0, int=0>, int=1>, cutlass::NumericArrayConverter<float, float, int=4, cutlass::FloatRoundStyle>, cutlass::NumericArrayConverter<float, float, int=4, cutlass::FloatRoundStyle>, bool>, cutlass::epilogue::threadblock::Epilogue<cutlass::gemm::GemmShape<int=128, int=128, int=8>, cutlass::gemm::warp::MmaSimt<cutlass::gemm::GemmShape<int=32, int=64, int=8>, float, cutlass::layout::ColumnMajor, float, cutlass::layout::RowMajor, float, cutlass::layout::RowMajor, cutlass::gemm::warp::MmaSimtPolicy<cutlass::MatrixShape<int=4, int=8>, cutlass::layout::RowMajorInterleaved<int=2>, cutlass::gemm::GemmShape<int=4, int=4, int=1>>, int=1, bool>, int=1, cutlass::epilogue::threadblock::PredicatedTileIterator<cutlass::epilogue::threadblock::OutputTileOptimalThreadMap<cutlass::epilogue::threadblock::OutputTileShape<int=128, int=1, int=4, int=4, int=1>, cutlass::epilogue::threadblock::OutputTileShape<int=1, int=4, int=2, int=1, int=8>, int=256, int=1, int=32>, float>, cutlass::epilogue::warp::FragmentIteratorSimt<cutlass::gemm::GemmShape<int=32, int=64, int=8>, cutlass::gemm::thread::Mma<cutlass::gemm::GemmShape<int=8, int=8, int=1>, float, cutlass::layout::ColumnMajor, float, cutlass::layout::RowMajor, float, cutlass::layout::RowMajor, cutlass::arch::OpMultiplyAdd, bool>, cutlass::layout::RowMajor, cutlass::gemm::warp::MmaSimtPolicy<cutlass::MatrixShape<int=4, int=8>, cutlass::layout::RowMajorInterleaved<int=2>, cutlass::gemm::GemmShape<int=4, int=4, int=1>>>, cutlass::epilogue::warp::TileIteratorSimt<cutlass::gemm::GemmShape<int=32, int=64, int=8>, cutlass::gemm::thread::Mma<cutlass::gemm::GemmShape<int=8, int=8, int=1>, float, cutlass::layout::ColumnMajor, float, cutlass::layout::RowMajor, float, cutlass::layout::RowMajor, cutlass::arch::OpMultiplyAdd, bool>, float, cutlass::layout::RowMajor, cutlass::gemm::warp::MmaSimtPolicy<cutlass::MatrixShape<int=4, int=8>, cutlass::layout::RowMajorInterleaved<int=2>, cutlass::gemm::GemmShape<int=4, int=4, int=1>>>, cutlass::epilogue::threadblock::SharedLoadIterator<cutlass::epilogue::threadblock::OutputTileOptimalThreadMap<cutlass::epilogue::threadblock::OutputTileShape<int=128, int=1, int=4, int=4, int=1>::CompactedThreadMap, cutlass::epilogue::threadblock::OutputTileShape<int=1, int=4, int=2, int=1, int=8>, int=256, int=1, int=32>, float, int=4>, cutlass::epilogue::thread::LinearCombination<float",16457
7.410114,0.001504,,,,,,,,,,112,71.018300,"Pageable","Device","Tesla V100-PCIE-32GB (0)","1","7","[CUDA memcpy HtoD]",16477
7.410808,0.019487,2048,1,1,384,1,1,16,0.000000,0.000000,,,,,"Tesla V100-PCIE-32GB (0)","1","7","void scal_kernel_val<double, double>(cublasScalParamsVal<double, double>)",16591
7.411273,8.083735,4,1597,1,256,1,1,124,0.000000,16.250000,,,,,"Tesla V100-PCIE-32GB (0)","1","7","void cutlass::Kernel<cutlass::gemm::kernel::Gemm<cutlass::gemm::threadblock::MmaPipelined<cutlass::gemm::GemmShape<int=128, int=128, int=8>, cutlass::transform::threadblock::PredicatedTileIterator<cutlass::MatrixShape<int=128, int=8>, float, cutlass::layout::RowMajor, int=1, cutlass::transform::PitchLinearStripminedThreadMap<cutlass::layout::PitchLinearShape<int=8, int=128>, int=256, int=1>, int=1>, cutlass::transform::threadblock::RegularTileIterator<cutlass::MatrixShape<int=128, int=8>, float, cutlass::layout::ColumnMajor, int=1, cutlass::transform::TransposePitchLinearThreadMapSimt<cutlass::transform::PitchLinearStripminedThreadMap<cutlass::layout::PitchLinearShape<int=8, int=128>, int=256, int=1>>, int=4>, cutlass::transform::threadblock::PredicatedTileIterator<cutlass::MatrixShape<int=8, int=128>, float, cutlass::layout::RowMajor, int=0, cutlass::transform::PitchLinearStripminedThreadMap<cutlass::layout::PitchLinearShape<int=128, int=8>, int=256, int=1>, int=1>, cutlass::transform::threadblock::RegularTileIterator<cutlass::MatrixShape<int=8, int=128>, float, cutlass::layout::RowMajor, int=0, cutlass::transform::PitchLinearStripminedThreadMap<cutlass::layout::PitchLinearShape<int=128, int=8>, int=256, int=1>, int=4>, float, cutlass::layout::RowMajor, cutlass::gemm::threadblock::MmaPolicy<cutlass::gemm::warp::MmaSimt<cutlass::gemm::GemmShape<int=32, int=64, int=8>, float, cutlass::layout::ColumnMajor, float, cutlass::layout::RowMajor, float, cutlass::layout::RowMajor, cutlass::gemm::warp::MmaSimtPolicy<cutlass::MatrixShape<int=4, int=8>, cutlass::layout::RowMajorInterleaved<int=2>, cutlass::gemm::GemmShape<int=4, int=4, int=1>>, int=1, bool>, cutlass::MatrixShape<int=4, int=0>, cutlass::MatrixShape<int=0, int=0>, int=1>, cutlass::NumericArrayConverter<float, float, int=4, cutlass::FloatRoundStyle>, cutlass::NumericArrayConverter<float, float, int=4, cutlass::FloatRoundStyle>, bool>, cutlass::epilogue::threadblock::Epilogue<cutlass::gemm::GemmShape<int=128, int=128, int=8>, cutlass::gemm::warp::MmaSimt<cutlass::gemm::GemmShape<int=32, int=64, int=8>, float, cutlass::layout::ColumnMajor, float, cutlass::layout::RowMajor, float, cutlass::layout::RowMajor, cutlass::gemm::warp::MmaSimtPolicy<cutlass::MatrixShape<int=4, int=8>, cutlass::layout::RowMajorInterleaved<int=2>, cutlass::gemm::GemmShape<int=4, int=4, int=1>>, int=1, bool>, int=1, cutlass::epilogue::threadblock::PredicatedTileIterator<cutlass::epilogue::threadblock::OutputTileOptimalThreadMap<cutlass::epilogue::threadblock::OutputTileShape<int=128, int=1, int=4, int=4, int=1>, cutlass::epilogue::threadblock::OutputTileShape<int=1, int=4, int=2, int=1, int=8>, int=256, int=1, int=32>, float>, cutlass::epilogue::warp::FragmentIteratorSimt<cutlass::gemm::GemmShape<int=32, int=64, int=8>, cutlass::gemm::thread::Mma<cutlass::gemm::GemmShape<int=8, int=8, int=1>, float, cutlass::layout::ColumnMajor, float, cutlass::layout::RowMajor, float, cutlass::layout::RowMajor, cutlass::arch::OpMultiplyAdd, bool>, cutlass::layout::RowMajor, cutlass::gemm::warp::MmaSimtPolicy<cutlass::MatrixShape<int=4, int=8>, cutlass::layout::RowMajorInterleaved<int=2>, cutlass::gemm::GemmShape<int=4, int=4, int=1>>>, cutlass::epilogue::warp::TileIteratorSimt<cutlass::gemm::GemmShape<int=32, int=64, int=8>, cutlass::gemm::thread::Mma<cutlass::gemm::GemmShape<int=8, int=8, int=1>, float, cutlass::layout::ColumnMajor, float, cutlass::layout::RowMajor, float, cutlass::layout::RowMajor, cutlass::arch::OpMultiplyAdd, bool>, float, cutlass::layout::RowMajor, cutlass::gemm::warp::MmaSimtPolicy<cutlass::MatrixShape<int=4, int=8>, cutlass::layout::RowMajorInterleaved<int=2>, cutlass::gemm::GemmShape<int=4, int=4, int=1>>>, cutlass::epilogue::threadblock::SharedLoadIterator<cutlass::epilogue::threadblock::OutputTileOptimalThreadMap<cutlass::epilogue::threadblock::OutputTileShape<int=128, int=1, int=4, int=4, int=1>::CompactedThreadMap, cutlass::epilogue::threadblock::OutputTileShape<int=1, int=4, int=2, int=1, int=8>, int=256, int=1, int=32>, float, int=4>, cutlass::epilogue::thread::LinearCombination<float",16620
7.419366,0.001824,,,,,,,,,,112,58.558949,"Pageable","Device","Tesla V100-PCIE-32GB (0)","1","7","[CUDA memcpy HtoD]",16640
7.420007,0.019680,2048,1,1,384,1,1,16,0.000000,0.000000,,,,,"Tesla V100-PCIE-32GB (0)","1","7","void scal_kernel_val<double, double>(cublasScalParamsVal<double, double>)",16754
7.420432,8.076406,4,1597,1,256,1,1,124,0.000000,16.250000,,,,,"Tesla V100-PCIE-32GB (0)","1","7","void cutlass::Kernel<cutlass::gemm::kernel::Gemm<cutlass::gemm::threadblock::MmaPipelined<cutlass::gemm::GemmShape<int=128, int=128, int=8>, cutlass::transform::threadblock::PredicatedTileIterator<cutlass::MatrixShape<int=128, int=8>, float, cutlass::layout::RowMajor, int=1, cutlass::transform::PitchLinearStripminedThreadMap<cutlass::layout::PitchLinearShape<int=8, int=128>, int=256, int=1>, int=1>, cutlass::transform::threadblock::RegularTileIterator<cutlass::MatrixShape<int=128, int=8>, float, cutlass::layout::ColumnMajor, int=1, cutlass::transform::TransposePitchLinearThreadMapSimt<cutlass::transform::PitchLinearStripminedThreadMap<cutlass::layout::PitchLinearShape<int=8, int=128>, int=256, int=1>>, int=4>, cutlass::transform::threadblock::PredicatedTileIterator<cutlass::MatrixShape<int=8, int=128>, float, cutlass::layout::RowMajor, int=0, cutlass::transform::PitchLinearStripminedThreadMap<cutlass::layout::PitchLinearShape<int=128, int=8>, int=256, int=1>, int=1>, cutlass::transform::threadblock::RegularTileIterator<cutlass::MatrixShape<int=8, int=128>, float, cutlass::layout::RowMajor, int=0, cutlass::transform::PitchLinearStripminedThreadMap<cutlass::layout::PitchLinearShape<int=128, int=8>, int=256, int=1>, int=4>, float, cutlass::layout::RowMajor, cutlass::gemm::threadblock::MmaPolicy<cutlass::gemm::warp::MmaSimt<cutlass::gemm::GemmShape<int=32, int=64, int=8>, float, cutlass::layout::ColumnMajor, float, cutlass::layout::RowMajor, float, cutlass::layout::RowMajor, cutlass::gemm::warp::MmaSimtPolicy<cutlass::MatrixShape<int=4, int=8>, cutlass::layout::RowMajorInterleaved<int=2>, cutlass::gemm::GemmShape<int=4, int=4, int=1>>, int=1, bool>, cutlass::MatrixShape<int=4, int=0>, cutlass::MatrixShape<int=0, int=0>, int=1>, cutlass::NumericArrayConverter<float, float, int=4, cutlass::FloatRoundStyle>, cutlass::NumericArrayConverter<float, float, int=4, cutlass::FloatRoundStyle>, bool>, cutlass::epilogue::threadblock::Epilogue<cutlass::gemm::GemmShape<int=128, int=128, int=8>, cutlass::gemm::warp::MmaSimt<cutlass::gemm::GemmShape<int=32, int=64, int=8>, float, cutlass::layout::ColumnMajor, float, cutlass::layout::RowMajor, float, cutlass::layout::RowMajor, cutlass::gemm::warp::MmaSimtPolicy<cutlass::MatrixShape<int=4, int=8>, cutlass::layout::RowMajorInterleaved<int=2>, cutlass::gemm::GemmShape<int=4, int=4, int=1>>, int=1, bool>, int=1, cutlass::epilogue::threadblock::PredicatedTileIterator<cutlass::epilogue::threadblock::OutputTileOptimalThreadMap<cutlass::epilogue::threadblock::OutputTileShape<int=128, int=1, int=4, int=4, int=1>, cutlass::epilogue::threadblock::OutputTileShape<int=1, int=4, int=2, int=1, int=8>, int=256, int=1, int=32>, float>, cutlass::epilogue::warp::FragmentIteratorSimt<cutlass::gemm::GemmShape<int=32, int=64, int=8>, cutlass::gemm::thread::Mma<cutlass::gemm::GemmShape<int=8, int=8, int=1>, float, cutlass::layout::ColumnMajor, float, cutlass::layout::RowMajor, float, cutlass::layout::RowMajor, cutlass::arch::OpMultiplyAdd, bool>, cutlass::layout::RowMajor, cutlass::gemm::warp::MmaSimtPolicy<cutlass::MatrixShape<int=4, int=8>, cutlass::layout::RowMajorInterleaved<int=2>, cutlass::gemm::GemmShape<int=4, int=4, int=1>>>, cutlass::epilogue::warp::TileIteratorSimt<cutlass::gemm::GemmShape<int=32, int=64, int=8>, cutlass::gemm::thread::Mma<cutlass::gemm::GemmShape<int=8, int=8, int=1>, float, cutlass::layout::ColumnMajor, float, cutlass::layout::RowMajor, float, cutlass::layout::RowMajor, cutlass::arch::OpMultiplyAdd, bool>, float, cutlass::layout::RowMajor, cutlass::gemm::warp::MmaSimtPolicy<cutlass::MatrixShape<int=4, int=8>, cutlass::layout::RowMajorInterleaved<int=2>, cutlass::gemm::GemmShape<int=4, int=4, int=1>>>, cutlass::epilogue::threadblock::SharedLoadIterator<cutlass::epilogue::threadblock::OutputTileOptimalThreadMap<cutlass::epilogue::threadblock::OutputTileShape<int=128, int=1, int=4, int=4, int=1>::CompactedThreadMap, cutlass::epilogue::threadblock::OutputTileShape<int=1, int=4, int=2, int=1, int=8>, int=256, int=1, int=32>, float, int=4>, cutlass::epilogue::thread::LinearCombination<float",16783
7.428516,0.001472,,,,,,,,,,112,72.562176,"Pageable","Device","Tesla V100-PCIE-32GB (0)","1","7","[CUDA memcpy HtoD]",16803
7.429162,0.019999,2048,1,1,384,1,1,16,0.000000,0.000000,,,,,"Tesla V100-PCIE-32GB (0)","1","7","void scal_kernel_val<double, double>(cublasScalParamsVal<double, double>)",16917
7.429599,8.078870,4,1597,1,256,1,1,124,0.000000,16.250000,,,,,"Tesla V100-PCIE-32GB (0)","1","7","void cutlass::Kernel<cutlass::gemm::kernel::Gemm<cutlass::gemm::threadblock::MmaPipelined<cutlass::gemm::GemmShape<int=128, int=128, int=8>, cutlass::transform::threadblock::PredicatedTileIterator<cutlass::MatrixShape<int=128, int=8>, float, cutlass::layout::RowMajor, int=1, cutlass::transform::PitchLinearStripminedThreadMap<cutlass::layout::PitchLinearShape<int=8, int=128>, int=256, int=1>, int=1>, cutlass::transform::threadblock::RegularTileIterator<cutlass::MatrixShape<int=128, int=8>, float, cutlass::layout::ColumnMajor, int=1, cutlass::transform::TransposePitchLinearThreadMapSimt<cutlass::transform::PitchLinearStripminedThreadMap<cutlass::layout::PitchLinearShape<int=8, int=128>, int=256, int=1>>, int=4>, cutlass::transform::threadblock::PredicatedTileIterator<cutlass::MatrixShape<int=8, int=128>, float, cutlass::layout::RowMajor, int=0, cutlass::transform::PitchLinearStripminedThreadMap<cutlass::layout::PitchLinearShape<int=128, int=8>, int=256, int=1>, int=1>, cutlass::transform::threadblock::RegularTileIterator<cutlass::MatrixShape<int=8, int=128>, float, cutlass::layout::RowMajor, int=0, cutlass::transform::PitchLinearStripminedThreadMap<cutlass::layout::PitchLinearShape<int=128, int=8>, int=256, int=1>, int=4>, float, cutlass::layout::RowMajor, cutlass::gemm::threadblock::MmaPolicy<cutlass::gemm::warp::MmaSimt<cutlass::gemm::GemmShape<int=32, int=64, int=8>, float, cutlass::layout::ColumnMajor, float, cutlass::layout::RowMajor, float, cutlass::layout::RowMajor, cutlass::gemm::warp::MmaSimtPolicy<cutlass::MatrixShape<int=4, int=8>, cutlass::layout::RowMajorInterleaved<int=2>, cutlass::gemm::GemmShape<int=4, int=4, int=1>>, int=1, bool>, cutlass::MatrixShape<int=4, int=0>, cutlass::MatrixShape<int=0, int=0>, int=1>, cutlass::NumericArrayConverter<float, float, int=4, cutlass::FloatRoundStyle>, cutlass::NumericArrayConverter<float, float, int=4, cutlass::FloatRoundStyle>, bool>, cutlass::epilogue::threadblock::Epilogue<cutlass::gemm::GemmShape<int=128, int=128, int=8>, cutlass::gemm::warp::MmaSimt<cutlass::gemm::GemmShape<int=32, int=64, int=8>, float, cutlass::layout::ColumnMajor, float, cutlass::layout::RowMajor, float, cutlass::layout::RowMajor, cutlass::gemm::warp::MmaSimtPolicy<cutlass::MatrixShape<int=4, int=8>, cutlass::layout::RowMajorInterleaved<int=2>, cutlass::gemm::GemmShape<int=4, int=4, int=1>>, int=1, bool>, int=1, cutlass::epilogue::threadblock::PredicatedTileIterator<cutlass::epilogue::threadblock::OutputTileOptimalThreadMap<cutlass::epilogue::threadblock::OutputTileShape<int=128, int=1, int=4, int=4, int=1>, cutlass::epilogue::threadblock::OutputTileShape<int=1, int=4, int=2, int=1, int=8>, int=256, int=1, int=32>, float>, cutlass::epilogue::warp::FragmentIteratorSimt<cutlass::gemm::GemmShape<int=32, int=64, int=8>, cutlass::gemm::thread::Mma<cutlass::gemm::GemmShape<int=8, int=8, int=1>, float, cutlass::layout::ColumnMajor, float, cutlass::layout::RowMajor, float, cutlass::layout::RowMajor, cutlass::arch::OpMultiplyAdd, bool>, cutlass::layout::RowMajor, cutlass::gemm::warp::MmaSimtPolicy<cutlass::MatrixShape<int=4, int=8>, cutlass::layout::RowMajorInterleaved<int=2>, cutlass::gemm::GemmShape<int=4, int=4, int=1>>>, cutlass::epilogue::warp::TileIteratorSimt<cutlass::gemm::GemmShape<int=32, int=64, int=8>, cutlass::gemm::thread::Mma<cutlass::gemm::GemmShape<int=8, int=8, int=1>, float, cutlass::layout::ColumnMajor, float, cutlass::layout::RowMajor, float, cutlass::layout::RowMajor, cutlass::arch::OpMultiplyAdd, bool>, float, cutlass::layout::RowMajor, cutlass::gemm::warp::MmaSimtPolicy<cutlass::MatrixShape<int=4, int=8>, cutlass::layout::RowMajorInterleaved<int=2>, cutlass::gemm::GemmShape<int=4, int=4, int=1>>>, cutlass::epilogue::threadblock::SharedLoadIterator<cutlass::epilogue::threadblock::OutputTileOptimalThreadMap<cutlass::epilogue::threadblock::OutputTileShape<int=128, int=1, int=4, int=4, int=1>::CompactedThreadMap, cutlass::epilogue::threadblock::OutputTileShape<int=1, int=4, int=2, int=1, int=8>, int=256, int=1, int=32>, float, int=4>, cutlass::epilogue::thread::LinearCombination<float",16946
7.437686,0.001504,,,,,,,,,,112,71.018300,"Pageable","Device","Tesla V100-PCIE-32GB (0)","1","7","[CUDA memcpy HtoD]",16966
7.441542,0.019968,2048,1,1,384,1,1,16,0.000000,0.000000,,,,,"Tesla V100-PCIE-32GB (0)","1","7","void scal_kernel_val<double, double>(cublasScalParamsVal<double, double>)",17080
7.441987,8.075670,4,1597,1,256,1,1,124,0.000000,16.250000,,,,,"Tesla V100-PCIE-32GB (0)","1","7","void cutlass::Kernel<cutlass::gemm::kernel::Gemm<cutlass::gemm::threadblock::MmaPipelined<cutlass::gemm::GemmShape<int=128, int=128, int=8>, cutlass::transform::threadblock::PredicatedTileIterator<cutlass::MatrixShape<int=128, int=8>, float, cutlass::layout::RowMajor, int=1, cutlass::transform::PitchLinearStripminedThreadMap<cutlass::layout::PitchLinearShape<int=8, int=128>, int=256, int=1>, int=1>, cutlass::transform::threadblock::RegularTileIterator<cutlass::MatrixShape<int=128, int=8>, float, cutlass::layout::ColumnMajor, int=1, cutlass::transform::TransposePitchLinearThreadMapSimt<cutlass::transform::PitchLinearStripminedThreadMap<cutlass::layout::PitchLinearShape<int=8, int=128>, int=256, int=1>>, int=4>, cutlass::transform::threadblock::PredicatedTileIterator<cutlass::MatrixShape<int=8, int=128>, float, cutlass::layout::RowMajor, int=0, cutlass::transform::PitchLinearStripminedThreadMap<cutlass::layout::PitchLinearShape<int=128, int=8>, int=256, int=1>, int=1>, cutlass::transform::threadblock::RegularTileIterator<cutlass::MatrixShape<int=8, int=128>, float, cutlass::layout::RowMajor, int=0, cutlass::transform::PitchLinearStripminedThreadMap<cutlass::layout::PitchLinearShape<int=128, int=8>, int=256, int=1>, int=4>, float, cutlass::layout::RowMajor, cutlass::gemm::threadblock::MmaPolicy<cutlass::gemm::warp::MmaSimt<cutlass::gemm::GemmShape<int=32, int=64, int=8>, float, cutlass::layout::ColumnMajor, float, cutlass::layout::RowMajor, float, cutlass::layout::RowMajor, cutlass::gemm::warp::MmaSimtPolicy<cutlass::MatrixShape<int=4, int=8>, cutlass::layout::RowMajorInterleaved<int=2>, cutlass::gemm::GemmShape<int=4, int=4, int=1>>, int=1, bool>, cutlass::MatrixShape<int=4, int=0>, cutlass::MatrixShape<int=0, int=0>, int=1>, cutlass::NumericArrayConverter<float, float, int=4, cutlass::FloatRoundStyle>, cutlass::NumericArrayConverter<float, float, int=4, cutlass::FloatRoundStyle>, bool>, cutlass::epilogue::threadblock::Epilogue<cutlass::gemm::GemmShape<int=128, int=128, int=8>, cutlass::gemm::warp::MmaSimt<cutlass::gemm::GemmShape<int=32, int=64, int=8>, float, cutlass::layout::ColumnMajor, float, cutlass::layout::RowMajor, float, cutlass::layout::RowMajor, cutlass::gemm::warp::MmaSimtPolicy<cutlass::MatrixShape<int=4, int=8>, cutlass::layout::RowMajorInterleaved<int=2>, cutlass::gemm::GemmShape<int=4, int=4, int=1>>, int=1, bool>, int=1, cutlass::epilogue::threadblock::PredicatedTileIterator<cutlass::epilogue::threadblock::OutputTileOptimalThreadMap<cutlass::epilogue::threadblock::OutputTileShape<int=128, int=1, int=4, int=4, int=1>, cutlass::epilogue::threadblock::OutputTileShape<int=1, int=4, int=2, int=1, int=8>, int=256, int=1, int=32>, float>, cutlass::epilogue::warp::FragmentIteratorSimt<cutlass::gemm::GemmShape<int=32, int=64, int=8>, cutlass::gemm::thread::Mma<cutlass::gemm::GemmShape<int=8, int=8, int=1>, float, cutlass::layout::ColumnMajor, float, cutlass::layout::RowMajor, float, cutlass::layout::RowMajor, cutlass::arch::OpMultiplyAdd, bool>, cutlass::layout::RowMajor, cutlass::gemm::warp::MmaSimtPolicy<cutlass::MatrixShape<int=4, int=8>, cutlass::layout::RowMajorInterleaved<int=2>, cutlass::gemm::GemmShape<int=4, int=4, int=1>>>, cutlass::epilogue::warp::TileIteratorSimt<cutlass::gemm::GemmShape<int=32, int=64, int=8>, cutlass::gemm::thread::Mma<cutlass::gemm::GemmShape<int=8, int=8, int=1>, float, cutlass::layout::ColumnMajor, float, cutlass::layout::RowMajor, float, cutlass::layout::RowMajor, cutlass::arch::OpMultiplyAdd, bool>, float, cutlass::layout::RowMajor, cutlass::gemm::warp::MmaSimtPolicy<cutlass::MatrixShape<int=4, int=8>, cutlass::layout::RowMajorInterleaved<int=2>, cutlass::gemm::GemmShape<int=4, int=4, int=1>>>, cutlass::epilogue::threadblock::SharedLoadIterator<cutlass::epilogue::threadblock::OutputTileOptimalThreadMap<cutlass::epilogue::threadblock::OutputTileShape<int=128, int=1, int=4, int=4, int=1>::CompactedThreadMap, cutlass::epilogue::threadblock::OutputTileShape<int=1, int=4, int=2, int=1, int=8>, int=256, int=1, int=32>, float, int=4>, cutlass::epilogue::thread::LinearCombination<float",17109
7.450071,0.001504,,,,,,,,,,112,71.018300,"Pageable","Device","Tesla V100-PCIE-32GB (0)","1","7","[CUDA memcpy HtoD]",17129
7.450716,0.019744,2048,1,1,384,1,1,16,0.000000,0.000000,,,,,"Tesla V100-PCIE-32GB (0)","1","7","void scal_kernel_val<double, double>(cublasScalParamsVal<double, double>)",17243
7.451142,8.081047,4,1597,1,256,1,1,124,0.000000,16.250000,,,,,"Tesla V100-PCIE-32GB (0)","1","7","void cutlass::Kernel<cutlass::gemm::kernel::Gemm<cutlass::gemm::threadblock::MmaPipelined<cutlass::gemm::GemmShape<int=128, int=128, int=8>, cutlass::transform::threadblock::PredicatedTileIterator<cutlass::MatrixShape<int=128, int=8>, float, cutlass::layout::RowMajor, int=1, cutlass::transform::PitchLinearStripminedThreadMap<cutlass::layout::PitchLinearShape<int=8, int=128>, int=256, int=1>, int=1>, cutlass::transform::threadblock::RegularTileIterator<cutlass::MatrixShape<int=128, int=8>, float, cutlass::layout::ColumnMajor, int=1, cutlass::transform::TransposePitchLinearThreadMapSimt<cutlass::transform::PitchLinearStripminedThreadMap<cutlass::layout::PitchLinearShape<int=8, int=128>, int=256, int=1>>, int=4>, cutlass::transform::threadblock::PredicatedTileIterator<cutlass::MatrixShape<int=8, int=128>, float, cutlass::layout::RowMajor, int=0, cutlass::transform::PitchLinearStripminedThreadMap<cutlass::layout::PitchLinearShape<int=128, int=8>, int=256, int=1>, int=1>, cutlass::transform::threadblock::RegularTileIterator<cutlass::MatrixShape<int=8, int=128>, float, cutlass::layout::RowMajor, int=0, cutlass::transform::PitchLinearStripminedThreadMap<cutlass::layout::PitchLinearShape<int=128, int=8>, int=256, int=1>, int=4>, float, cutlass::layout::RowMajor, cutlass::gemm::threadblock::MmaPolicy<cutlass::gemm::warp::MmaSimt<cutlass::gemm::GemmShape<int=32, int=64, int=8>, float, cutlass::layout::ColumnMajor, float, cutlass::layout::RowMajor, float, cutlass::layout::RowMajor, cutlass::gemm::warp::MmaSimtPolicy<cutlass::MatrixShape<int=4, int=8>, cutlass::layout::RowMajorInterleaved<int=2>, cutlass::gemm::GemmShape<int=4, int=4, int=1>>, int=1, bool>, cutlass::MatrixShape<int=4, int=0>, cutlass::MatrixShape<int=0, int=0>, int=1>, cutlass::NumericArrayConverter<float, float, int=4, cutlass::FloatRoundStyle>, cutlass::NumericArrayConverter<float, float, int=4, cutlass::FloatRoundStyle>, bool>, cutlass::epilogue::threadblock::Epilogue<cutlass::gemm::GemmShape<int=128, int=128, int=8>, cutlass::gemm::warp::MmaSimt<cutlass::gemm::GemmShape<int=32, int=64, int=8>, float, cutlass::layout::ColumnMajor, float, cutlass::layout::RowMajor, float, cutlass::layout::RowMajor, cutlass::gemm::warp::MmaSimtPolicy<cutlass::MatrixShape<int=4, int=8>, cutlass::layout::RowMajorInterleaved<int=2>, cutlass::gemm::GemmShape<int=4, int=4, int=1>>, int=1, bool>, int=1, cutlass::epilogue::threadblock::PredicatedTileIterator<cutlass::epilogue::threadblock::OutputTileOptimalThreadMap<cutlass::epilogue::threadblock::OutputTileShape<int=128, int=1, int=4, int=4, int=1>, cutlass::epilogue::threadblock::OutputTileShape<int=1, int=4, int=2, int=1, int=8>, int=256, int=1, int=32>, float>, cutlass::epilogue::warp::FragmentIteratorSimt<cutlass::gemm::GemmShape<int=32, int=64, int=8>, cutlass::gemm::thread::Mma<cutlass::gemm::GemmShape<int=8, int=8, int=1>, float, cutlass::layout::ColumnMajor, float, cutlass::layout::RowMajor, float, cutlass::layout::RowMajor, cutlass::arch::OpMultiplyAdd, bool>, cutlass::layout::RowMajor, cutlass::gemm::warp::MmaSimtPolicy<cutlass::MatrixShape<int=4, int=8>, cutlass::layout::RowMajorInterleaved<int=2>, cutlass::gemm::GemmShape<int=4, int=4, int=1>>>, cutlass::epilogue::warp::TileIteratorSimt<cutlass::gemm::GemmShape<int=32, int=64, int=8>, cutlass::gemm::thread::Mma<cutlass::gemm::GemmShape<int=8, int=8, int=1>, float, cutlass::layout::ColumnMajor, float, cutlass::layout::RowMajor, float, cutlass::layout::RowMajor, cutlass::arch::OpMultiplyAdd, bool>, float, cutlass::layout::RowMajor, cutlass::gemm::warp::MmaSimtPolicy<cutlass::MatrixShape<int=4, int=8>, cutlass::layout::RowMajorInterleaved<int=2>, cutlass::gemm::GemmShape<int=4, int=4, int=1>>>, cutlass::epilogue::threadblock::SharedLoadIterator<cutlass::epilogue::threadblock::OutputTileOptimalThreadMap<cutlass::epilogue::threadblock::OutputTileShape<int=128, int=1, int=4, int=4, int=1>::CompactedThreadMap, cutlass::epilogue::threadblock::OutputTileShape<int=1, int=4, int=2, int=1, int=8>, int=256, int=1, int=32>, float, int=4>, cutlass::epilogue::thread::LinearCombination<float",17272
7.459231,0.001504,,,,,,,,,,112,71.018300,"Pageable","Device","Tesla V100-PCIE-32GB (0)","1","7","[CUDA memcpy HtoD]",17292
7.460030,0.019840,2048,1,1,384,1,1,16,0.000000,0.000000,,,,,"Tesla V100-PCIE-32GB (0)","1","7","void scal_kernel_val<double, double>(cublasScalParamsVal<double, double>)",17406
7.460457,8.077910,4,1597,1,256,1,1,124,0.000000,16.250000,,,,,"Tesla V100-PCIE-32GB (0)","1","7","void cutlass::Kernel<cutlass::gemm::kernel::Gemm<cutlass::gemm::threadblock::MmaPipelined<cutlass::gemm::GemmShape<int=128, int=128, int=8>, cutlass::transform::threadblock::PredicatedTileIterator<cutlass::MatrixShape<int=128, int=8>, float, cutlass::layout::RowMajor, int=1, cutlass::transform::PitchLinearStripminedThreadMap<cutlass::layout::PitchLinearShape<int=8, int=128>, int=256, int=1>, int=1>, cutlass::transform::threadblock::RegularTileIterator<cutlass::MatrixShape<int=128, int=8>, float, cutlass::layout::ColumnMajor, int=1, cutlass::transform::TransposePitchLinearThreadMapSimt<cutlass::transform::PitchLinearStripminedThreadMap<cutlass::layout::PitchLinearShape<int=8, int=128>, int=256, int=1>>, int=4>, cutlass::transform::threadblock::PredicatedTileIterator<cutlass::MatrixShape<int=8, int=128>, float, cutlass::layout::RowMajor, int=0, cutlass::transform::PitchLinearStripminedThreadMap<cutlass::layout::PitchLinearShape<int=128, int=8>, int=256, int=1>, int=1>, cutlass::transform::threadblock::RegularTileIterator<cutlass::MatrixShape<int=8, int=128>, float, cutlass::layout::RowMajor, int=0, cutlass::transform::PitchLinearStripminedThreadMap<cutlass::layout::PitchLinearShape<int=128, int=8>, int=256, int=1>, int=4>, float, cutlass::layout::RowMajor, cutlass::gemm::threadblock::MmaPolicy<cutlass::gemm::warp::MmaSimt<cutlass::gemm::GemmShape<int=32, int=64, int=8>, float, cutlass::layout::ColumnMajor, float, cutlass::layout::RowMajor, float, cutlass::layout::RowMajor, cutlass::gemm::warp::MmaSimtPolicy<cutlass::MatrixShape<int=4, int=8>, cutlass::layout::RowMajorInterleaved<int=2>, cutlass::gemm::GemmShape<int=4, int=4, int=1>>, int=1, bool>, cutlass::MatrixShape<int=4, int=0>, cutlass::MatrixShape<int=0, int=0>, int=1>, cutlass::NumericArrayConverter<float, float, int=4, cutlass::FloatRoundStyle>, cutlass::NumericArrayConverter<float, float, int=4, cutlass::FloatRoundStyle>, bool>, cutlass::epilogue::threadblock::Epilogue<cutlass::gemm::GemmShape<int=128, int=128, int=8>, cutlass::gemm::warp::MmaSimt<cutlass::gemm::GemmShape<int=32, int=64, int=8>, float, cutlass::layout::ColumnMajor, float, cutlass::layout::RowMajor, float, cutlass::layout::RowMajor, cutlass::gemm::warp::MmaSimtPolicy<cutlass::MatrixShape<int=4, int=8>, cutlass::layout::RowMajorInterleaved<int=2>, cutlass::gemm::GemmShape<int=4, int=4, int=1>>, int=1, bool>, int=1, cutlass::epilogue::threadblock::PredicatedTileIterator<cutlass::epilogue::threadblock::OutputTileOptimalThreadMap<cutlass::epilogue::threadblock::OutputTileShape<int=128, int=1, int=4, int=4, int=1>, cutlass::epilogue::threadblock::OutputTileShape<int=1, int=4, int=2, int=1, int=8>, int=256, int=1, int=32>, float>, cutlass::epilogue::warp::FragmentIteratorSimt<cutlass::gemm::GemmShape<int=32, int=64, int=8>, cutlass::gemm::thread::Mma<cutlass::gemm::GemmShape<int=8, int=8, int=1>, float, cutlass::layout::ColumnMajor, float, cutlass::layout::RowMajor, float, cutlass::layout::RowMajor, cutlass::arch::OpMultiplyAdd, bool>, cutlass::layout::RowMajor, cutlass::gemm::warp::MmaSimtPolicy<cutlass::MatrixShape<int=4, int=8>, cutlass::layout::RowMajorInterleaved<int=2>, cutlass::gemm::GemmShape<int=4, int=4, int=1>>>, cutlass::epilogue::warp::TileIteratorSimt<cutlass::gemm::GemmShape<int=32, int=64, int=8>, cutlass::gemm::thread::Mma<cutlass::gemm::GemmShape<int=8, int=8, int=1>, float, cutlass::layout::ColumnMajor, float, cutlass::layout::RowMajor, float, cutlass::layout::RowMajor, cutlass::arch::OpMultiplyAdd, bool>, float, cutlass::layout::RowMajor, cutlass::gemm::warp::MmaSimtPolicy<cutlass::MatrixShape<int=4, int=8>, cutlass::layout::RowMajorInterleaved<int=2>, cutlass::gemm::GemmShape<int=4, int=4, int=1>>>, cutlass::epilogue::threadblock::SharedLoadIterator<cutlass::epilogue::threadblock::OutputTileOptimalThreadMap<cutlass::epilogue::threadblock::OutputTileShape<int=128, int=1, int=4, int=4, int=1>::CompactedThreadMap, cutlass::epilogue::threadblock::OutputTileShape<int=1, int=4, int=2, int=1, int=8>, int=256, int=1, int=32>, float, int=4>, cutlass::epilogue::thread::LinearCombination<float",17435
7.468544,0.001504,,,,,,,,,,112,71.018300,"Pageable","Device","Tesla V100-PCIE-32GB (0)","1","7","[CUDA memcpy HtoD]",17455
7.469184,0.019616,2048,1,1,384,1,1,16,0.000000,0.000000,,,,,"Tesla V100-PCIE-32GB (0)","1","7","void scal_kernel_val<double, double>(cublasScalParamsVal<double, double>)",17569
7.469617,8.079799,4,1597,1,256,1,1,124,0.000000,16.250000,,,,,"Tesla V100-PCIE-32GB (0)","1","7","void cutlass::Kernel<cutlass::gemm::kernel::Gemm<cutlass::gemm::threadblock::MmaPipelined<cutlass::gemm::GemmShape<int=128, int=128, int=8>, cutlass::transform::threadblock::PredicatedTileIterator<cutlass::MatrixShape<int=128, int=8>, float, cutlass::layout::RowMajor, int=1, cutlass::transform::PitchLinearStripminedThreadMap<cutlass::layout::PitchLinearShape<int=8, int=128>, int=256, int=1>, int=1>, cutlass::transform::threadblock::RegularTileIterator<cutlass::MatrixShape<int=128, int=8>, float, cutlass::layout::ColumnMajor, int=1, cutlass::transform::TransposePitchLinearThreadMapSimt<cutlass::transform::PitchLinearStripminedThreadMap<cutlass::layout::PitchLinearShape<int=8, int=128>, int=256, int=1>>, int=4>, cutlass::transform::threadblock::PredicatedTileIterator<cutlass::MatrixShape<int=8, int=128>, float, cutlass::layout::RowMajor, int=0, cutlass::transform::PitchLinearStripminedThreadMap<cutlass::layout::PitchLinearShape<int=128, int=8>, int=256, int=1>, int=1>, cutlass::transform::threadblock::RegularTileIterator<cutlass::MatrixShape<int=8, int=128>, float, cutlass::layout::RowMajor, int=0, cutlass::transform::PitchLinearStripminedThreadMap<cutlass::layout::PitchLinearShape<int=128, int=8>, int=256, int=1>, int=4>, float, cutlass::layout::RowMajor, cutlass::gemm::threadblock::MmaPolicy<cutlass::gemm::warp::MmaSimt<cutlass::gemm::GemmShape<int=32, int=64, int=8>, float, cutlass::layout::ColumnMajor, float, cutlass::layout::RowMajor, float, cutlass::layout::RowMajor, cutlass::gemm::warp::MmaSimtPolicy<cutlass::MatrixShape<int=4, int=8>, cutlass::layout::RowMajorInterleaved<int=2>, cutlass::gemm::GemmShape<int=4, int=4, int=1>>, int=1, bool>, cutlass::MatrixShape<int=4, int=0>, cutlass::MatrixShape<int=0, int=0>, int=1>, cutlass::NumericArrayConverter<float, float, int=4, cutlass::FloatRoundStyle>, cutlass::NumericArrayConverter<float, float, int=4, cutlass::FloatRoundStyle>, bool>, cutlass::epilogue::threadblock::Epilogue<cutlass::gemm::GemmShape<int=128, int=128, int=8>, cutlass::gemm::warp::MmaSimt<cutlass::gemm::GemmShape<int=32, int=64, int=8>, float, cutlass::layout::ColumnMajor, float, cutlass::layout::RowMajor, float, cutlass::layout::RowMajor, cutlass::gemm::warp::MmaSimtPolicy<cutlass::MatrixShape<int=4, int=8>, cutlass::layout::RowMajorInterleaved<int=2>, cutlass::gemm::GemmShape<int=4, int=4, int=1>>, int=1, bool>, int=1, cutlass::epilogue::threadblock::PredicatedTileIterator<cutlass::epilogue::threadblock::OutputTileOptimalThreadMap<cutlass::epilogue::threadblock::OutputTileShape<int=128, int=1, int=4, int=4, int=1>, cutlass::epilogue::threadblock::OutputTileShape<int=1, int=4, int=2, int=1, int=8>, int=256, int=1, int=32>, float>, cutlass::epilogue::warp::FragmentIteratorSimt<cutlass::gemm::GemmShape<int=32, int=64, int=8>, cutlass::gemm::thread::Mma<cutlass::gemm::GemmShape<int=8, int=8, int=1>, float, cutlass::layout::ColumnMajor, float, cutlass::layout::RowMajor, float, cutlass::layout::RowMajor, cutlass::arch::OpMultiplyAdd, bool>, cutlass::layout::RowMajor, cutlass::gemm::warp::MmaSimtPolicy<cutlass::MatrixShape<int=4, int=8>, cutlass::layout::RowMajorInterleaved<int=2>, cutlass::gemm::GemmShape<int=4, int=4, int=1>>>, cutlass::epilogue::warp::TileIteratorSimt<cutlass::gemm::GemmShape<int=32, int=64, int=8>, cutlass::gemm::thread::Mma<cutlass::gemm::GemmShape<int=8, int=8, int=1>, float, cutlass::layout::ColumnMajor, float, cutlass::layout::RowMajor, float, cutlass::layout::RowMajor, cutlass::arch::OpMultiplyAdd, bool>, float, cutlass::layout::RowMajor, cutlass::gemm::warp::MmaSimtPolicy<cutlass::MatrixShape<int=4, int=8>, cutlass::layout::RowMajorInterleaved<int=2>, cutlass::gemm::GemmShape<int=4, int=4, int=1>>>, cutlass::epilogue::threadblock::SharedLoadIterator<cutlass::epilogue::threadblock::OutputTileOptimalThreadMap<cutlass::epilogue::threadblock::OutputTileShape<int=128, int=1, int=4, int=4, int=1>::CompactedThreadMap, cutlass::epilogue::threadblock::OutputTileShape<int=1, int=4, int=2, int=1, int=8>, int=256, int=1, int=32>, float, int=4>, cutlass::epilogue::thread::LinearCombination<float",17598
7.477705,0.001504,,,,,,,,,,112,71.018300,"Pageable","Device","Tesla V100-PCIE-32GB (0)","1","7","[CUDA memcpy HtoD]",17618
7.478333,0.019584,2048,1,1,384,1,1,16,0.000000,0.000000,,,,,"Tesla V100-PCIE-32GB (0)","1","7","void scal_kernel_val<double, double>(cublasScalParamsVal<double, double>)",17732
7.478769,8.077110,4,1597,1,256,1,1,124,0.000000,16.250000,,,,,"Tesla V100-PCIE-32GB (0)","1","7","void cutlass::Kernel<cutlass::gemm::kernel::Gemm<cutlass::gemm::threadblock::MmaPipelined<cutlass::gemm::GemmShape<int=128, int=128, int=8>, cutlass::transform::threadblock::PredicatedTileIterator<cutlass::MatrixShape<int=128, int=8>, float, cutlass::layout::RowMajor, int=1, cutlass::transform::PitchLinearStripminedThreadMap<cutlass::layout::PitchLinearShape<int=8, int=128>, int=256, int=1>, int=1>, cutlass::transform::threadblock::RegularTileIterator<cutlass::MatrixShape<int=128, int=8>, float, cutlass::layout::ColumnMajor, int=1, cutlass::transform::TransposePitchLinearThreadMapSimt<cutlass::transform::PitchLinearStripminedThreadMap<cutlass::layout::PitchLinearShape<int=8, int=128>, int=256, int=1>>, int=4>, cutlass::transform::threadblock::PredicatedTileIterator<cutlass::MatrixShape<int=8, int=128>, float, cutlass::layout::RowMajor, int=0, cutlass::transform::PitchLinearStripminedThreadMap<cutlass::layout::PitchLinearShape<int=128, int=8>, int=256, int=1>, int=1>, cutlass::transform::threadblock::RegularTileIterator<cutlass::MatrixShape<int=8, int=128>, float, cutlass::layout::RowMajor, int=0, cutlass::transform::PitchLinearStripminedThreadMap<cutlass::layout::PitchLinearShape<int=128, int=8>, int=256, int=1>, int=4>, float, cutlass::layout::RowMajor, cutlass::gemm::threadblock::MmaPolicy<cutlass::gemm::warp::MmaSimt<cutlass::gemm::GemmShape<int=32, int=64, int=8>, float, cutlass::layout::ColumnMajor, float, cutlass::layout::RowMajor, float, cutlass::layout::RowMajor, cutlass::gemm::warp::MmaSimtPolicy<cutlass::MatrixShape<int=4, int=8>, cutlass::layout::RowMajorInterleaved<int=2>, cutlass::gemm::GemmShape<int=4, int=4, int=1>>, int=1, bool>, cutlass::MatrixShape<int=4, int=0>, cutlass::MatrixShape<int=0, int=0>, int=1>, cutlass::NumericArrayConverter<float, float, int=4, cutlass::FloatRoundStyle>, cutlass::NumericArrayConverter<float, float, int=4, cutlass::FloatRoundStyle>, bool>, cutlass::epilogue::threadblock::Epilogue<cutlass::gemm::GemmShape<int=128, int=128, int=8>, cutlass::gemm::warp::MmaSimt<cutlass::gemm::GemmShape<int=32, int=64, int=8>, float, cutlass::layout::ColumnMajor, float, cutlass::layout::RowMajor, float, cutlass::layout::RowMajor, cutlass::gemm::warp::MmaSimtPolicy<cutlass::MatrixShape<int=4, int=8>, cutlass::layout::RowMajorInterleaved<int=2>, cutlass::gemm::GemmShape<int=4, int=4, int=1>>, int=1, bool>, int=1, cutlass::epilogue::threadblock::PredicatedTileIterator<cutlass::epilogue::threadblock::OutputTileOptimalThreadMap<cutlass::epilogue::threadblock::OutputTileShape<int=128, int=1, int=4, int=4, int=1>, cutlass::epilogue::threadblock::OutputTileShape<int=1, int=4, int=2, int=1, int=8>, int=256, int=1, int=32>, float>, cutlass::epilogue::warp::FragmentIteratorSimt<cutlass::gemm::GemmShape<int=32, int=64, int=8>, cutlass::gemm::thread::Mma<cutlass::gemm::GemmShape<int=8, int=8, int=1>, float, cutlass::layout::ColumnMajor, float, cutlass::layout::RowMajor, float, cutlass::layout::RowMajor, cutlass::arch::OpMultiplyAdd, bool>, cutlass::layout::RowMajor, cutlass::gemm::warp::MmaSimtPolicy<cutlass::MatrixShape<int=4, int=8>, cutlass::layout::RowMajorInterleaved<int=2>, cutlass::gemm::GemmShape<int=4, int=4, int=1>>>, cutlass::epilogue::warp::TileIteratorSimt<cutlass::gemm::GemmShape<int=32, int=64, int=8>, cutlass::gemm::thread::Mma<cutlass::gemm::GemmShape<int=8, int=8, int=1>, float, cutlass::layout::ColumnMajor, float, cutlass::layout::RowMajor, float, cutlass::layout::RowMajor, cutlass::arch::OpMultiplyAdd, bool>, float, cutlass::layout::RowMajor, cutlass::gemm::warp::MmaSimtPolicy<cutlass::MatrixShape<int=4, int=8>, cutlass::layout::RowMajorInterleaved<int=2>, cutlass::gemm::GemmShape<int=4, int=4, int=1>>>, cutlass::epilogue::threadblock::SharedLoadIterator<cutlass::epilogue::threadblock::OutputTileOptimalThreadMap<cutlass::epilogue::threadblock::OutputTileShape<int=128, int=1, int=4, int=4, int=1>::CompactedThreadMap, cutlass::epilogue::threadblock::OutputTileShape<int=1, int=4, int=2, int=1, int=8>, int=256, int=1, int=32>, float, int=4>, cutlass::epilogue::thread::LinearCombination<float",17761
7.486858,0.001504,,,,,,,,,,112,71.018300,"Pageable","Device","Tesla V100-PCIE-32GB (0)","1","7","[CUDA memcpy HtoD]",17781
7.487487,0.019840,2048,1,1,384,1,1,16,0.000000,0.000000,,,,,"Tesla V100-PCIE-32GB (0)","1","7","void scal_kernel_val<double, double>(cublasScalParamsVal<double, double>)",17895
7.487919,8.077367,4,1597,1,256,1,1,124,0.000000,16.250000,,,,,"Tesla V100-PCIE-32GB (0)","1","7","void cutlass::Kernel<cutlass::gemm::kernel::Gemm<cutlass::gemm::threadblock::MmaPipelined<cutlass::gemm::GemmShape<int=128, int=128, int=8>, cutlass::transform::threadblock::PredicatedTileIterator<cutlass::MatrixShape<int=128, int=8>, float, cutlass::layout::RowMajor, int=1, cutlass::transform::PitchLinearStripminedThreadMap<cutlass::layout::PitchLinearShape<int=8, int=128>, int=256, int=1>, int=1>, cutlass::transform::threadblock::RegularTileIterator<cutlass::MatrixShape<int=128, int=8>, float, cutlass::layout::ColumnMajor, int=1, cutlass::transform::TransposePitchLinearThreadMapSimt<cutlass::transform::PitchLinearStripminedThreadMap<cutlass::layout::PitchLinearShape<int=8, int=128>, int=256, int=1>>, int=4>, cutlass::transform::threadblock::PredicatedTileIterator<cutlass::MatrixShape<int=8, int=128>, float, cutlass::layout::RowMajor, int=0, cutlass::transform::PitchLinearStripminedThreadMap<cutlass::layout::PitchLinearShape<int=128, int=8>, int=256, int=1>, int=1>, cutlass::transform::threadblock::RegularTileIterator<cutlass::MatrixShape<int=8, int=128>, float, cutlass::layout::RowMajor, int=0, cutlass::transform::PitchLinearStripminedThreadMap<cutlass::layout::PitchLinearShape<int=128, int=8>, int=256, int=1>, int=4>, float, cutlass::layout::RowMajor, cutlass::gemm::threadblock::MmaPolicy<cutlass::gemm::warp::MmaSimt<cutlass::gemm::GemmShape<int=32, int=64, int=8>, float, cutlass::layout::ColumnMajor, float, cutlass::layout::RowMajor, float, cutlass::layout::RowMajor, cutlass::gemm::warp::MmaSimtPolicy<cutlass::MatrixShape<int=4, int=8>, cutlass::layout::RowMajorInterleaved<int=2>, cutlass::gemm::GemmShape<int=4, int=4, int=1>>, int=1, bool>, cutlass::MatrixShape<int=4, int=0>, cutlass::MatrixShape<int=0, int=0>, int=1>, cutlass::NumericArrayConverter<float, float, int=4, cutlass::FloatRoundStyle>, cutlass::NumericArrayConverter<float, float, int=4, cutlass::FloatRoundStyle>, bool>, cutlass::epilogue::threadblock::Epilogue<cutlass::gemm::GemmShape<int=128, int=128, int=8>, cutlass::gemm::warp::MmaSimt<cutlass::gemm::GemmShape<int=32, int=64, int=8>, float, cutlass::layout::ColumnMajor, float, cutlass::layout::RowMajor, float, cutlass::layout::RowMajor, cutlass::gemm::warp::MmaSimtPolicy<cutlass::MatrixShape<int=4, int=8>, cutlass::layout::RowMajorInterleaved<int=2>, cutlass::gemm::GemmShape<int=4, int=4, int=1>>, int=1, bool>, int=1, cutlass::epilogue::threadblock::PredicatedTileIterator<cutlass::epilogue::threadblock::OutputTileOptimalThreadMap<cutlass::epilogue::threadblock::OutputTileShape<int=128, int=1, int=4, int=4, int=1>, cutlass::epilogue::threadblock::OutputTileShape<int=1, int=4, int=2, int=1, int=8>, int=256, int=1, int=32>, float>, cutlass::epilogue::warp::FragmentIteratorSimt<cutlass::gemm::GemmShape<int=32, int=64, int=8>, cutlass::gemm::thread::Mma<cutlass::gemm::GemmShape<int=8, int=8, int=1>, float, cutlass::layout::ColumnMajor, float, cutlass::layout::RowMajor, float, cutlass::layout::RowMajor, cutlass::arch::OpMultiplyAdd, bool>, cutlass::layout::RowMajor, cutlass::gemm::warp::MmaSimtPolicy<cutlass::MatrixShape<int=4, int=8>, cutlass::layout::RowMajorInterleaved<int=2>, cutlass::gemm::GemmShape<int=4, int=4, int=1>>>, cutlass::epilogue::warp::TileIteratorSimt<cutlass::gemm::GemmShape<int=32, int=64, int=8>, cutlass::gemm::thread::Mma<cutlass::gemm::GemmShape<int=8, int=8, int=1>, float, cutlass::layout::ColumnMajor, float, cutlass::layout::RowMajor, float, cutlass::layout::RowMajor, cutlass::arch::OpMultiplyAdd, bool>, float, cutlass::layout::RowMajor, cutlass::gemm::warp::MmaSimtPolicy<cutlass::MatrixShape<int=4, int=8>, cutlass::layout::RowMajorInterleaved<int=2>, cutlass::gemm::GemmShape<int=4, int=4, int=1>>>, cutlass::epilogue::threadblock::SharedLoadIterator<cutlass::epilogue::threadblock::OutputTileOptimalThreadMap<cutlass::epilogue::threadblock::OutputTileShape<int=128, int=1, int=4, int=4, int=1>::CompactedThreadMap, cutlass::epilogue::threadblock::OutputTileShape<int=1, int=4, int=2, int=1, int=8>, int=256, int=1, int=32>, float, int=4>, cutlass::epilogue::thread::LinearCombination<float",17924
7.496006,0.001472,,,,,,,,,,112,72.562176,"Pageable","Device","Tesla V100-PCIE-32GB (0)","1","7","[CUDA memcpy HtoD]",17944
7.496635,0.019520,2048,1,1,384,1,1,16,0.000000,0.000000,,,,,"Tesla V100-PCIE-32GB (0)","1","7","void scal_kernel_val<double, double>(cublasScalParamsVal<double, double>)",18058
7.497061,8.076951,4,1597,1,256,1,1,124,0.000000,16.250000,,,,,"Tesla V100-PCIE-32GB (0)","1","7","void cutlass::Kernel<cutlass::gemm::kernel::Gemm<cutlass::gemm::threadblock::MmaPipelined<cutlass::gemm::GemmShape<int=128, int=128, int=8>, cutlass::transform::threadblock::PredicatedTileIterator<cutlass::MatrixShape<int=128, int=8>, float, cutlass::layout::RowMajor, int=1, cutlass::transform::PitchLinearStripminedThreadMap<cutlass::layout::PitchLinearShape<int=8, int=128>, int=256, int=1>, int=1>, cutlass::transform::threadblock::RegularTileIterator<cutlass::MatrixShape<int=128, int=8>, float, cutlass::layout::ColumnMajor, int=1, cutlass::transform::TransposePitchLinearThreadMapSimt<cutlass::transform::PitchLinearStripminedThreadMap<cutlass::layout::PitchLinearShape<int=8, int=128>, int=256, int=1>>, int=4>, cutlass::transform::threadblock::PredicatedTileIterator<cutlass::MatrixShape<int=8, int=128>, float, cutlass::layout::RowMajor, int=0, cutlass::transform::PitchLinearStripminedThreadMap<cutlass::layout::PitchLinearShape<int=128, int=8>, int=256, int=1>, int=1>, cutlass::transform::threadblock::RegularTileIterator<cutlass::MatrixShape<int=8, int=128>, float, cutlass::layout::RowMajor, int=0, cutlass::transform::PitchLinearStripminedThreadMap<cutlass::layout::PitchLinearShape<int=128, int=8>, int=256, int=1>, int=4>, float, cutlass::layout::RowMajor, cutlass::gemm::threadblock::MmaPolicy<cutlass::gemm::warp::MmaSimt<cutlass::gemm::GemmShape<int=32, int=64, int=8>, float, cutlass::layout::ColumnMajor, float, cutlass::layout::RowMajor, float, cutlass::layout::RowMajor, cutlass::gemm::warp::MmaSimtPolicy<cutlass::MatrixShape<int=4, int=8>, cutlass::layout::RowMajorInterleaved<int=2>, cutlass::gemm::GemmShape<int=4, int=4, int=1>>, int=1, bool>, cutlass::MatrixShape<int=4, int=0>, cutlass::MatrixShape<int=0, int=0>, int=1>, cutlass::NumericArrayConverter<float, float, int=4, cutlass::FloatRoundStyle>, cutlass::NumericArrayConverter<float, float, int=4, cutlass::FloatRoundStyle>, bool>, cutlass::epilogue::threadblock::Epilogue<cutlass::gemm::GemmShape<int=128, int=128, int=8>, cutlass::gemm::warp::MmaSimt<cutlass::gemm::GemmShape<int=32, int=64, int=8>, float, cutlass::layout::ColumnMajor, float, cutlass::layout::RowMajor, float, cutlass::layout::RowMajor, cutlass::gemm::warp::MmaSimtPolicy<cutlass::MatrixShape<int=4, int=8>, cutlass::layout::RowMajorInterleaved<int=2>, cutlass::gemm::GemmShape<int=4, int=4, int=1>>, int=1, bool>, int=1, cutlass::epilogue::threadblock::PredicatedTileIterator<cutlass::epilogue::threadblock::OutputTileOptimalThreadMap<cutlass::epilogue::threadblock::OutputTileShape<int=128, int=1, int=4, int=4, int=1>, cutlass::epilogue::threadblock::OutputTileShape<int=1, int=4, int=2, int=1, int=8>, int=256, int=1, int=32>, float>, cutlass::epilogue::warp::FragmentIteratorSimt<cutlass::gemm::GemmShape<int=32, int=64, int=8>, cutlass::gemm::thread::Mma<cutlass::gemm::GemmShape<int=8, int=8, int=1>, float, cutlass::layout::ColumnMajor, float, cutlass::layout::RowMajor, float, cutlass::layout::RowMajor, cutlass::arch::OpMultiplyAdd, bool>, cutlass::layout::RowMajor, cutlass::gemm::warp::MmaSimtPolicy<cutlass::MatrixShape<int=4, int=8>, cutlass::layout::RowMajorInterleaved<int=2>, cutlass::gemm::GemmShape<int=4, int=4, int=1>>>, cutlass::epilogue::warp::TileIteratorSimt<cutlass::gemm::GemmShape<int=32, int=64, int=8>, cutlass::gemm::thread::Mma<cutlass::gemm::GemmShape<int=8, int=8, int=1>, float, cutlass::layout::ColumnMajor, float, cutlass::layout::RowMajor, float, cutlass::layout::RowMajor, cutlass::arch::OpMultiplyAdd, bool>, float, cutlass::layout::RowMajor, cutlass::gemm::warp::MmaSimtPolicy<cutlass::MatrixShape<int=4, int=8>, cutlass::layout::RowMajorInterleaved<int=2>, cutlass::gemm::GemmShape<int=4, int=4, int=1>>>, cutlass::epilogue::threadblock::SharedLoadIterator<cutlass::epilogue::threadblock::OutputTileOptimalThreadMap<cutlass::epilogue::threadblock::OutputTileShape<int=128, int=1, int=4, int=4, int=1>::CompactedThreadMap, cutlass::epilogue::threadblock::OutputTileShape<int=1, int=4, int=2, int=1, int=8>, int=256, int=1, int=32>, float, int=4>, cutlass::epilogue::thread::LinearCombination<float",18087
7.505146,0.001504,,,,,,,,,,112,71.018300,"Pageable","Device","Tesla V100-PCIE-32GB (0)","1","7","[CUDA memcpy HtoD]",18107
7.505803,0.020127,2048,1,1,384,1,1,16,0.000000,0.000000,,,,,"Tesla V100-PCIE-32GB (0)","1","7","void scal_kernel_val<double, double>(cublasScalParamsVal<double, double>)",18221
7.506250,8.075894,4,1597,1,256,1,1,124,0.000000,16.250000,,,,,"Tesla V100-PCIE-32GB (0)","1","7","void cutlass::Kernel<cutlass::gemm::kernel::Gemm<cutlass::gemm::threadblock::MmaPipelined<cutlass::gemm::GemmShape<int=128, int=128, int=8>, cutlass::transform::threadblock::PredicatedTileIterator<cutlass::MatrixShape<int=128, int=8>, float, cutlass::layout::RowMajor, int=1, cutlass::transform::PitchLinearStripminedThreadMap<cutlass::layout::PitchLinearShape<int=8, int=128>, int=256, int=1>, int=1>, cutlass::transform::threadblock::RegularTileIterator<cutlass::MatrixShape<int=128, int=8>, float, cutlass::layout::ColumnMajor, int=1, cutlass::transform::TransposePitchLinearThreadMapSimt<cutlass::transform::PitchLinearStripminedThreadMap<cutlass::layout::PitchLinearShape<int=8, int=128>, int=256, int=1>>, int=4>, cutlass::transform::threadblock::PredicatedTileIterator<cutlass::MatrixShape<int=8, int=128>, float, cutlass::layout::RowMajor, int=0, cutlass::transform::PitchLinearStripminedThreadMap<cutlass::layout::PitchLinearShape<int=128, int=8>, int=256, int=1>, int=1>, cutlass::transform::threadblock::RegularTileIterator<cutlass::MatrixShape<int=8, int=128>, float, cutlass::layout::RowMajor, int=0, cutlass::transform::PitchLinearStripminedThreadMap<cutlass::layout::PitchLinearShape<int=128, int=8>, int=256, int=1>, int=4>, float, cutlass::layout::RowMajor, cutlass::gemm::threadblock::MmaPolicy<cutlass::gemm::warp::MmaSimt<cutlass::gemm::GemmShape<int=32, int=64, int=8>, float, cutlass::layout::ColumnMajor, float, cutlass::layout::RowMajor, float, cutlass::layout::RowMajor, cutlass::gemm::warp::MmaSimtPolicy<cutlass::MatrixShape<int=4, int=8>, cutlass::layout::RowMajorInterleaved<int=2>, cutlass::gemm::GemmShape<int=4, int=4, int=1>>, int=1, bool>, cutlass::MatrixShape<int=4, int=0>, cutlass::MatrixShape<int=0, int=0>, int=1>, cutlass::NumericArrayConverter<float, float, int=4, cutlass::FloatRoundStyle>, cutlass::NumericArrayConverter<float, float, int=4, cutlass::FloatRoundStyle>, bool>, cutlass::epilogue::threadblock::Epilogue<cutlass::gemm::GemmShape<int=128, int=128, int=8>, cutlass::gemm::warp::MmaSimt<cutlass::gemm::GemmShape<int=32, int=64, int=8>, float, cutlass::layout::ColumnMajor, float, cutlass::layout::RowMajor, float, cutlass::layout::RowMajor, cutlass::gemm::warp::MmaSimtPolicy<cutlass::MatrixShape<int=4, int=8>, cutlass::layout::RowMajorInterleaved<int=2>, cutlass::gemm::GemmShape<int=4, int=4, int=1>>, int=1, bool>, int=1, cutlass::epilogue::threadblock::PredicatedTileIterator<cutlass::epilogue::threadblock::OutputTileOptimalThreadMap<cutlass::epilogue::threadblock::OutputTileShape<int=128, int=1, int=4, int=4, int=1>, cutlass::epilogue::threadblock::OutputTileShape<int=1, int=4, int=2, int=1, int=8>, int=256, int=1, int=32>, float>, cutlass::epilogue::warp::FragmentIteratorSimt<cutlass::gemm::GemmShape<int=32, int=64, int=8>, cutlass::gemm::thread::Mma<cutlass::gemm::GemmShape<int=8, int=8, int=1>, float, cutlass::layout::ColumnMajor, float, cutlass::layout::RowMajor, float, cutlass::layout::RowMajor, cutlass::arch::OpMultiplyAdd, bool>, cutlass::layout::RowMajor, cutlass::gemm::warp::MmaSimtPolicy<cutlass::MatrixShape<int=4, int=8>, cutlass::layout::RowMajorInterleaved<int=2>, cutlass::gemm::GemmShape<int=4, int=4, int=1>>>, cutlass::epilogue::warp::TileIteratorSimt<cutlass::gemm::GemmShape<int=32, int=64, int=8>, cutlass::gemm::thread::Mma<cutlass::gemm::GemmShape<int=8, int=8, int=1>, float, cutlass::layout::ColumnMajor, float, cutlass::layout::RowMajor, float, cutlass::layout::RowMajor, cutlass::arch::OpMultiplyAdd, bool>, float, cutlass::layout::RowMajor, cutlass::gemm::warp::MmaSimtPolicy<cutlass::MatrixShape<int=4, int=8>, cutlass::layout::RowMajorInterleaved<int=2>, cutlass::gemm::GemmShape<int=4, int=4, int=1>>>, cutlass::epilogue::threadblock::SharedLoadIterator<cutlass::epilogue::threadblock::OutputTileOptimalThreadMap<cutlass::epilogue::threadblock::OutputTileShape<int=128, int=1, int=4, int=4, int=1>::CompactedThreadMap, cutlass::epilogue::threadblock::OutputTileShape<int=1, int=4, int=2, int=1, int=8>, int=256, int=1, int=32>, float, int=4>, cutlass::epilogue::thread::LinearCombination<float",18250
7.514334,0.001504,,,,,,,,,,112,71.018300,"Pageable","Device","Tesla V100-PCIE-32GB (0)","1","7","[CUDA memcpy HtoD]",18270
7.514999,0.020256,2048,1,1,384,1,1,16,0.000000,0.000000,,,,,"Tesla V100-PCIE-32GB (0)","1","7","void scal_kernel_val<double, double>(cublasScalParamsVal<double, double>)",18384
7.515426,8.075286,4,1597,1,256,1,1,124,0.000000,16.250000,,,,,"Tesla V100-PCIE-32GB (0)","1","7","void cutlass::Kernel<cutlass::gemm::kernel::Gemm<cutlass::gemm::threadblock::MmaPipelined<cutlass::gemm::GemmShape<int=128, int=128, int=8>, cutlass::transform::threadblock::PredicatedTileIterator<cutlass::MatrixShape<int=128, int=8>, float, cutlass::layout::RowMajor, int=1, cutlass::transform::PitchLinearStripminedThreadMap<cutlass::layout::PitchLinearShape<int=8, int=128>, int=256, int=1>, int=1>, cutlass::transform::threadblock::RegularTileIterator<cutlass::MatrixShape<int=128, int=8>, float, cutlass::layout::ColumnMajor, int=1, cutlass::transform::TransposePitchLinearThreadMapSimt<cutlass::transform::PitchLinearStripminedThreadMap<cutlass::layout::PitchLinearShape<int=8, int=128>, int=256, int=1>>, int=4>, cutlass::transform::threadblock::PredicatedTileIterator<cutlass::MatrixShape<int=8, int=128>, float, cutlass::layout::RowMajor, int=0, cutlass::transform::PitchLinearStripminedThreadMap<cutlass::layout::PitchLinearShape<int=128, int=8>, int=256, int=1>, int=1>, cutlass::transform::threadblock::RegularTileIterator<cutlass::MatrixShape<int=8, int=128>, float, cutlass::layout::RowMajor, int=0, cutlass::transform::PitchLinearStripminedThreadMap<cutlass::layout::PitchLinearShape<int=128, int=8>, int=256, int=1>, int=4>, float, cutlass::layout::RowMajor, cutlass::gemm::threadblock::MmaPolicy<cutlass::gemm::warp::MmaSimt<cutlass::gemm::GemmShape<int=32, int=64, int=8>, float, cutlass::layout::ColumnMajor, float, cutlass::layout::RowMajor, float, cutlass::layout::RowMajor, cutlass::gemm::warp::MmaSimtPolicy<cutlass::MatrixShape<int=4, int=8>, cutlass::layout::RowMajorInterleaved<int=2>, cutlass::gemm::GemmShape<int=4, int=4, int=1>>, int=1, bool>, cutlass::MatrixShape<int=4, int=0>, cutlass::MatrixShape<int=0, int=0>, int=1>, cutlass::NumericArrayConverter<float, float, int=4, cutlass::FloatRoundStyle>, cutlass::NumericArrayConverter<float, float, int=4, cutlass::FloatRoundStyle>, bool>, cutlass::epilogue::threadblock::Epilogue<cutlass::gemm::GemmShape<int=128, int=128, int=8>, cutlass::gemm::warp::MmaSimt<cutlass::gemm::GemmShape<int=32, int=64, int=8>, float, cutlass::layout::ColumnMajor, float, cutlass::layout::RowMajor, float, cutlass::layout::RowMajor, cutlass::gemm::warp::MmaSimtPolicy<cutlass::MatrixShape<int=4, int=8>, cutlass::layout::RowMajorInterleaved<int=2>, cutlass::gemm::GemmShape<int=4, int=4, int=1>>, int=1, bool>, int=1, cutlass::epilogue::threadblock::PredicatedTileIterator<cutlass::epilogue::threadblock::OutputTileOptimalThreadMap<cutlass::epilogue::threadblock::OutputTileShape<int=128, int=1, int=4, int=4, int=1>, cutlass::epilogue::threadblock::OutputTileShape<int=1, int=4, int=2, int=1, int=8>, int=256, int=1, int=32>, float>, cutlass::epilogue::warp::FragmentIteratorSimt<cutlass::gemm::GemmShape<int=32, int=64, int=8>, cutlass::gemm::thread::Mma<cutlass::gemm::GemmShape<int=8, int=8, int=1>, float, cutlass::layout::ColumnMajor, float, cutlass::layout::RowMajor, float, cutlass::layout::RowMajor, cutlass::arch::OpMultiplyAdd, bool>, cutlass::layout::RowMajor, cutlass::gemm::warp::MmaSimtPolicy<cutlass::MatrixShape<int=4, int=8>, cutlass::layout::RowMajorInterleaved<int=2>, cutlass::gemm::GemmShape<int=4, int=4, int=1>>>, cutlass::epilogue::warp::TileIteratorSimt<cutlass::gemm::GemmShape<int=32, int=64, int=8>, cutlass::gemm::thread::Mma<cutlass::gemm::GemmShape<int=8, int=8, int=1>, float, cutlass::layout::ColumnMajor, float, cutlass::layout::RowMajor, float, cutlass::layout::RowMajor, cutlass::arch::OpMultiplyAdd, bool>, float, cutlass::layout::RowMajor, cutlass::gemm::warp::MmaSimtPolicy<cutlass::MatrixShape<int=4, int=8>, cutlass::layout::RowMajorInterleaved<int=2>, cutlass::gemm::GemmShape<int=4, int=4, int=1>>>, cutlass::epilogue::threadblock::SharedLoadIterator<cutlass::epilogue::threadblock::OutputTileOptimalThreadMap<cutlass::epilogue::threadblock::OutputTileShape<int=128, int=1, int=4, int=4, int=1>::CompactedThreadMap, cutlass::epilogue::threadblock::OutputTileShape<int=1, int=4, int=2, int=1, int=8>, int=256, int=1, int=32>, float, int=4>, cutlass::epilogue::thread::LinearCombination<float",18413
7.523510,0.001504,,,,,,,,,,112,71.018300,"Pageable","Device","Tesla V100-PCIE-32GB (0)","1","7","[CUDA memcpy HtoD]",18433
7.525389,0.020192,2048,1,1,384,1,1,16,0.000000,0.000000,,,,,"Tesla V100-PCIE-32GB (0)","1","7","void scal_kernel_val<double, double>(cublasScalParamsVal<double, double>)",18547
7.525840,8.077271,4,1597,1,256,1,1,124,0.000000,16.250000,,,,,"Tesla V100-PCIE-32GB (0)","1","7","void cutlass::Kernel<cutlass::gemm::kernel::Gemm<cutlass::gemm::threadblock::MmaPipelined<cutlass::gemm::GemmShape<int=128, int=128, int=8>, cutlass::transform::threadblock::PredicatedTileIterator<cutlass::MatrixShape<int=128, int=8>, float, cutlass::layout::RowMajor, int=1, cutlass::transform::PitchLinearStripminedThreadMap<cutlass::layout::PitchLinearShape<int=8, int=128>, int=256, int=1>, int=1>, cutlass::transform::threadblock::RegularTileIterator<cutlass::MatrixShape<int=128, int=8>, float, cutlass::layout::ColumnMajor, int=1, cutlass::transform::TransposePitchLinearThreadMapSimt<cutlass::transform::PitchLinearStripminedThreadMap<cutlass::layout::PitchLinearShape<int=8, int=128>, int=256, int=1>>, int=4>, cutlass::transform::threadblock::PredicatedTileIterator<cutlass::MatrixShape<int=8, int=128>, float, cutlass::layout::RowMajor, int=0, cutlass::transform::PitchLinearStripminedThreadMap<cutlass::layout::PitchLinearShape<int=128, int=8>, int=256, int=1>, int=1>, cutlass::transform::threadblock::RegularTileIterator<cutlass::MatrixShape<int=8, int=128>, float, cutlass::layout::RowMajor, int=0, cutlass::transform::PitchLinearStripminedThreadMap<cutlass::layout::PitchLinearShape<int=128, int=8>, int=256, int=1>, int=4>, float, cutlass::layout::RowMajor, cutlass::gemm::threadblock::MmaPolicy<cutlass::gemm::warp::MmaSimt<cutlass::gemm::GemmShape<int=32, int=64, int=8>, float, cutlass::layout::ColumnMajor, float, cutlass::layout::RowMajor, float, cutlass::layout::RowMajor, cutlass::gemm::warp::MmaSimtPolicy<cutlass::MatrixShape<int=4, int=8>, cutlass::layout::RowMajorInterleaved<int=2>, cutlass::gemm::GemmShape<int=4, int=4, int=1>>, int=1, bool>, cutlass::MatrixShape<int=4, int=0>, cutlass::MatrixShape<int=0, int=0>, int=1>, cutlass::NumericArrayConverter<float, float, int=4, cutlass::FloatRoundStyle>, cutlass::NumericArrayConverter<float, float, int=4, cutlass::FloatRoundStyle>, bool>, cutlass::epilogue::threadblock::Epilogue<cutlass::gemm::GemmShape<int=128, int=128, int=8>, cutlass::gemm::warp::MmaSimt<cutlass::gemm::GemmShape<int=32, int=64, int=8>, float, cutlass::layout::ColumnMajor, float, cutlass::layout::RowMajor, float, cutlass::layout::RowMajor, cutlass::gemm::warp::MmaSimtPolicy<cutlass::MatrixShape<int=4, int=8>, cutlass::layout::RowMajorInterleaved<int=2>, cutlass::gemm::GemmShape<int=4, int=4, int=1>>, int=1, bool>, int=1, cutlass::epilogue::threadblock::PredicatedTileIterator<cutlass::epilogue::threadblock::OutputTileOptimalThreadMap<cutlass::epilogue::threadblock::OutputTileShape<int=128, int=1, int=4, int=4, int=1>, cutlass::epilogue::threadblock::OutputTileShape<int=1, int=4, int=2, int=1, int=8>, int=256, int=1, int=32>, float>, cutlass::epilogue::warp::FragmentIteratorSimt<cutlass::gemm::GemmShape<int=32, int=64, int=8>, cutlass::gemm::thread::Mma<cutlass::gemm::GemmShape<int=8, int=8, int=1>, float, cutlass::layout::ColumnMajor, float, cutlass::layout::RowMajor, float, cutlass::layout::RowMajor, cutlass::arch::OpMultiplyAdd, bool>, cutlass::layout::RowMajor, cutlass::gemm::warp::MmaSimtPolicy<cutlass::MatrixShape<int=4, int=8>, cutlass::layout::RowMajorInterleaved<int=2>, cutlass::gemm::GemmShape<int=4, int=4, int=1>>>, cutlass::epilogue::warp::TileIteratorSimt<cutlass::gemm::GemmShape<int=32, int=64, int=8>, cutlass::gemm::thread::Mma<cutlass::gemm::GemmShape<int=8, int=8, int=1>, float, cutlass::layout::ColumnMajor, float, cutlass::layout::RowMajor, float, cutlass::layout::RowMajor, cutlass::arch::OpMultiplyAdd, bool>, float, cutlass::layout::RowMajor, cutlass::gemm::warp::MmaSimtPolicy<cutlass::MatrixShape<int=4, int=8>, cutlass::layout::RowMajorInterleaved<int=2>, cutlass::gemm::GemmShape<int=4, int=4, int=1>>>, cutlass::epilogue::threadblock::SharedLoadIterator<cutlass::epilogue::threadblock::OutputTileOptimalThreadMap<cutlass::epilogue::threadblock::OutputTileShape<int=128, int=1, int=4, int=4, int=1>::CompactedThreadMap, cutlass::epilogue::threadblock::OutputTileShape<int=1, int=4, int=2, int=1, int=8>, int=256, int=1, int=32>, float, int=4>, cutlass::epilogue::thread::LinearCombination<float",18576
7.533926,0.001504,,,,,,,,,,112,71.018300,"Pageable","Device","Tesla V100-PCIE-32GB (0)","1","7","[CUDA memcpy HtoD]",18596
7.534561,0.020352,2048,1,1,384,1,1,16,0.000000,0.000000,,,,,"Tesla V100-PCIE-32GB (0)","1","7","void scal_kernel_val<double, double>(cublasScalParamsVal<double, double>)",18710
7.535042,8.075415,4,1597,1,256,1,1,124,0.000000,16.250000,,,,,"Tesla V100-PCIE-32GB (0)","1","7","void cutlass::Kernel<cutlass::gemm::kernel::Gemm<cutlass::gemm::threadblock::MmaPipelined<cutlass::gemm::GemmShape<int=128, int=128, int=8>, cutlass::transform::threadblock::PredicatedTileIterator<cutlass::MatrixShape<int=128, int=8>, float, cutlass::layout::RowMajor, int=1, cutlass::transform::PitchLinearStripminedThreadMap<cutlass::layout::PitchLinearShape<int=8, int=128>, int=256, int=1>, int=1>, cutlass::transform::threadblock::RegularTileIterator<cutlass::MatrixShape<int=128, int=8>, float, cutlass::layout::ColumnMajor, int=1, cutlass::transform::TransposePitchLinearThreadMapSimt<cutlass::transform::PitchLinearStripminedThreadMap<cutlass::layout::PitchLinearShape<int=8, int=128>, int=256, int=1>>, int=4>, cutlass::transform::threadblock::PredicatedTileIterator<cutlass::MatrixShape<int=8, int=128>, float, cutlass::layout::RowMajor, int=0, cutlass::transform::PitchLinearStripminedThreadMap<cutlass::layout::PitchLinearShape<int=128, int=8>, int=256, int=1>, int=1>, cutlass::transform::threadblock::RegularTileIterator<cutlass::MatrixShape<int=8, int=128>, float, cutlass::layout::RowMajor, int=0, cutlass::transform::PitchLinearStripminedThreadMap<cutlass::layout::PitchLinearShape<int=128, int=8>, int=256, int=1>, int=4>, float, cutlass::layout::RowMajor, cutlass::gemm::threadblock::MmaPolicy<cutlass::gemm::warp::MmaSimt<cutlass::gemm::GemmShape<int=32, int=64, int=8>, float, cutlass::layout::ColumnMajor, float, cutlass::layout::RowMajor, float, cutlass::layout::RowMajor, cutlass::gemm::warp::MmaSimtPolicy<cutlass::MatrixShape<int=4, int=8>, cutlass::layout::RowMajorInterleaved<int=2>, cutlass::gemm::GemmShape<int=4, int=4, int=1>>, int=1, bool>, cutlass::MatrixShape<int=4, int=0>, cutlass::MatrixShape<int=0, int=0>, int=1>, cutlass::NumericArrayConverter<float, float, int=4, cutlass::FloatRoundStyle>, cutlass::NumericArrayConverter<float, float, int=4, cutlass::FloatRoundStyle>, bool>, cutlass::epilogue::threadblock::Epilogue<cutlass::gemm::GemmShape<int=128, int=128, int=8>, cutlass::gemm::warp::MmaSimt<cutlass::gemm::GemmShape<int=32, int=64, int=8>, float, cutlass::layout::ColumnMajor, float, cutlass::layout::RowMajor, float, cutlass::layout::RowMajor, cutlass::gemm::warp::MmaSimtPolicy<cutlass::MatrixShape<int=4, int=8>, cutlass::layout::RowMajorInterleaved<int=2>, cutlass::gemm::GemmShape<int=4, int=4, int=1>>, int=1, bool>, int=1, cutlass::epilogue::threadblock::PredicatedTileIterator<cutlass::epilogue::threadblock::OutputTileOptimalThreadMap<cutlass::epilogue::threadblock::OutputTileShape<int=128, int=1, int=4, int=4, int=1>, cutlass::epilogue::threadblock::OutputTileShape<int=1, int=4, int=2, int=1, int=8>, int=256, int=1, int=32>, float>, cutlass::epilogue::warp::FragmentIteratorSimt<cutlass::gemm::GemmShape<int=32, int=64, int=8>, cutlass::gemm::thread::Mma<cutlass::gemm::GemmShape<int=8, int=8, int=1>, float, cutlass::layout::ColumnMajor, float, cutlass::layout::RowMajor, float, cutlass::layout::RowMajor, cutlass::arch::OpMultiplyAdd, bool>, cutlass::layout::RowMajor, cutlass::gemm::warp::MmaSimtPolicy<cutlass::MatrixShape<int=4, int=8>, cutlass::layout::RowMajorInterleaved<int=2>, cutlass::gemm::GemmShape<int=4, int=4, int=1>>>, cutlass::epilogue::warp::TileIteratorSimt<cutlass::gemm::GemmShape<int=32, int=64, int=8>, cutlass::gemm::thread::Mma<cutlass::gemm::GemmShape<int=8, int=8, int=1>, float, cutlass::layout::ColumnMajor, float, cutlass::layout::RowMajor, float, cutlass::layout::RowMajor, cutlass::arch::OpMultiplyAdd, bool>, float, cutlass::layout::RowMajor, cutlass::gemm::warp::MmaSimtPolicy<cutlass::MatrixShape<int=4, int=8>, cutlass::layout::RowMajorInterleaved<int=2>, cutlass::gemm::GemmShape<int=4, int=4, int=1>>>, cutlass::epilogue::threadblock::SharedLoadIterator<cutlass::epilogue::threadblock::OutputTileOptimalThreadMap<cutlass::epilogue::threadblock::OutputTileShape<int=128, int=1, int=4, int=4, int=1>::CompactedThreadMap, cutlass::epilogue::threadblock::OutputTileShape<int=1, int=4, int=2, int=1, int=8>, int=256, int=1, int=32>, float, int=4>, cutlass::epilogue::thread::LinearCombination<float",18739
7.543126,0.001504,,,,,,,,,,112,71.018300,"Pageable","Device","Tesla V100-PCIE-32GB (0)","1","7","[CUDA memcpy HtoD]",18759
7.543763,0.020320,2048,1,1,384,1,1,16,0.000000,0.000000,,,,,"Tesla V100-PCIE-32GB (0)","1","7","void scal_kernel_val<double, double>(cublasScalParamsVal<double, double>)",18873
7.544188,8.078711,4,1597,1,256,1,1,124,0.000000,16.250000,,,,,"Tesla V100-PCIE-32GB (0)","1","7","void cutlass::Kernel<cutlass::gemm::kernel::Gemm<cutlass::gemm::threadblock::MmaPipelined<cutlass::gemm::GemmShape<int=128, int=128, int=8>, cutlass::transform::threadblock::PredicatedTileIterator<cutlass::MatrixShape<int=128, int=8>, float, cutlass::layout::RowMajor, int=1, cutlass::transform::PitchLinearStripminedThreadMap<cutlass::layout::PitchLinearShape<int=8, int=128>, int=256, int=1>, int=1>, cutlass::transform::threadblock::RegularTileIterator<cutlass::MatrixShape<int=128, int=8>, float, cutlass::layout::ColumnMajor, int=1, cutlass::transform::TransposePitchLinearThreadMapSimt<cutlass::transform::PitchLinearStripminedThreadMap<cutlass::layout::PitchLinearShape<int=8, int=128>, int=256, int=1>>, int=4>, cutlass::transform::threadblock::PredicatedTileIterator<cutlass::MatrixShape<int=8, int=128>, float, cutlass::layout::RowMajor, int=0, cutlass::transform::PitchLinearStripminedThreadMap<cutlass::layout::PitchLinearShape<int=128, int=8>, int=256, int=1>, int=1>, cutlass::transform::threadblock::RegularTileIterator<cutlass::MatrixShape<int=8, int=128>, float, cutlass::layout::RowMajor, int=0, cutlass::transform::PitchLinearStripminedThreadMap<cutlass::layout::PitchLinearShape<int=128, int=8>, int=256, int=1>, int=4>, float, cutlass::layout::RowMajor, cutlass::gemm::threadblock::MmaPolicy<cutlass::gemm::warp::MmaSimt<cutlass::gemm::GemmShape<int=32, int=64, int=8>, float, cutlass::layout::ColumnMajor, float, cutlass::layout::RowMajor, float, cutlass::layout::RowMajor, cutlass::gemm::warp::MmaSimtPolicy<cutlass::MatrixShape<int=4, int=8>, cutlass::layout::RowMajorInterleaved<int=2>, cutlass::gemm::GemmShape<int=4, int=4, int=1>>, int=1, bool>, cutlass::MatrixShape<int=4, int=0>, cutlass::MatrixShape<int=0, int=0>, int=1>, cutlass::NumericArrayConverter<float, float, int=4, cutlass::FloatRoundStyle>, cutlass::NumericArrayConverter<float, float, int=4, cutlass::FloatRoundStyle>, bool>, cutlass::epilogue::threadblock::Epilogue<cutlass::gemm::GemmShape<int=128, int=128, int=8>, cutlass::gemm::warp::MmaSimt<cutlass::gemm::GemmShape<int=32, int=64, int=8>, float, cutlass::layout::ColumnMajor, float, cutlass::layout::RowMajor, float, cutlass::layout::RowMajor, cutlass::gemm::warp::MmaSimtPolicy<cutlass::MatrixShape<int=4, int=8>, cutlass::layout::RowMajorInterleaved<int=2>, cutlass::gemm::GemmShape<int=4, int=4, int=1>>, int=1, bool>, int=1, cutlass::epilogue::threadblock::PredicatedTileIterator<cutlass::epilogue::threadblock::OutputTileOptimalThreadMap<cutlass::epilogue::threadblock::OutputTileShape<int=128, int=1, int=4, int=4, int=1>, cutlass::epilogue::threadblock::OutputTileShape<int=1, int=4, int=2, int=1, int=8>, int=256, int=1, int=32>, float>, cutlass::epilogue::warp::FragmentIteratorSimt<cutlass::gemm::GemmShape<int=32, int=64, int=8>, cutlass::gemm::thread::Mma<cutlass::gemm::GemmShape<int=8, int=8, int=1>, float, cutlass::layout::ColumnMajor, float, cutlass::layout::RowMajor, float, cutlass::layout::RowMajor, cutlass::arch::OpMultiplyAdd, bool>, cutlass::layout::RowMajor, cutlass::gemm::warp::MmaSimtPolicy<cutlass::MatrixShape<int=4, int=8>, cutlass::layout::RowMajorInterleaved<int=2>, cutlass::gemm::GemmShape<int=4, int=4, int=1>>>, cutlass::epilogue::warp::TileIteratorSimt<cutlass::gemm::GemmShape<int=32, int=64, int=8>, cutlass::gemm::thread::Mma<cutlass::gemm::GemmShape<int=8, int=8, int=1>, float, cutlass::layout::ColumnMajor, float, cutlass::layout::RowMajor, float, cutlass::layout::RowMajor, cutlass::arch::OpMultiplyAdd, bool>, float, cutlass::layout::RowMajor, cutlass::gemm::warp::MmaSimtPolicy<cutlass::MatrixShape<int=4, int=8>, cutlass::layout::RowMajorInterleaved<int=2>, cutlass::gemm::GemmShape<int=4, int=4, int=1>>>, cutlass::epilogue::threadblock::SharedLoadIterator<cutlass::epilogue::threadblock::OutputTileOptimalThreadMap<cutlass::epilogue::threadblock::OutputTileShape<int=128, int=1, int=4, int=4, int=1>::CompactedThreadMap, cutlass::epilogue::threadblock::OutputTileShape<int=1, int=4, int=2, int=1, int=8>, int=256, int=1, int=32>, float, int=4>, cutlass::epilogue::thread::LinearCombination<float",18902
7.552275,0.001504,,,,,,,,,,112,71.018300,"Pageable","Device","Tesla V100-PCIE-32GB (0)","1","7","[CUDA memcpy HtoD]",18922
7.552911,0.019807,2048,1,1,384,1,1,16,0.000000,0.000000,,,,,"Tesla V100-PCIE-32GB (0)","1","7","void scal_kernel_val<double, double>(cublasScalParamsVal<double, double>)",19036
7.553336,8.075446,4,1597,1,256,1,1,124,0.000000,16.250000,,,,,"Tesla V100-PCIE-32GB (0)","1","7","void cutlass::Kernel<cutlass::gemm::kernel::Gemm<cutlass::gemm::threadblock::MmaPipelined<cutlass::gemm::GemmShape<int=128, int=128, int=8>, cutlass::transform::threadblock::PredicatedTileIterator<cutlass::MatrixShape<int=128, int=8>, float, cutlass::layout::RowMajor, int=1, cutlass::transform::PitchLinearStripminedThreadMap<cutlass::layout::PitchLinearShape<int=8, int=128>, int=256, int=1>, int=1>, cutlass::transform::threadblock::RegularTileIterator<cutlass::MatrixShape<int=128, int=8>, float, cutlass::layout::ColumnMajor, int=1, cutlass::transform::TransposePitchLinearThreadMapSimt<cutlass::transform::PitchLinearStripminedThreadMap<cutlass::layout::PitchLinearShape<int=8, int=128>, int=256, int=1>>, int=4>, cutlass::transform::threadblock::PredicatedTileIterator<cutlass::MatrixShape<int=8, int=128>, float, cutlass::layout::RowMajor, int=0, cutlass::transform::PitchLinearStripminedThreadMap<cutlass::layout::PitchLinearShape<int=128, int=8>, int=256, int=1>, int=1>, cutlass::transform::threadblock::RegularTileIterator<cutlass::MatrixShape<int=8, int=128>, float, cutlass::layout::RowMajor, int=0, cutlass::transform::PitchLinearStripminedThreadMap<cutlass::layout::PitchLinearShape<int=128, int=8>, int=256, int=1>, int=4>, float, cutlass::layout::RowMajor, cutlass::gemm::threadblock::MmaPolicy<cutlass::gemm::warp::MmaSimt<cutlass::gemm::GemmShape<int=32, int=64, int=8>, float, cutlass::layout::ColumnMajor, float, cutlass::layout::RowMajor, float, cutlass::layout::RowMajor, cutlass::gemm::warp::MmaSimtPolicy<cutlass::MatrixShape<int=4, int=8>, cutlass::layout::RowMajorInterleaved<int=2>, cutlass::gemm::GemmShape<int=4, int=4, int=1>>, int=1, bool>, cutlass::MatrixShape<int=4, int=0>, cutlass::MatrixShape<int=0, int=0>, int=1>, cutlass::NumericArrayConverter<float, float, int=4, cutlass::FloatRoundStyle>, cutlass::NumericArrayConverter<float, float, int=4, cutlass::FloatRoundStyle>, bool>, cutlass::epilogue::threadblock::Epilogue<cutlass::gemm::GemmShape<int=128, int=128, int=8>, cutlass::gemm::warp::MmaSimt<cutlass::gemm::GemmShape<int=32, int=64, int=8>, float, cutlass::layout::ColumnMajor, float, cutlass::layout::RowMajor, float, cutlass::layout::RowMajor, cutlass::gemm::warp::MmaSimtPolicy<cutlass::MatrixShape<int=4, int=8>, cutlass::layout::RowMajorInterleaved<int=2>, cutlass::gemm::GemmShape<int=4, int=4, int=1>>, int=1, bool>, int=1, cutlass::epilogue::threadblock::PredicatedTileIterator<cutlass::epilogue::threadblock::OutputTileOptimalThreadMap<cutlass::epilogue::threadblock::OutputTileShape<int=128, int=1, int=4, int=4, int=1>, cutlass::epilogue::threadblock::OutputTileShape<int=1, int=4, int=2, int=1, int=8>, int=256, int=1, int=32>, float>, cutlass::epilogue::warp::FragmentIteratorSimt<cutlass::gemm::GemmShape<int=32, int=64, int=8>, cutlass::gemm::thread::Mma<cutlass::gemm::GemmShape<int=8, int=8, int=1>, float, cutlass::layout::ColumnMajor, float, cutlass::layout::RowMajor, float, cutlass::layout::RowMajor, cutlass::arch::OpMultiplyAdd, bool>, cutlass::layout::RowMajor, cutlass::gemm::warp::MmaSimtPolicy<cutlass::MatrixShape<int=4, int=8>, cutlass::layout::RowMajorInterleaved<int=2>, cutlass::gemm::GemmShape<int=4, int=4, int=1>>>, cutlass::epilogue::warp::TileIteratorSimt<cutlass::gemm::GemmShape<int=32, int=64, int=8>, cutlass::gemm::thread::Mma<cutlass::gemm::GemmShape<int=8, int=8, int=1>, float, cutlass::layout::ColumnMajor, float, cutlass::layout::RowMajor, float, cutlass::layout::RowMajor, cutlass::arch::OpMultiplyAdd, bool>, float, cutlass::layout::RowMajor, cutlass::gemm::warp::MmaSimtPolicy<cutlass::MatrixShape<int=4, int=8>, cutlass::layout::RowMajorInterleaved<int=2>, cutlass::gemm::GemmShape<int=4, int=4, int=1>>>, cutlass::epilogue::threadblock::SharedLoadIterator<cutlass::epilogue::threadblock::OutputTileOptimalThreadMap<cutlass::epilogue::threadblock::OutputTileShape<int=128, int=1, int=4, int=4, int=1>::CompactedThreadMap, cutlass::epilogue::threadblock::OutputTileShape<int=1, int=4, int=2, int=1, int=8>, int=256, int=1, int=32>, float, int=4>, cutlass::epilogue::thread::LinearCombination<float",19065
7.561420,0.001504,,,,,,,,,,112,71.018300,"Pageable","Device","Tesla V100-PCIE-32GB (0)","1","7","[CUDA memcpy HtoD]",19085
7.562055,0.020128,2048,1,1,384,1,1,16,0.000000,0.000000,,,,,"Tesla V100-PCIE-32GB (0)","1","7","void scal_kernel_val<double, double>(cublasScalParamsVal<double, double>)",19199
7.562480,8.080598,4,1597,1,256,1,1,124,0.000000,16.250000,,,,,"Tesla V100-PCIE-32GB (0)","1","7","void cutlass::Kernel<cutlass::gemm::kernel::Gemm<cutlass::gemm::threadblock::MmaPipelined<cutlass::gemm::GemmShape<int=128, int=128, int=8>, cutlass::transform::threadblock::PredicatedTileIterator<cutlass::MatrixShape<int=128, int=8>, float, cutlass::layout::RowMajor, int=1, cutlass::transform::PitchLinearStripminedThreadMap<cutlass::layout::PitchLinearShape<int=8, int=128>, int=256, int=1>, int=1>, cutlass::transform::threadblock::RegularTileIterator<cutlass::MatrixShape<int=128, int=8>, float, cutlass::layout::ColumnMajor, int=1, cutlass::transform::TransposePitchLinearThreadMapSimt<cutlass::transform::PitchLinearStripminedThreadMap<cutlass::layout::PitchLinearShape<int=8, int=128>, int=256, int=1>>, int=4>, cutlass::transform::threadblock::PredicatedTileIterator<cutlass::MatrixShape<int=8, int=128>, float, cutlass::layout::RowMajor, int=0, cutlass::transform::PitchLinearStripminedThreadMap<cutlass::layout::PitchLinearShape<int=128, int=8>, int=256, int=1>, int=1>, cutlass::transform::threadblock::RegularTileIterator<cutlass::MatrixShape<int=8, int=128>, float, cutlass::layout::RowMajor, int=0, cutlass::transform::PitchLinearStripminedThreadMap<cutlass::layout::PitchLinearShape<int=128, int=8>, int=256, int=1>, int=4>, float, cutlass::layout::RowMajor, cutlass::gemm::threadblock::MmaPolicy<cutlass::gemm::warp::MmaSimt<cutlass::gemm::GemmShape<int=32, int=64, int=8>, float, cutlass::layout::ColumnMajor, float, cutlass::layout::RowMajor, float, cutlass::layout::RowMajor, cutlass::gemm::warp::MmaSimtPolicy<cutlass::MatrixShape<int=4, int=8>, cutlass::layout::RowMajorInterleaved<int=2>, cutlass::gemm::GemmShape<int=4, int=4, int=1>>, int=1, bool>, cutlass::MatrixShape<int=4, int=0>, cutlass::MatrixShape<int=0, int=0>, int=1>, cutlass::NumericArrayConverter<float, float, int=4, cutlass::FloatRoundStyle>, cutlass::NumericArrayConverter<float, float, int=4, cutlass::FloatRoundStyle>, bool>, cutlass::epilogue::threadblock::Epilogue<cutlass::gemm::GemmShape<int=128, int=128, int=8>, cutlass::gemm::warp::MmaSimt<cutlass::gemm::GemmShape<int=32, int=64, int=8>, float, cutlass::layout::ColumnMajor, float, cutlass::layout::RowMajor, float, cutlass::layout::RowMajor, cutlass::gemm::warp::MmaSimtPolicy<cutlass::MatrixShape<int=4, int=8>, cutlass::layout::RowMajorInterleaved<int=2>, cutlass::gemm::GemmShape<int=4, int=4, int=1>>, int=1, bool>, int=1, cutlass::epilogue::threadblock::PredicatedTileIterator<cutlass::epilogue::threadblock::OutputTileOptimalThreadMap<cutlass::epilogue::threadblock::OutputTileShape<int=128, int=1, int=4, int=4, int=1>, cutlass::epilogue::threadblock::OutputTileShape<int=1, int=4, int=2, int=1, int=8>, int=256, int=1, int=32>, float>, cutlass::epilogue::warp::FragmentIteratorSimt<cutlass::gemm::GemmShape<int=32, int=64, int=8>, cutlass::gemm::thread::Mma<cutlass::gemm::GemmShape<int=8, int=8, int=1>, float, cutlass::layout::ColumnMajor, float, cutlass::layout::RowMajor, float, cutlass::layout::RowMajor, cutlass::arch::OpMultiplyAdd, bool>, cutlass::layout::RowMajor, cutlass::gemm::warp::MmaSimtPolicy<cutlass::MatrixShape<int=4, int=8>, cutlass::layout::RowMajorInterleaved<int=2>, cutlass::gemm::GemmShape<int=4, int=4, int=1>>>, cutlass::epilogue::warp::TileIteratorSimt<cutlass::gemm::GemmShape<int=32, int=64, int=8>, cutlass::gemm::thread::Mma<cutlass::gemm::GemmShape<int=8, int=8, int=1>, float, cutlass::layout::ColumnMajor, float, cutlass::layout::RowMajor, float, cutlass::layout::RowMajor, cutlass::arch::OpMultiplyAdd, bool>, float, cutlass::layout::RowMajor, cutlass::gemm::warp::MmaSimtPolicy<cutlass::MatrixShape<int=4, int=8>, cutlass::layout::RowMajorInterleaved<int=2>, cutlass::gemm::GemmShape<int=4, int=4, int=1>>>, cutlass::epilogue::threadblock::SharedLoadIterator<cutlass::epilogue::threadblock::OutputTileOptimalThreadMap<cutlass::epilogue::threadblock::OutputTileShape<int=128, int=1, int=4, int=4, int=1>::CompactedThreadMap, cutlass::epilogue::threadblock::OutputTileShape<int=1, int=4, int=2, int=1, int=8>, int=256, int=1, int=32>, float, int=4>, cutlass::epilogue::thread::LinearCombination<float",19228
7.570569,0.001472,,,,,,,,,,112,72.562176,"Pageable","Device","Tesla V100-PCIE-32GB (0)","1","7","[CUDA memcpy HtoD]",19248
7.571208,0.019584,2048,1,1,384,1,1,16,0.000000,0.000000,,,,,"Tesla V100-PCIE-32GB (0)","1","7","void scal_kernel_val<double, double>(cublasScalParamsVal<double, double>)",19362
7.571634,8.079703,4,1597,1,256,1,1,124,0.000000,16.250000,,,,,"Tesla V100-PCIE-32GB (0)","1","7","void cutlass::Kernel<cutlass::gemm::kernel::Gemm<cutlass::gemm::threadblock::MmaPipelined<cutlass::gemm::GemmShape<int=128, int=128, int=8>, cutlass::transform::threadblock::PredicatedTileIterator<cutlass::MatrixShape<int=128, int=8>, float, cutlass::layout::RowMajor, int=1, cutlass::transform::PitchLinearStripminedThreadMap<cutlass::layout::PitchLinearShape<int=8, int=128>, int=256, int=1>, int=1>, cutlass::transform::threadblock::RegularTileIterator<cutlass::MatrixShape<int=128, int=8>, float, cutlass::layout::ColumnMajor, int=1, cutlass::transform::TransposePitchLinearThreadMapSimt<cutlass::transform::PitchLinearStripminedThreadMap<cutlass::layout::PitchLinearShape<int=8, int=128>, int=256, int=1>>, int=4>, cutlass::transform::threadblock::PredicatedTileIterator<cutlass::MatrixShape<int=8, int=128>, float, cutlass::layout::RowMajor, int=0, cutlass::transform::PitchLinearStripminedThreadMap<cutlass::layout::PitchLinearShape<int=128, int=8>, int=256, int=1>, int=1>, cutlass::transform::threadblock::RegularTileIterator<cutlass::MatrixShape<int=8, int=128>, float, cutlass::layout::RowMajor, int=0, cutlass::transform::PitchLinearStripminedThreadMap<cutlass::layout::PitchLinearShape<int=128, int=8>, int=256, int=1>, int=4>, float, cutlass::layout::RowMajor, cutlass::gemm::threadblock::MmaPolicy<cutlass::gemm::warp::MmaSimt<cutlass::gemm::GemmShape<int=32, int=64, int=8>, float, cutlass::layout::ColumnMajor, float, cutlass::layout::RowMajor, float, cutlass::layout::RowMajor, cutlass::gemm::warp::MmaSimtPolicy<cutlass::MatrixShape<int=4, int=8>, cutlass::layout::RowMajorInterleaved<int=2>, cutlass::gemm::GemmShape<int=4, int=4, int=1>>, int=1, bool>, cutlass::MatrixShape<int=4, int=0>, cutlass::MatrixShape<int=0, int=0>, int=1>, cutlass::NumericArrayConverter<float, float, int=4, cutlass::FloatRoundStyle>, cutlass::NumericArrayConverter<float, float, int=4, cutlass::FloatRoundStyle>, bool>, cutlass::epilogue::threadblock::Epilogue<cutlass::gemm::GemmShape<int=128, int=128, int=8>, cutlass::gemm::warp::MmaSimt<cutlass::gemm::GemmShape<int=32, int=64, int=8>, float, cutlass::layout::ColumnMajor, float, cutlass::layout::RowMajor, float, cutlass::layout::RowMajor, cutlass::gemm::warp::MmaSimtPolicy<cutlass::MatrixShape<int=4, int=8>, cutlass::layout::RowMajorInterleaved<int=2>, cutlass::gemm::GemmShape<int=4, int=4, int=1>>, int=1, bool>, int=1, cutlass::epilogue::threadblock::PredicatedTileIterator<cutlass::epilogue::threadblock::OutputTileOptimalThreadMap<cutlass::epilogue::threadblock::OutputTileShape<int=128, int=1, int=4, int=4, int=1>, cutlass::epilogue::threadblock::OutputTileShape<int=1, int=4, int=2, int=1, int=8>, int=256, int=1, int=32>, float>, cutlass::epilogue::warp::FragmentIteratorSimt<cutlass::gemm::GemmShape<int=32, int=64, int=8>, cutlass::gemm::thread::Mma<cutlass::gemm::GemmShape<int=8, int=8, int=1>, float, cutlass::layout::ColumnMajor, float, cutlass::layout::RowMajor, float, cutlass::layout::RowMajor, cutlass::arch::OpMultiplyAdd, bool>, cutlass::layout::RowMajor, cutlass::gemm::warp::MmaSimtPolicy<cutlass::MatrixShape<int=4, int=8>, cutlass::layout::RowMajorInterleaved<int=2>, cutlass::gemm::GemmShape<int=4, int=4, int=1>>>, cutlass::epilogue::warp::TileIteratorSimt<cutlass::gemm::GemmShape<int=32, int=64, int=8>, cutlass::gemm::thread::Mma<cutlass::gemm::GemmShape<int=8, int=8, int=1>, float, cutlass::layout::ColumnMajor, float, cutlass::layout::RowMajor, float, cutlass::layout::RowMajor, cutlass::arch::OpMultiplyAdd, bool>, float, cutlass::layout::RowMajor, cutlass::gemm::warp::MmaSimtPolicy<cutlass::MatrixShape<int=4, int=8>, cutlass::layout::RowMajorInterleaved<int=2>, cutlass::gemm::GemmShape<int=4, int=4, int=1>>>, cutlass::epilogue::threadblock::SharedLoadIterator<cutlass::epilogue::threadblock::OutputTileOptimalThreadMap<cutlass::epilogue::threadblock::OutputTileShape<int=128, int=1, int=4, int=4, int=1>::CompactedThreadMap, cutlass::epilogue::threadblock::OutputTileShape<int=1, int=4, int=2, int=1, int=8>, int=256, int=1, int=32>, float, int=4>, cutlass::epilogue::thread::LinearCombination<float",19391
7.579723,0.001472,,,,,,,,,,112,72.562176,"Pageable","Device","Tesla V100-PCIE-32GB (0)","1","7","[CUDA memcpy HtoD]",19411
7.580352,0.020192,2048,1,1,384,1,1,16,0.000000,0.000000,,,,,"Tesla V100-PCIE-32GB (0)","1","7","void scal_kernel_val<double, double>(cublasScalParamsVal<double, double>)",19525
7.580781,8.077494,4,1597,1,256,1,1,124,0.000000,16.250000,,,,,"Tesla V100-PCIE-32GB (0)","1","7","void cutlass::Kernel<cutlass::gemm::kernel::Gemm<cutlass::gemm::threadblock::MmaPipelined<cutlass::gemm::GemmShape<int=128, int=128, int=8>, cutlass::transform::threadblock::PredicatedTileIterator<cutlass::MatrixShape<int=128, int=8>, float, cutlass::layout::RowMajor, int=1, cutlass::transform::PitchLinearStripminedThreadMap<cutlass::layout::PitchLinearShape<int=8, int=128>, int=256, int=1>, int=1>, cutlass::transform::threadblock::RegularTileIterator<cutlass::MatrixShape<int=128, int=8>, float, cutlass::layout::ColumnMajor, int=1, cutlass::transform::TransposePitchLinearThreadMapSimt<cutlass::transform::PitchLinearStripminedThreadMap<cutlass::layout::PitchLinearShape<int=8, int=128>, int=256, int=1>>, int=4>, cutlass::transform::threadblock::PredicatedTileIterator<cutlass::MatrixShape<int=8, int=128>, float, cutlass::layout::RowMajor, int=0, cutlass::transform::PitchLinearStripminedThreadMap<cutlass::layout::PitchLinearShape<int=128, int=8>, int=256, int=1>, int=1>, cutlass::transform::threadblock::RegularTileIterator<cutlass::MatrixShape<int=8, int=128>, float, cutlass::layout::RowMajor, int=0, cutlass::transform::PitchLinearStripminedThreadMap<cutlass::layout::PitchLinearShape<int=128, int=8>, int=256, int=1>, int=4>, float, cutlass::layout::RowMajor, cutlass::gemm::threadblock::MmaPolicy<cutlass::gemm::warp::MmaSimt<cutlass::gemm::GemmShape<int=32, int=64, int=8>, float, cutlass::layout::ColumnMajor, float, cutlass::layout::RowMajor, float, cutlass::layout::RowMajor, cutlass::gemm::warp::MmaSimtPolicy<cutlass::MatrixShape<int=4, int=8>, cutlass::layout::RowMajorInterleaved<int=2>, cutlass::gemm::GemmShape<int=4, int=4, int=1>>, int=1, bool>, cutlass::MatrixShape<int=4, int=0>, cutlass::MatrixShape<int=0, int=0>, int=1>, cutlass::NumericArrayConverter<float, float, int=4, cutlass::FloatRoundStyle>, cutlass::NumericArrayConverter<float, float, int=4, cutlass::FloatRoundStyle>, bool>, cutlass::epilogue::threadblock::Epilogue<cutlass::gemm::GemmShape<int=128, int=128, int=8>, cutlass::gemm::warp::MmaSimt<cutlass::gemm::GemmShape<int=32, int=64, int=8>, float, cutlass::layout::ColumnMajor, float, cutlass::layout::RowMajor, float, cutlass::layout::RowMajor, cutlass::gemm::warp::MmaSimtPolicy<cutlass::MatrixShape<int=4, int=8>, cutlass::layout::RowMajorInterleaved<int=2>, cutlass::gemm::GemmShape<int=4, int=4, int=1>>, int=1, bool>, int=1, cutlass::epilogue::threadblock::PredicatedTileIterator<cutlass::epilogue::threadblock::OutputTileOptimalThreadMap<cutlass::epilogue::threadblock::OutputTileShape<int=128, int=1, int=4, int=4, int=1>, cutlass::epilogue::threadblock::OutputTileShape<int=1, int=4, int=2, int=1, int=8>, int=256, int=1, int=32>, float>, cutlass::epilogue::warp::FragmentIteratorSimt<cutlass::gemm::GemmShape<int=32, int=64, int=8>, cutlass::gemm::thread::Mma<cutlass::gemm::GemmShape<int=8, int=8, int=1>, float, cutlass::layout::ColumnMajor, float, cutlass::layout::RowMajor, float, cutlass::layout::RowMajor, cutlass::arch::OpMultiplyAdd, bool>, cutlass::layout::RowMajor, cutlass::gemm::warp::MmaSimtPolicy<cutlass::MatrixShape<int=4, int=8>, cutlass::layout::RowMajorInterleaved<int=2>, cutlass::gemm::GemmShape<int=4, int=4, int=1>>>, cutlass::epilogue::warp::TileIteratorSimt<cutlass::gemm::GemmShape<int=32, int=64, int=8>, cutlass::gemm::thread::Mma<cutlass::gemm::GemmShape<int=8, int=8, int=1>, float, cutlass::layout::ColumnMajor, float, cutlass::layout::RowMajor, float, cutlass::layout::RowMajor, cutlass::arch::OpMultiplyAdd, bool>, float, cutlass::layout::RowMajor, cutlass::gemm::warp::MmaSimtPolicy<cutlass::MatrixShape<int=4, int=8>, cutlass::layout::RowMajorInterleaved<int=2>, cutlass::gemm::GemmShape<int=4, int=4, int=1>>>, cutlass::epilogue::threadblock::SharedLoadIterator<cutlass::epilogue::threadblock::OutputTileOptimalThreadMap<cutlass::epilogue::threadblock::OutputTileShape<int=128, int=1, int=4, int=4, int=1>::CompactedThreadMap, cutlass::epilogue::threadblock::OutputTileShape<int=1, int=4, int=2, int=1, int=8>, int=256, int=1, int=32>, float, int=4>, cutlass::epilogue::thread::LinearCombination<float",19554
7.588867,0.001504,,,,,,,,,,112,71.018300,"Pageable","Device","Tesla V100-PCIE-32GB (0)","1","7","[CUDA memcpy HtoD]",19574
7.589502,0.019744,2048,1,1,384,1,1,16,0.000000,0.000000,,,,,"Tesla V100-PCIE-32GB (0)","1","7","void scal_kernel_val<double, double>(cublasScalParamsVal<double, double>)",19688
7.589941,8.078455,4,1597,1,256,1,1,124,0.000000,16.250000,,,,,"Tesla V100-PCIE-32GB (0)","1","7","void cutlass::Kernel<cutlass::gemm::kernel::Gemm<cutlass::gemm::threadblock::MmaPipelined<cutlass::gemm::GemmShape<int=128, int=128, int=8>, cutlass::transform::threadblock::PredicatedTileIterator<cutlass::MatrixShape<int=128, int=8>, float, cutlass::layout::RowMajor, int=1, cutlass::transform::PitchLinearStripminedThreadMap<cutlass::layout::PitchLinearShape<int=8, int=128>, int=256, int=1>, int=1>, cutlass::transform::threadblock::RegularTileIterator<cutlass::MatrixShape<int=128, int=8>, float, cutlass::layout::ColumnMajor, int=1, cutlass::transform::TransposePitchLinearThreadMapSimt<cutlass::transform::PitchLinearStripminedThreadMap<cutlass::layout::PitchLinearShape<int=8, int=128>, int=256, int=1>>, int=4>, cutlass::transform::threadblock::PredicatedTileIterator<cutlass::MatrixShape<int=8, int=128>, float, cutlass::layout::RowMajor, int=0, cutlass::transform::PitchLinearStripminedThreadMap<cutlass::layout::PitchLinearShape<int=128, int=8>, int=256, int=1>, int=1>, cutlass::transform::threadblock::RegularTileIterator<cutlass::MatrixShape<int=8, int=128>, float, cutlass::layout::RowMajor, int=0, cutlass::transform::PitchLinearStripminedThreadMap<cutlass::layout::PitchLinearShape<int=128, int=8>, int=256, int=1>, int=4>, float, cutlass::layout::RowMajor, cutlass::gemm::threadblock::MmaPolicy<cutlass::gemm::warp::MmaSimt<cutlass::gemm::GemmShape<int=32, int=64, int=8>, float, cutlass::layout::ColumnMajor, float, cutlass::layout::RowMajor, float, cutlass::layout::RowMajor, cutlass::gemm::warp::MmaSimtPolicy<cutlass::MatrixShape<int=4, int=8>, cutlass::layout::RowMajorInterleaved<int=2>, cutlass::gemm::GemmShape<int=4, int=4, int=1>>, int=1, bool>, cutlass::MatrixShape<int=4, int=0>, cutlass::MatrixShape<int=0, int=0>, int=1>, cutlass::NumericArrayConverter<float, float, int=4, cutlass::FloatRoundStyle>, cutlass::NumericArrayConverter<float, float, int=4, cutlass::FloatRoundStyle>, bool>, cutlass::epilogue::threadblock::Epilogue<cutlass::gemm::GemmShape<int=128, int=128, int=8>, cutlass::gemm::warp::MmaSimt<cutlass::gemm::GemmShape<int=32, int=64, int=8>, float, cutlass::layout::ColumnMajor, float, cutlass::layout::RowMajor, float, cutlass::layout::RowMajor, cutlass::gemm::warp::MmaSimtPolicy<cutlass::MatrixShape<int=4, int=8>, cutlass::layout::RowMajorInterleaved<int=2>, cutlass::gemm::GemmShape<int=4, int=4, int=1>>, int=1, bool>, int=1, cutlass::epilogue::threadblock::PredicatedTileIterator<cutlass::epilogue::threadblock::OutputTileOptimalThreadMap<cutlass::epilogue::threadblock::OutputTileShape<int=128, int=1, int=4, int=4, int=1>, cutlass::epilogue::threadblock::OutputTileShape<int=1, int=4, int=2, int=1, int=8>, int=256, int=1, int=32>, float>, cutlass::epilogue::warp::FragmentIteratorSimt<cutlass::gemm::GemmShape<int=32, int=64, int=8>, cutlass::gemm::thread::Mma<cutlass::gemm::GemmShape<int=8, int=8, int=1>, float, cutlass::layout::ColumnMajor, float, cutlass::layout::RowMajor, float, cutlass::layout::RowMajor, cutlass::arch::OpMultiplyAdd, bool>, cutlass::layout::RowMajor, cutlass::gemm::warp::MmaSimtPolicy<cutlass::MatrixShape<int=4, int=8>, cutlass::layout::RowMajorInterleaved<int=2>, cutlass::gemm::GemmShape<int=4, int=4, int=1>>>, cutlass::epilogue::warp::TileIteratorSimt<cutlass::gemm::GemmShape<int=32, int=64, int=8>, cutlass::gemm::thread::Mma<cutlass::gemm::GemmShape<int=8, int=8, int=1>, float, cutlass::layout::ColumnMajor, float, cutlass::layout::RowMajor, float, cutlass::layout::RowMajor, cutlass::arch::OpMultiplyAdd, bool>, float, cutlass::layout::RowMajor, cutlass::gemm::warp::MmaSimtPolicy<cutlass::MatrixShape<int=4, int=8>, cutlass::layout::RowMajorInterleaved<int=2>, cutlass::gemm::GemmShape<int=4, int=4, int=1>>>, cutlass::epilogue::threadblock::SharedLoadIterator<cutlass::epilogue::threadblock::OutputTileOptimalThreadMap<cutlass::epilogue::threadblock::OutputTileShape<int=128, int=1, int=4, int=4, int=1>::CompactedThreadMap, cutlass::epilogue::threadblock::OutputTileShape<int=1, int=4, int=2, int=1, int=8>, int=256, int=1, int=32>, float, int=4>, cutlass::epilogue::thread::LinearCombination<float",19717
7.598028,0.001504,,,,,,,,,,112,71.018300,"Pageable","Device","Tesla V100-PCIE-32GB (0)","1","7","[CUDA memcpy HtoD]",19737
7.598665,0.020128,2048,1,1,384,1,1,16,0.000000,0.000000,,,,,"Tesla V100-PCIE-32GB (0)","1","7","void scal_kernel_val<double, double>(cublasScalParamsVal<double, double>)",19851
7.603008,8.081591,4,1597,1,256,1,1,124,0.000000,16.250000,,,,,"Tesla V100-PCIE-32GB (0)","1","7","void cutlass::Kernel<cutlass::gemm::kernel::Gemm<cutlass::gemm::threadblock::MmaPipelined<cutlass::gemm::GemmShape<int=128, int=128, int=8>, cutlass::transform::threadblock::PredicatedTileIterator<cutlass::MatrixShape<int=128, int=8>, float, cutlass::layout::RowMajor, int=1, cutlass::transform::PitchLinearStripminedThreadMap<cutlass::layout::PitchLinearShape<int=8, int=128>, int=256, int=1>, int=1>, cutlass::transform::threadblock::RegularTileIterator<cutlass::MatrixShape<int=128, int=8>, float, cutlass::layout::ColumnMajor, int=1, cutlass::transform::TransposePitchLinearThreadMapSimt<cutlass::transform::PitchLinearStripminedThreadMap<cutlass::layout::PitchLinearShape<int=8, int=128>, int=256, int=1>>, int=4>, cutlass::transform::threadblock::PredicatedTileIterator<cutlass::MatrixShape<int=8, int=128>, float, cutlass::layout::RowMajor, int=0, cutlass::transform::PitchLinearStripminedThreadMap<cutlass::layout::PitchLinearShape<int=128, int=8>, int=256, int=1>, int=1>, cutlass::transform::threadblock::RegularTileIterator<cutlass::MatrixShape<int=8, int=128>, float, cutlass::layout::RowMajor, int=0, cutlass::transform::PitchLinearStripminedThreadMap<cutlass::layout::PitchLinearShape<int=128, int=8>, int=256, int=1>, int=4>, float, cutlass::layout::RowMajor, cutlass::gemm::threadblock::MmaPolicy<cutlass::gemm::warp::MmaSimt<cutlass::gemm::GemmShape<int=32, int=64, int=8>, float, cutlass::layout::ColumnMajor, float, cutlass::layout::RowMajor, float, cutlass::layout::RowMajor, cutlass::gemm::warp::MmaSimtPolicy<cutlass::MatrixShape<int=4, int=8>, cutlass::layout::RowMajorInterleaved<int=2>, cutlass::gemm::GemmShape<int=4, int=4, int=1>>, int=1, bool>, cutlass::MatrixShape<int=4, int=0>, cutlass::MatrixShape<int=0, int=0>, int=1>, cutlass::NumericArrayConverter<float, float, int=4, cutlass::FloatRoundStyle>, cutlass::NumericArrayConverter<float, float, int=4, cutlass::FloatRoundStyle>, bool>, cutlass::epilogue::threadblock::Epilogue<cutlass::gemm::GemmShape<int=128, int=128, int=8>, cutlass::gemm::warp::MmaSimt<cutlass::gemm::GemmShape<int=32, int=64, int=8>, float, cutlass::layout::ColumnMajor, float, cutlass::layout::RowMajor, float, cutlass::layout::RowMajor, cutlass::gemm::warp::MmaSimtPolicy<cutlass::MatrixShape<int=4, int=8>, cutlass::layout::RowMajorInterleaved<int=2>, cutlass::gemm::GemmShape<int=4, int=4, int=1>>, int=1, bool>, int=1, cutlass::epilogue::threadblock::PredicatedTileIterator<cutlass::epilogue::threadblock::OutputTileOptimalThreadMap<cutlass::epilogue::threadblock::OutputTileShape<int=128, int=1, int=4, int=4, int=1>, cutlass::epilogue::threadblock::OutputTileShape<int=1, int=4, int=2, int=1, int=8>, int=256, int=1, int=32>, float>, cutlass::epilogue::warp::FragmentIteratorSimt<cutlass::gemm::GemmShape<int=32, int=64, int=8>, cutlass::gemm::thread::Mma<cutlass::gemm::GemmShape<int=8, int=8, int=1>, float, cutlass::layout::ColumnMajor, float, cutlass::layout::RowMajor, float, cutlass::layout::RowMajor, cutlass::arch::OpMultiplyAdd, bool>, cutlass::layout::RowMajor, cutlass::gemm::warp::MmaSimtPolicy<cutlass::MatrixShape<int=4, int=8>, cutlass::layout::RowMajorInterleaved<int=2>, cutlass::gemm::GemmShape<int=4, int=4, int=1>>>, cutlass::epilogue::warp::TileIteratorSimt<cutlass::gemm::GemmShape<int=32, int=64, int=8>, cutlass::gemm::thread::Mma<cutlass::gemm::GemmShape<int=8, int=8, int=1>, float, cutlass::layout::ColumnMajor, float, cutlass::layout::RowMajor, float, cutlass::layout::RowMajor, cutlass::arch::OpMultiplyAdd, bool>, float, cutlass::layout::RowMajor, cutlass::gemm::warp::MmaSimtPolicy<cutlass::MatrixShape<int=4, int=8>, cutlass::layout::RowMajorInterleaved<int=2>, cutlass::gemm::GemmShape<int=4, int=4, int=1>>>, cutlass::epilogue::threadblock::SharedLoadIterator<cutlass::epilogue::threadblock::OutputTileOptimalThreadMap<cutlass::epilogue::threadblock::OutputTileShape<int=128, int=1, int=4, int=4, int=1>::CompactedThreadMap, cutlass::epilogue::threadblock::OutputTileShape<int=1, int=4, int=2, int=1, int=8>, int=256, int=1, int=32>, float, int=4>, cutlass::epilogue::thread::LinearCombination<float",19880
7.611099,0.001472,,,,,,,,,,112,72.562176,"Pageable","Device","Tesla V100-PCIE-32GB (0)","1","7","[CUDA memcpy HtoD]",19900
7.611745,0.020064,2048,1,1,384,1,1,16,0.000000,0.000000,,,,,"Tesla V100-PCIE-32GB (0)","1","7","void scal_kernel_val<double, double>(cublasScalParamsVal<double, double>)",20014
7.612172,8.079478,4,1597,1,256,1,1,124,0.000000,16.250000,,,,,"Tesla V100-PCIE-32GB (0)","1","7","void cutlass::Kernel<cutlass::gemm::kernel::Gemm<cutlass::gemm::threadblock::MmaPipelined<cutlass::gemm::GemmShape<int=128, int=128, int=8>, cutlass::transform::threadblock::PredicatedTileIterator<cutlass::MatrixShape<int=128, int=8>, float, cutlass::layout::RowMajor, int=1, cutlass::transform::PitchLinearStripminedThreadMap<cutlass::layout::PitchLinearShape<int=8, int=128>, int=256, int=1>, int=1>, cutlass::transform::threadblock::RegularTileIterator<cutlass::MatrixShape<int=128, int=8>, float, cutlass::layout::ColumnMajor, int=1, cutlass::transform::TransposePitchLinearThreadMapSimt<cutlass::transform::PitchLinearStripminedThreadMap<cutlass::layout::PitchLinearShape<int=8, int=128>, int=256, int=1>>, int=4>, cutlass::transform::threadblock::PredicatedTileIterator<cutlass::MatrixShape<int=8, int=128>, float, cutlass::layout::RowMajor, int=0, cutlass::transform::PitchLinearStripminedThreadMap<cutlass::layout::PitchLinearShape<int=128, int=8>, int=256, int=1>, int=1>, cutlass::transform::threadblock::RegularTileIterator<cutlass::MatrixShape<int=8, int=128>, float, cutlass::layout::RowMajor, int=0, cutlass::transform::PitchLinearStripminedThreadMap<cutlass::layout::PitchLinearShape<int=128, int=8>, int=256, int=1>, int=4>, float, cutlass::layout::RowMajor, cutlass::gemm::threadblock::MmaPolicy<cutlass::gemm::warp::MmaSimt<cutlass::gemm::GemmShape<int=32, int=64, int=8>, float, cutlass::layout::ColumnMajor, float, cutlass::layout::RowMajor, float, cutlass::layout::RowMajor, cutlass::gemm::warp::MmaSimtPolicy<cutlass::MatrixShape<int=4, int=8>, cutlass::layout::RowMajorInterleaved<int=2>, cutlass::gemm::GemmShape<int=4, int=4, int=1>>, int=1, bool>, cutlass::MatrixShape<int=4, int=0>, cutlass::MatrixShape<int=0, int=0>, int=1>, cutlass::NumericArrayConverter<float, float, int=4, cutlass::FloatRoundStyle>, cutlass::NumericArrayConverter<float, float, int=4, cutlass::FloatRoundStyle>, bool>, cutlass::epilogue::threadblock::Epilogue<cutlass::gemm::GemmShape<int=128, int=128, int=8>, cutlass::gemm::warp::MmaSimt<cutlass::gemm::GemmShape<int=32, int=64, int=8>, float, cutlass::layout::ColumnMajor, float, cutlass::layout::RowMajor, float, cutlass::layout::RowMajor, cutlass::gemm::warp::MmaSimtPolicy<cutlass::MatrixShape<int=4, int=8>, cutlass::layout::RowMajorInterleaved<int=2>, cutlass::gemm::GemmShape<int=4, int=4, int=1>>, int=1, bool>, int=1, cutlass::epilogue::threadblock::PredicatedTileIterator<cutlass::epilogue::threadblock::OutputTileOptimalThreadMap<cutlass::epilogue::threadblock::OutputTileShape<int=128, int=1, int=4, int=4, int=1>, cutlass::epilogue::threadblock::OutputTileShape<int=1, int=4, int=2, int=1, int=8>, int=256, int=1, int=32>, float>, cutlass::epilogue::warp::FragmentIteratorSimt<cutlass::gemm::GemmShape<int=32, int=64, int=8>, cutlass::gemm::thread::Mma<cutlass::gemm::GemmShape<int=8, int=8, int=1>, float, cutlass::layout::ColumnMajor, float, cutlass::layout::RowMajor, float, cutlass::layout::RowMajor, cutlass::arch::OpMultiplyAdd, bool>, cutlass::layout::RowMajor, cutlass::gemm::warp::MmaSimtPolicy<cutlass::MatrixShape<int=4, int=8>, cutlass::layout::RowMajorInterleaved<int=2>, cutlass::gemm::GemmShape<int=4, int=4, int=1>>>, cutlass::epilogue::warp::TileIteratorSimt<cutlass::gemm::GemmShape<int=32, int=64, int=8>, cutlass::gemm::thread::Mma<cutlass::gemm::GemmShape<int=8, int=8, int=1>, float, cutlass::layout::ColumnMajor, float, cutlass::layout::RowMajor, float, cutlass::layout::RowMajor, cutlass::arch::OpMultiplyAdd, bool>, float, cutlass::layout::RowMajor, cutlass::gemm::warp::MmaSimtPolicy<cutlass::MatrixShape<int=4, int=8>, cutlass::layout::RowMajorInterleaved<int=2>, cutlass::gemm::GemmShape<int=4, int=4, int=1>>>, cutlass::epilogue::threadblock::SharedLoadIterator<cutlass::epilogue::threadblock::OutputTileOptimalThreadMap<cutlass::epilogue::threadblock::OutputTileShape<int=128, int=1, int=4, int=4, int=1>::CompactedThreadMap, cutlass::epilogue::threadblock::OutputTileShape<int=1, int=4, int=2, int=1, int=8>, int=256, int=1, int=32>, float, int=4>, cutlass::epilogue::thread::LinearCombination<float",20043
7.620260,0.001472,,,,,,,,,,112,72.562176,"Pageable","Device","Tesla V100-PCIE-32GB (0)","1","7","[CUDA memcpy HtoD]",20063
7.620898,0.020223,2048,1,1,384,1,1,16,0.000000,0.000000,,,,,"Tesla V100-PCIE-32GB (0)","1","7","void scal_kernel_val<double, double>(cublasScalParamsVal<double, double>)",20177
7.621323,8.083766,4,1597,1,256,1,1,124,0.000000,16.250000,,,,,"Tesla V100-PCIE-32GB (0)","1","7","void cutlass::Kernel<cutlass::gemm::kernel::Gemm<cutlass::gemm::threadblock::MmaPipelined<cutlass::gemm::GemmShape<int=128, int=128, int=8>, cutlass::transform::threadblock::PredicatedTileIterator<cutlass::MatrixShape<int=128, int=8>, float, cutlass::layout::RowMajor, int=1, cutlass::transform::PitchLinearStripminedThreadMap<cutlass::layout::PitchLinearShape<int=8, int=128>, int=256, int=1>, int=1>, cutlass::transform::threadblock::RegularTileIterator<cutlass::MatrixShape<int=128, int=8>, float, cutlass::layout::ColumnMajor, int=1, cutlass::transform::TransposePitchLinearThreadMapSimt<cutlass::transform::PitchLinearStripminedThreadMap<cutlass::layout::PitchLinearShape<int=8, int=128>, int=256, int=1>>, int=4>, cutlass::transform::threadblock::PredicatedTileIterator<cutlass::MatrixShape<int=8, int=128>, float, cutlass::layout::RowMajor, int=0, cutlass::transform::PitchLinearStripminedThreadMap<cutlass::layout::PitchLinearShape<int=128, int=8>, int=256, int=1>, int=1>, cutlass::transform::threadblock::RegularTileIterator<cutlass::MatrixShape<int=8, int=128>, float, cutlass::layout::RowMajor, int=0, cutlass::transform::PitchLinearStripminedThreadMap<cutlass::layout::PitchLinearShape<int=128, int=8>, int=256, int=1>, int=4>, float, cutlass::layout::RowMajor, cutlass::gemm::threadblock::MmaPolicy<cutlass::gemm::warp::MmaSimt<cutlass::gemm::GemmShape<int=32, int=64, int=8>, float, cutlass::layout::ColumnMajor, float, cutlass::layout::RowMajor, float, cutlass::layout::RowMajor, cutlass::gemm::warp::MmaSimtPolicy<cutlass::MatrixShape<int=4, int=8>, cutlass::layout::RowMajorInterleaved<int=2>, cutlass::gemm::GemmShape<int=4, int=4, int=1>>, int=1, bool>, cutlass::MatrixShape<int=4, int=0>, cutlass::MatrixShape<int=0, int=0>, int=1>, cutlass::NumericArrayConverter<float, float, int=4, cutlass::FloatRoundStyle>, cutlass::NumericArrayConverter<float, float, int=4, cutlass::FloatRoundStyle>, bool>, cutlass::epilogue::threadblock::Epilogue<cutlass::gemm::GemmShape<int=128, int=128, int=8>, cutlass::gemm::warp::MmaSimt<cutlass::gemm::GemmShape<int=32, int=64, int=8>, float, cutlass::layout::ColumnMajor, float, cutlass::layout::RowMajor, float, cutlass::layout::RowMajor, cutlass::gemm::warp::MmaSimtPolicy<cutlass::MatrixShape<int=4, int=8>, cutlass::layout::RowMajorInterleaved<int=2>, cutlass::gemm::GemmShape<int=4, int=4, int=1>>, int=1, bool>, int=1, cutlass::epilogue::threadblock::PredicatedTileIterator<cutlass::epilogue::threadblock::OutputTileOptimalThreadMap<cutlass::epilogue::threadblock::OutputTileShape<int=128, int=1, int=4, int=4, int=1>, cutlass::epilogue::threadblock::OutputTileShape<int=1, int=4, int=2, int=1, int=8>, int=256, int=1, int=32>, float>, cutlass::epilogue::warp::FragmentIteratorSimt<cutlass::gemm::GemmShape<int=32, int=64, int=8>, cutlass::gemm::thread::Mma<cutlass::gemm::GemmShape<int=8, int=8, int=1>, float, cutlass::layout::ColumnMajor, float, cutlass::layout::RowMajor, float, cutlass::layout::RowMajor, cutlass::arch::OpMultiplyAdd, bool>, cutlass::layout::RowMajor, cutlass::gemm::warp::MmaSimtPolicy<cutlass::MatrixShape<int=4, int=8>, cutlass::layout::RowMajorInterleaved<int=2>, cutlass::gemm::GemmShape<int=4, int=4, int=1>>>, cutlass::epilogue::warp::TileIteratorSimt<cutlass::gemm::GemmShape<int=32, int=64, int=8>, cutlass::gemm::thread::Mma<cutlass::gemm::GemmShape<int=8, int=8, int=1>, float, cutlass::layout::ColumnMajor, float, cutlass::layout::RowMajor, float, cutlass::layout::RowMajor, cutlass::arch::OpMultiplyAdd, bool>, float, cutlass::layout::RowMajor, cutlass::gemm::warp::MmaSimtPolicy<cutlass::MatrixShape<int=4, int=8>, cutlass::layout::RowMajorInterleaved<int=2>, cutlass::gemm::GemmShape<int=4, int=4, int=1>>>, cutlass::epilogue::threadblock::SharedLoadIterator<cutlass::epilogue::threadblock::OutputTileOptimalThreadMap<cutlass::epilogue::threadblock::OutputTileShape<int=128, int=1, int=4, int=4, int=1>::CompactedThreadMap, cutlass::epilogue::threadblock::OutputTileShape<int=1, int=4, int=2, int=1, int=8>, int=256, int=1, int=32>, float, int=4>, cutlass::epilogue::thread::LinearCombination<float",20206
7.629415,0.001504,,,,,,,,,,112,71.018300,"Pageable","Device","Tesla V100-PCIE-32GB (0)","1","7","[CUDA memcpy HtoD]",20226
7.630057,0.019808,2048,1,1,384,1,1,16,0.000000,0.000000,,,,,"Tesla V100-PCIE-32GB (0)","1","7","void scal_kernel_val<double, double>(cublasScalParamsVal<double, double>)",20340
7.630494,8.077623,4,1597,1,256,1,1,124,0.000000,16.250000,,,,,"Tesla V100-PCIE-32GB (0)","1","7","void cutlass::Kernel<cutlass::gemm::kernel::Gemm<cutlass::gemm::threadblock::MmaPipelined<cutlass::gemm::GemmShape<int=128, int=128, int=8>, cutlass::transform::threadblock::PredicatedTileIterator<cutlass::MatrixShape<int=128, int=8>, float, cutlass::layout::RowMajor, int=1, cutlass::transform::PitchLinearStripminedThreadMap<cutlass::layout::PitchLinearShape<int=8, int=128>, int=256, int=1>, int=1>, cutlass::transform::threadblock::RegularTileIterator<cutlass::MatrixShape<int=128, int=8>, float, cutlass::layout::ColumnMajor, int=1, cutlass::transform::TransposePitchLinearThreadMapSimt<cutlass::transform::PitchLinearStripminedThreadMap<cutlass::layout::PitchLinearShape<int=8, int=128>, int=256, int=1>>, int=4>, cutlass::transform::threadblock::PredicatedTileIterator<cutlass::MatrixShape<int=8, int=128>, float, cutlass::layout::RowMajor, int=0, cutlass::transform::PitchLinearStripminedThreadMap<cutlass::layout::PitchLinearShape<int=128, int=8>, int=256, int=1>, int=1>, cutlass::transform::threadblock::RegularTileIterator<cutlass::MatrixShape<int=8, int=128>, float, cutlass::layout::RowMajor, int=0, cutlass::transform::PitchLinearStripminedThreadMap<cutlass::layout::PitchLinearShape<int=128, int=8>, int=256, int=1>, int=4>, float, cutlass::layout::RowMajor, cutlass::gemm::threadblock::MmaPolicy<cutlass::gemm::warp::MmaSimt<cutlass::gemm::GemmShape<int=32, int=64, int=8>, float, cutlass::layout::ColumnMajor, float, cutlass::layout::RowMajor, float, cutlass::layout::RowMajor, cutlass::gemm::warp::MmaSimtPolicy<cutlass::MatrixShape<int=4, int=8>, cutlass::layout::RowMajorInterleaved<int=2>, cutlass::gemm::GemmShape<int=4, int=4, int=1>>, int=1, bool>, cutlass::MatrixShape<int=4, int=0>, cutlass::MatrixShape<int=0, int=0>, int=1>, cutlass::NumericArrayConverter<float, float, int=4, cutlass::FloatRoundStyle>, cutlass::NumericArrayConverter<float, float, int=4, cutlass::FloatRoundStyle>, bool>, cutlass::epilogue::threadblock::Epilogue<cutlass::gemm::GemmShape<int=128, int=128, int=8>, cutlass::gemm::warp::MmaSimt<cutlass::gemm::GemmShape<int=32, int=64, int=8>, float, cutlass::layout::ColumnMajor, float, cutlass::layout::RowMajor, float, cutlass::layout::RowMajor, cutlass::gemm::warp::MmaSimtPolicy<cutlass::MatrixShape<int=4, int=8>, cutlass::layout::RowMajorInterleaved<int=2>, cutlass::gemm::GemmShape<int=4, int=4, int=1>>, int=1, bool>, int=1, cutlass::epilogue::threadblock::PredicatedTileIterator<cutlass::epilogue::threadblock::OutputTileOptimalThreadMap<cutlass::epilogue::threadblock::OutputTileShape<int=128, int=1, int=4, int=4, int=1>, cutlass::epilogue::threadblock::OutputTileShape<int=1, int=4, int=2, int=1, int=8>, int=256, int=1, int=32>, float>, cutlass::epilogue::warp::FragmentIteratorSimt<cutlass::gemm::GemmShape<int=32, int=64, int=8>, cutlass::gemm::thread::Mma<cutlass::gemm::GemmShape<int=8, int=8, int=1>, float, cutlass::layout::ColumnMajor, float, cutlass::layout::RowMajor, float, cutlass::layout::RowMajor, cutlass::arch::OpMultiplyAdd, bool>, cutlass::layout::RowMajor, cutlass::gemm::warp::MmaSimtPolicy<cutlass::MatrixShape<int=4, int=8>, cutlass::layout::RowMajorInterleaved<int=2>, cutlass::gemm::GemmShape<int=4, int=4, int=1>>>, cutlass::epilogue::warp::TileIteratorSimt<cutlass::gemm::GemmShape<int=32, int=64, int=8>, cutlass::gemm::thread::Mma<cutlass::gemm::GemmShape<int=8, int=8, int=1>, float, cutlass::layout::ColumnMajor, float, cutlass::layout::RowMajor, float, cutlass::layout::RowMajor, cutlass::arch::OpMultiplyAdd, bool>, float, cutlass::layout::RowMajor, cutlass::gemm::warp::MmaSimtPolicy<cutlass::MatrixShape<int=4, int=8>, cutlass::layout::RowMajorInterleaved<int=2>, cutlass::gemm::GemmShape<int=4, int=4, int=1>>>, cutlass::epilogue::threadblock::SharedLoadIterator<cutlass::epilogue::threadblock::OutputTileOptimalThreadMap<cutlass::epilogue::threadblock::OutputTileShape<int=128, int=1, int=4, int=4, int=1>::CompactedThreadMap, cutlass::epilogue::threadblock::OutputTileShape<int=1, int=4, int=2, int=1, int=8>, int=256, int=1, int=32>, float, int=4>, cutlass::epilogue::thread::LinearCombination<float",20369
7.638580,0.001504,,,,,,,,,,112,71.018300,"Pageable","Device","Tesla V100-PCIE-32GB (0)","1","7","[CUDA memcpy HtoD]",20389
7.639215,0.020224,2048,1,1,384,1,1,16,0.000000,0.000000,,,,,"Tesla V100-PCIE-32GB (0)","1","7","void scal_kernel_val<double, double>(cublasScalParamsVal<double, double>)",20503
7.639640,8.075510,4,1597,1,256,1,1,124,0.000000,16.250000,,,,,"Tesla V100-PCIE-32GB (0)","1","7","void cutlass::Kernel<cutlass::gemm::kernel::Gemm<cutlass::gemm::threadblock::MmaPipelined<cutlass::gemm::GemmShape<int=128, int=128, int=8>, cutlass::transform::threadblock::PredicatedTileIterator<cutlass::MatrixShape<int=128, int=8>, float, cutlass::layout::RowMajor, int=1, cutlass::transform::PitchLinearStripminedThreadMap<cutlass::layout::PitchLinearShape<int=8, int=128>, int=256, int=1>, int=1>, cutlass::transform::threadblock::RegularTileIterator<cutlass::MatrixShape<int=128, int=8>, float, cutlass::layout::ColumnMajor, int=1, cutlass::transform::TransposePitchLinearThreadMapSimt<cutlass::transform::PitchLinearStripminedThreadMap<cutlass::layout::PitchLinearShape<int=8, int=128>, int=256, int=1>>, int=4>, cutlass::transform::threadblock::PredicatedTileIterator<cutlass::MatrixShape<int=8, int=128>, float, cutlass::layout::RowMajor, int=0, cutlass::transform::PitchLinearStripminedThreadMap<cutlass::layout::PitchLinearShape<int=128, int=8>, int=256, int=1>, int=1>, cutlass::transform::threadblock::RegularTileIterator<cutlass::MatrixShape<int=8, int=128>, float, cutlass::layout::RowMajor, int=0, cutlass::transform::PitchLinearStripminedThreadMap<cutlass::layout::PitchLinearShape<int=128, int=8>, int=256, int=1>, int=4>, float, cutlass::layout::RowMajor, cutlass::gemm::threadblock::MmaPolicy<cutlass::gemm::warp::MmaSimt<cutlass::gemm::GemmShape<int=32, int=64, int=8>, float, cutlass::layout::ColumnMajor, float, cutlass::layout::RowMajor, float, cutlass::layout::RowMajor, cutlass::gemm::warp::MmaSimtPolicy<cutlass::MatrixShape<int=4, int=8>, cutlass::layout::RowMajorInterleaved<int=2>, cutlass::gemm::GemmShape<int=4, int=4, int=1>>, int=1, bool>, cutlass::MatrixShape<int=4, int=0>, cutlass::MatrixShape<int=0, int=0>, int=1>, cutlass::NumericArrayConverter<float, float, int=4, cutlass::FloatRoundStyle>, cutlass::NumericArrayConverter<float, float, int=4, cutlass::FloatRoundStyle>, bool>, cutlass::epilogue::threadblock::Epilogue<cutlass::gemm::GemmShape<int=128, int=128, int=8>, cutlass::gemm::warp::MmaSimt<cutlass::gemm::GemmShape<int=32, int=64, int=8>, float, cutlass::layout::ColumnMajor, float, cutlass::layout::RowMajor, float, cutlass::layout::RowMajor, cutlass::gemm::warp::MmaSimtPolicy<cutlass::MatrixShape<int=4, int=8>, cutlass::layout::RowMajorInterleaved<int=2>, cutlass::gemm::GemmShape<int=4, int=4, int=1>>, int=1, bool>, int=1, cutlass::epilogue::threadblock::PredicatedTileIterator<cutlass::epilogue::threadblock::OutputTileOptimalThreadMap<cutlass::epilogue::threadblock::OutputTileShape<int=128, int=1, int=4, int=4, int=1>, cutlass::epilogue::threadblock::OutputTileShape<int=1, int=4, int=2, int=1, int=8>, int=256, int=1, int=32>, float>, cutlass::epilogue::warp::FragmentIteratorSimt<cutlass::gemm::GemmShape<int=32, int=64, int=8>, cutlass::gemm::thread::Mma<cutlass::gemm::GemmShape<int=8, int=8, int=1>, float, cutlass::layout::ColumnMajor, float, cutlass::layout::RowMajor, float, cutlass::layout::RowMajor, cutlass::arch::OpMultiplyAdd, bool>, cutlass::layout::RowMajor, cutlass::gemm::warp::MmaSimtPolicy<cutlass::MatrixShape<int=4, int=8>, cutlass::layout::RowMajorInterleaved<int=2>, cutlass::gemm::GemmShape<int=4, int=4, int=1>>>, cutlass::epilogue::warp::TileIteratorSimt<cutlass::gemm::GemmShape<int=32, int=64, int=8>, cutlass::gemm::thread::Mma<cutlass::gemm::GemmShape<int=8, int=8, int=1>, float, cutlass::layout::ColumnMajor, float, cutlass::layout::RowMajor, float, cutlass::layout::RowMajor, cutlass::arch::OpMultiplyAdd, bool>, float, cutlass::layout::RowMajor, cutlass::gemm::warp::MmaSimtPolicy<cutlass::MatrixShape<int=4, int=8>, cutlass::layout::RowMajorInterleaved<int=2>, cutlass::gemm::GemmShape<int=4, int=4, int=1>>>, cutlass::epilogue::threadblock::SharedLoadIterator<cutlass::epilogue::threadblock::OutputTileOptimalThreadMap<cutlass::epilogue::threadblock::OutputTileShape<int=128, int=1, int=4, int=4, int=1>::CompactedThreadMap, cutlass::epilogue::threadblock::OutputTileShape<int=1, int=4, int=2, int=1, int=8>, int=256, int=1, int=32>, float, int=4>, cutlass::epilogue::thread::LinearCombination<float",20532
7.647725,0.001504,,,,,,,,,,112,71.018300,"Pageable","Device","Tesla V100-PCIE-32GB (0)","1","7","[CUDA memcpy HtoD]",20552
7.648357,0.020063,2048,1,1,384,1,1,16,0.000000,0.000000,,,,,"Tesla V100-PCIE-32GB (0)","1","7","void scal_kernel_val<double, double>(cublasScalParamsVal<double, double>)",20666
7.648791,8.076310,4,1597,1,256,1,1,124,0.000000,16.250000,,,,,"Tesla V100-PCIE-32GB (0)","1","7","void cutlass::Kernel<cutlass::gemm::kernel::Gemm<cutlass::gemm::threadblock::MmaPipelined<cutlass::gemm::GemmShape<int=128, int=128, int=8>, cutlass::transform::threadblock::PredicatedTileIterator<cutlass::MatrixShape<int=128, int=8>, float, cutlass::layout::RowMajor, int=1, cutlass::transform::PitchLinearStripminedThreadMap<cutlass::layout::PitchLinearShape<int=8, int=128>, int=256, int=1>, int=1>, cutlass::transform::threadblock::RegularTileIterator<cutlass::MatrixShape<int=128, int=8>, float, cutlass::layout::ColumnMajor, int=1, cutlass::transform::TransposePitchLinearThreadMapSimt<cutlass::transform::PitchLinearStripminedThreadMap<cutlass::layout::PitchLinearShape<int=8, int=128>, int=256, int=1>>, int=4>, cutlass::transform::threadblock::PredicatedTileIterator<cutlass::MatrixShape<int=8, int=128>, float, cutlass::layout::RowMajor, int=0, cutlass::transform::PitchLinearStripminedThreadMap<cutlass::layout::PitchLinearShape<int=128, int=8>, int=256, int=1>, int=1>, cutlass::transform::threadblock::RegularTileIterator<cutlass::MatrixShape<int=8, int=128>, float, cutlass::layout::RowMajor, int=0, cutlass::transform::PitchLinearStripminedThreadMap<cutlass::layout::PitchLinearShape<int=128, int=8>, int=256, int=1>, int=4>, float, cutlass::layout::RowMajor, cutlass::gemm::threadblock::MmaPolicy<cutlass::gemm::warp::MmaSimt<cutlass::gemm::GemmShape<int=32, int=64, int=8>, float, cutlass::layout::ColumnMajor, float, cutlass::layout::RowMajor, float, cutlass::layout::RowMajor, cutlass::gemm::warp::MmaSimtPolicy<cutlass::MatrixShape<int=4, int=8>, cutlass::layout::RowMajorInterleaved<int=2>, cutlass::gemm::GemmShape<int=4, int=4, int=1>>, int=1, bool>, cutlass::MatrixShape<int=4, int=0>, cutlass::MatrixShape<int=0, int=0>, int=1>, cutlass::NumericArrayConverter<float, float, int=4, cutlass::FloatRoundStyle>, cutlass::NumericArrayConverter<float, float, int=4, cutlass::FloatRoundStyle>, bool>, cutlass::epilogue::threadblock::Epilogue<cutlass::gemm::GemmShape<int=128, int=128, int=8>, cutlass::gemm::warp::MmaSimt<cutlass::gemm::GemmShape<int=32, int=64, int=8>, float, cutlass::layout::ColumnMajor, float, cutlass::layout::RowMajor, float, cutlass::layout::RowMajor, cutlass::gemm::warp::MmaSimtPolicy<cutlass::MatrixShape<int=4, int=8>, cutlass::layout::RowMajorInterleaved<int=2>, cutlass::gemm::GemmShape<int=4, int=4, int=1>>, int=1, bool>, int=1, cutlass::epilogue::threadblock::PredicatedTileIterator<cutlass::epilogue::threadblock::OutputTileOptimalThreadMap<cutlass::epilogue::threadblock::OutputTileShape<int=128, int=1, int=4, int=4, int=1>, cutlass::epilogue::threadblock::OutputTileShape<int=1, int=4, int=2, int=1, int=8>, int=256, int=1, int=32>, float>, cutlass::epilogue::warp::FragmentIteratorSimt<cutlass::gemm::GemmShape<int=32, int=64, int=8>, cutlass::gemm::thread::Mma<cutlass::gemm::GemmShape<int=8, int=8, int=1>, float, cutlass::layout::ColumnMajor, float, cutlass::layout::RowMajor, float, cutlass::layout::RowMajor, cutlass::arch::OpMultiplyAdd, bool>, cutlass::layout::RowMajor, cutlass::gemm::warp::MmaSimtPolicy<cutlass::MatrixShape<int=4, int=8>, cutlass::layout::RowMajorInterleaved<int=2>, cutlass::gemm::GemmShape<int=4, int=4, int=1>>>, cutlass::epilogue::warp::TileIteratorSimt<cutlass::gemm::GemmShape<int=32, int=64, int=8>, cutlass::gemm::thread::Mma<cutlass::gemm::GemmShape<int=8, int=8, int=1>, float, cutlass::layout::ColumnMajor, float, cutlass::layout::RowMajor, float, cutlass::layout::RowMajor, cutlass::arch::OpMultiplyAdd, bool>, float, cutlass::layout::RowMajor, cutlass::gemm::warp::MmaSimtPolicy<cutlass::MatrixShape<int=4, int=8>, cutlass::layout::RowMajorInterleaved<int=2>, cutlass::gemm::GemmShape<int=4, int=4, int=1>>>, cutlass::epilogue::threadblock::SharedLoadIterator<cutlass::epilogue::threadblock::OutputTileOptimalThreadMap<cutlass::epilogue::threadblock::OutputTileShape<int=128, int=1, int=4, int=4, int=1>::CompactedThreadMap, cutlass::epilogue::threadblock::OutputTileShape<int=1, int=4, int=2, int=1, int=8>, int=256, int=1, int=32>, float, int=4>, cutlass::epilogue::thread::LinearCombination<float",20695
7.656876,0.001504,,,,,,,,,,112,71.018300,"Pageable","Device","Tesla V100-PCIE-32GB (0)","1","7","[CUDA memcpy HtoD]",20715
7.657509,0.019744,2048,1,1,384,1,1,16,0.000000,0.000000,,,,,"Tesla V100-PCIE-32GB (0)","1","7","void scal_kernel_val<double, double>(cublasScalParamsVal<double, double>)",20829
7.657951,8.077559,4,1597,1,256,1,1,124,0.000000,16.250000,,,,,"Tesla V100-PCIE-32GB (0)","1","7","void cutlass::Kernel<cutlass::gemm::kernel::Gemm<cutlass::gemm::threadblock::MmaPipelined<cutlass::gemm::GemmShape<int=128, int=128, int=8>, cutlass::transform::threadblock::PredicatedTileIterator<cutlass::MatrixShape<int=128, int=8>, float, cutlass::layout::RowMajor, int=1, cutlass::transform::PitchLinearStripminedThreadMap<cutlass::layout::PitchLinearShape<int=8, int=128>, int=256, int=1>, int=1>, cutlass::transform::threadblock::RegularTileIterator<cutlass::MatrixShape<int=128, int=8>, float, cutlass::layout::ColumnMajor, int=1, cutlass::transform::TransposePitchLinearThreadMapSimt<cutlass::transform::PitchLinearStripminedThreadMap<cutlass::layout::PitchLinearShape<int=8, int=128>, int=256, int=1>>, int=4>, cutlass::transform::threadblock::PredicatedTileIterator<cutlass::MatrixShape<int=8, int=128>, float, cutlass::layout::RowMajor, int=0, cutlass::transform::PitchLinearStripminedThreadMap<cutlass::layout::PitchLinearShape<int=128, int=8>, int=256, int=1>, int=1>, cutlass::transform::threadblock::RegularTileIterator<cutlass::MatrixShape<int=8, int=128>, float, cutlass::layout::RowMajor, int=0, cutlass::transform::PitchLinearStripminedThreadMap<cutlass::layout::PitchLinearShape<int=128, int=8>, int=256, int=1>, int=4>, float, cutlass::layout::RowMajor, cutlass::gemm::threadblock::MmaPolicy<cutlass::gemm::warp::MmaSimt<cutlass::gemm::GemmShape<int=32, int=64, int=8>, float, cutlass::layout::ColumnMajor, float, cutlass::layout::RowMajor, float, cutlass::layout::RowMajor, cutlass::gemm::warp::MmaSimtPolicy<cutlass::MatrixShape<int=4, int=8>, cutlass::layout::RowMajorInterleaved<int=2>, cutlass::gemm::GemmShape<int=4, int=4, int=1>>, int=1, bool>, cutlass::MatrixShape<int=4, int=0>, cutlass::MatrixShape<int=0, int=0>, int=1>, cutlass::NumericArrayConverter<float, float, int=4, cutlass::FloatRoundStyle>, cutlass::NumericArrayConverter<float, float, int=4, cutlass::FloatRoundStyle>, bool>, cutlass::epilogue::threadblock::Epilogue<cutlass::gemm::GemmShape<int=128, int=128, int=8>, cutlass::gemm::warp::MmaSimt<cutlass::gemm::GemmShape<int=32, int=64, int=8>, float, cutlass::layout::ColumnMajor, float, cutlass::layout::RowMajor, float, cutlass::layout::RowMajor, cutlass::gemm::warp::MmaSimtPolicy<cutlass::MatrixShape<int=4, int=8>, cutlass::layout::RowMajorInterleaved<int=2>, cutlass::gemm::GemmShape<int=4, int=4, int=1>>, int=1, bool>, int=1, cutlass::epilogue::threadblock::PredicatedTileIterator<cutlass::epilogue::threadblock::OutputTileOptimalThreadMap<cutlass::epilogue::threadblock::OutputTileShape<int=128, int=1, int=4, int=4, int=1>, cutlass::epilogue::threadblock::OutputTileShape<int=1, int=4, int=2, int=1, int=8>, int=256, int=1, int=32>, float>, cutlass::epilogue::warp::FragmentIteratorSimt<cutlass::gemm::GemmShape<int=32, int=64, int=8>, cutlass::gemm::thread::Mma<cutlass::gemm::GemmShape<int=8, int=8, int=1>, float, cutlass::layout::ColumnMajor, float, cutlass::layout::RowMajor, float, cutlass::layout::RowMajor, cutlass::arch::OpMultiplyAdd, bool>, cutlass::layout::RowMajor, cutlass::gemm::warp::MmaSimtPolicy<cutlass::MatrixShape<int=4, int=8>, cutlass::layout::RowMajorInterleaved<int=2>, cutlass::gemm::GemmShape<int=4, int=4, int=1>>>, cutlass::epilogue::warp::TileIteratorSimt<cutlass::gemm::GemmShape<int=32, int=64, int=8>, cutlass::gemm::thread::Mma<cutlass::gemm::GemmShape<int=8, int=8, int=1>, float, cutlass::layout::ColumnMajor, float, cutlass::layout::RowMajor, float, cutlass::layout::RowMajor, cutlass::arch::OpMultiplyAdd, bool>, float, cutlass::layout::RowMajor, cutlass::gemm::warp::MmaSimtPolicy<cutlass::MatrixShape<int=4, int=8>, cutlass::layout::RowMajorInterleaved<int=2>, cutlass::gemm::GemmShape<int=4, int=4, int=1>>>, cutlass::epilogue::threadblock::SharedLoadIterator<cutlass::epilogue::threadblock::OutputTileOptimalThreadMap<cutlass::epilogue::threadblock::OutputTileShape<int=128, int=1, int=4, int=4, int=1>::CompactedThreadMap, cutlass::epilogue::threadblock::OutputTileShape<int=1, int=4, int=2, int=1, int=8>, int=256, int=1, int=32>, float, int=4>, cutlass::epilogue::thread::LinearCombination<float",20858
7.666038,0.001503,,,,,,,,,,112,71.065551,"Pageable","Device","Tesla V100-PCIE-32GB (0)","1","7","[CUDA memcpy HtoD]",20878
7.666680,0.019519,2048,1,1,384,1,1,16,0.000000,0.000000,,,,,"Tesla V100-PCIE-32GB (0)","1","7","void scal_kernel_val<double, double>(cublasScalParamsVal<double, double>)",20992
7.667123,8.078710,4,1597,1,256,1,1,124,0.000000,16.250000,,,,,"Tesla V100-PCIE-32GB (0)","1","7","void cutlass::Kernel<cutlass::gemm::kernel::Gemm<cutlass::gemm::threadblock::MmaPipelined<cutlass::gemm::GemmShape<int=128, int=128, int=8>, cutlass::transform::threadblock::PredicatedTileIterator<cutlass::MatrixShape<int=128, int=8>, float, cutlass::layout::RowMajor, int=1, cutlass::transform::PitchLinearStripminedThreadMap<cutlass::layout::PitchLinearShape<int=8, int=128>, int=256, int=1>, int=1>, cutlass::transform::threadblock::RegularTileIterator<cutlass::MatrixShape<int=128, int=8>, float, cutlass::layout::ColumnMajor, int=1, cutlass::transform::TransposePitchLinearThreadMapSimt<cutlass::transform::PitchLinearStripminedThreadMap<cutlass::layout::PitchLinearShape<int=8, int=128>, int=256, int=1>>, int=4>, cutlass::transform::threadblock::PredicatedTileIterator<cutlass::MatrixShape<int=8, int=128>, float, cutlass::layout::RowMajor, int=0, cutlass::transform::PitchLinearStripminedThreadMap<cutlass::layout::PitchLinearShape<int=128, int=8>, int=256, int=1>, int=1>, cutlass::transform::threadblock::RegularTileIterator<cutlass::MatrixShape<int=8, int=128>, float, cutlass::layout::RowMajor, int=0, cutlass::transform::PitchLinearStripminedThreadMap<cutlass::layout::PitchLinearShape<int=128, int=8>, int=256, int=1>, int=4>, float, cutlass::layout::RowMajor, cutlass::gemm::threadblock::MmaPolicy<cutlass::gemm::warp::MmaSimt<cutlass::gemm::GemmShape<int=32, int=64, int=8>, float, cutlass::layout::ColumnMajor, float, cutlass::layout::RowMajor, float, cutlass::layout::RowMajor, cutlass::gemm::warp::MmaSimtPolicy<cutlass::MatrixShape<int=4, int=8>, cutlass::layout::RowMajorInterleaved<int=2>, cutlass::gemm::GemmShape<int=4, int=4, int=1>>, int=1, bool>, cutlass::MatrixShape<int=4, int=0>, cutlass::MatrixShape<int=0, int=0>, int=1>, cutlass::NumericArrayConverter<float, float, int=4, cutlass::FloatRoundStyle>, cutlass::NumericArrayConverter<float, float, int=4, cutlass::FloatRoundStyle>, bool>, cutlass::epilogue::threadblock::Epilogue<cutlass::gemm::GemmShape<int=128, int=128, int=8>, cutlass::gemm::warp::MmaSimt<cutlass::gemm::GemmShape<int=32, int=64, int=8>, float, cutlass::layout::ColumnMajor, float, cutlass::layout::RowMajor, float, cutlass::layout::RowMajor, cutlass::gemm::warp::MmaSimtPolicy<cutlass::MatrixShape<int=4, int=8>, cutlass::layout::RowMajorInterleaved<int=2>, cutlass::gemm::GemmShape<int=4, int=4, int=1>>, int=1, bool>, int=1, cutlass::epilogue::threadblock::PredicatedTileIterator<cutlass::epilogue::threadblock::OutputTileOptimalThreadMap<cutlass::epilogue::threadblock::OutputTileShape<int=128, int=1, int=4, int=4, int=1>, cutlass::epilogue::threadblock::OutputTileShape<int=1, int=4, int=2, int=1, int=8>, int=256, int=1, int=32>, float>, cutlass::epilogue::warp::FragmentIteratorSimt<cutlass::gemm::GemmShape<int=32, int=64, int=8>, cutlass::gemm::thread::Mma<cutlass::gemm::GemmShape<int=8, int=8, int=1>, float, cutlass::layout::ColumnMajor, float, cutlass::layout::RowMajor, float, cutlass::layout::RowMajor, cutlass::arch::OpMultiplyAdd, bool>, cutlass::layout::RowMajor, cutlass::gemm::warp::MmaSimtPolicy<cutlass::MatrixShape<int=4, int=8>, cutlass::layout::RowMajorInterleaved<int=2>, cutlass::gemm::GemmShape<int=4, int=4, int=1>>>, cutlass::epilogue::warp::TileIteratorSimt<cutlass::gemm::GemmShape<int=32, int=64, int=8>, cutlass::gemm::thread::Mma<cutlass::gemm::GemmShape<int=8, int=8, int=1>, float, cutlass::layout::ColumnMajor, float, cutlass::layout::RowMajor, float, cutlass::layout::RowMajor, cutlass::arch::OpMultiplyAdd, bool>, float, cutlass::layout::RowMajor, cutlass::gemm::warp::MmaSimtPolicy<cutlass::MatrixShape<int=4, int=8>, cutlass::layout::RowMajorInterleaved<int=2>, cutlass::gemm::GemmShape<int=4, int=4, int=1>>>, cutlass::epilogue::threadblock::SharedLoadIterator<cutlass::epilogue::threadblock::OutputTileOptimalThreadMap<cutlass::epilogue::threadblock::OutputTileShape<int=128, int=1, int=4, int=4, int=1>::CompactedThreadMap, cutlass::epilogue::threadblock::OutputTileShape<int=1, int=4, int=2, int=1, int=8>, int=256, int=1, int=32>, float, int=4>, cutlass::epilogue::thread::LinearCombination<float",21021
7.675210,0.001504,,,,,,,,,,112,71.018300,"Pageable","Device","Tesla V100-PCIE-32GB (0)","1","7","[CUDA memcpy HtoD]",21041
7.675845,0.019552,2048,1,1,384,1,1,16,0.000000,0.000000,,,,,"Tesla V100-PCIE-32GB (0)","1","7","void scal_kernel_val<double, double>(cublasScalParamsVal<double, double>)",21155
7.676274,8.077687,4,1597,1,256,1,1,124,0.000000,16.250000,,,,,"Tesla V100-PCIE-32GB (0)","1","7","void cutlass::Kernel<cutlass::gemm::kernel::Gemm<cutlass::gemm::threadblock::MmaPipelined<cutlass::gemm::GemmShape<int=128, int=128, int=8>, cutlass::transform::threadblock::PredicatedTileIterator<cutlass::MatrixShape<int=128, int=8>, float, cutlass::layout::RowMajor, int=1, cutlass::transform::PitchLinearStripminedThreadMap<cutlass::layout::PitchLinearShape<int=8, int=128>, int=256, int=1>, int=1>, cutlass::transform::threadblock::RegularTileIterator<cutlass::MatrixShape<int=128, int=8>, float, cutlass::layout::ColumnMajor, int=1, cutlass::transform::TransposePitchLinearThreadMapSimt<cutlass::transform::PitchLinearStripminedThreadMap<cutlass::layout::PitchLinearShape<int=8, int=128>, int=256, int=1>>, int=4>, cutlass::transform::threadblock::PredicatedTileIterator<cutlass::MatrixShape<int=8, int=128>, float, cutlass::layout::RowMajor, int=0, cutlass::transform::PitchLinearStripminedThreadMap<cutlass::layout::PitchLinearShape<int=128, int=8>, int=256, int=1>, int=1>, cutlass::transform::threadblock::RegularTileIterator<cutlass::MatrixShape<int=8, int=128>, float, cutlass::layout::RowMajor, int=0, cutlass::transform::PitchLinearStripminedThreadMap<cutlass::layout::PitchLinearShape<int=128, int=8>, int=256, int=1>, int=4>, float, cutlass::layout::RowMajor, cutlass::gemm::threadblock::MmaPolicy<cutlass::gemm::warp::MmaSimt<cutlass::gemm::GemmShape<int=32, int=64, int=8>, float, cutlass::layout::ColumnMajor, float, cutlass::layout::RowMajor, float, cutlass::layout::RowMajor, cutlass::gemm::warp::MmaSimtPolicy<cutlass::MatrixShape<int=4, int=8>, cutlass::layout::RowMajorInterleaved<int=2>, cutlass::gemm::GemmShape<int=4, int=4, int=1>>, int=1, bool>, cutlass::MatrixShape<int=4, int=0>, cutlass::MatrixShape<int=0, int=0>, int=1>, cutlass::NumericArrayConverter<float, float, int=4, cutlass::FloatRoundStyle>, cutlass::NumericArrayConverter<float, float, int=4, cutlass::FloatRoundStyle>, bool>, cutlass::epilogue::threadblock::Epilogue<cutlass::gemm::GemmShape<int=128, int=128, int=8>, cutlass::gemm::warp::MmaSimt<cutlass::gemm::GemmShape<int=32, int=64, int=8>, float, cutlass::layout::ColumnMajor, float, cutlass::layout::RowMajor, float, cutlass::layout::RowMajor, cutlass::gemm::warp::MmaSimtPolicy<cutlass::MatrixShape<int=4, int=8>, cutlass::layout::RowMajorInterleaved<int=2>, cutlass::gemm::GemmShape<int=4, int=4, int=1>>, int=1, bool>, int=1, cutlass::epilogue::threadblock::PredicatedTileIterator<cutlass::epilogue::threadblock::OutputTileOptimalThreadMap<cutlass::epilogue::threadblock::OutputTileShape<int=128, int=1, int=4, int=4, int=1>, cutlass::epilogue::threadblock::OutputTileShape<int=1, int=4, int=2, int=1, int=8>, int=256, int=1, int=32>, float>, cutlass::epilogue::warp::FragmentIteratorSimt<cutlass::gemm::GemmShape<int=32, int=64, int=8>, cutlass::gemm::thread::Mma<cutlass::gemm::GemmShape<int=8, int=8, int=1>, float, cutlass::layout::ColumnMajor, float, cutlass::layout::RowMajor, float, cutlass::layout::RowMajor, cutlass::arch::OpMultiplyAdd, bool>, cutlass::layout::RowMajor, cutlass::gemm::warp::MmaSimtPolicy<cutlass::MatrixShape<int=4, int=8>, cutlass::layout::RowMajorInterleaved<int=2>, cutlass::gemm::GemmShape<int=4, int=4, int=1>>>, cutlass::epilogue::warp::TileIteratorSimt<cutlass::gemm::GemmShape<int=32, int=64, int=8>, cutlass::gemm::thread::Mma<cutlass::gemm::GemmShape<int=8, int=8, int=1>, float, cutlass::layout::ColumnMajor, float, cutlass::layout::RowMajor, float, cutlass::layout::RowMajor, cutlass::arch::OpMultiplyAdd, bool>, float, cutlass::layout::RowMajor, cutlass::gemm::warp::MmaSimtPolicy<cutlass::MatrixShape<int=4, int=8>, cutlass::layout::RowMajorInterleaved<int=2>, cutlass::gemm::GemmShape<int=4, int=4, int=1>>>, cutlass::epilogue::threadblock::SharedLoadIterator<cutlass::epilogue::threadblock::OutputTileOptimalThreadMap<cutlass::epilogue::threadblock::OutputTileShape<int=128, int=1, int=4, int=4, int=1>::CompactedThreadMap, cutlass::epilogue::threadblock::OutputTileShape<int=1, int=4, int=2, int=1, int=8>, int=256, int=1, int=32>, float, int=4>, cutlass::epilogue::thread::LinearCombination<float",21184
7.684360,0.001504,,,,,,,,,,112,71.018300,"Pageable","Device","Tesla V100-PCIE-32GB (0)","1","7","[CUDA memcpy HtoD]",21204
7.686324,0.020352,2048,1,1,384,1,1,16,0.000000,0.000000,,,,,"Tesla V100-PCIE-32GB (0)","1","7","void scal_kernel_val<double, double>(cublasScalParamsVal<double, double>)",21318
7.686778,8.077366,4,1597,1,256,1,1,124,0.000000,16.250000,,,,,"Tesla V100-PCIE-32GB (0)","1","7","void cutlass::Kernel<cutlass::gemm::kernel::Gemm<cutlass::gemm::threadblock::MmaPipelined<cutlass::gemm::GemmShape<int=128, int=128, int=8>, cutlass::transform::threadblock::PredicatedTileIterator<cutlass::MatrixShape<int=128, int=8>, float, cutlass::layout::RowMajor, int=1, cutlass::transform::PitchLinearStripminedThreadMap<cutlass::layout::PitchLinearShape<int=8, int=128>, int=256, int=1>, int=1>, cutlass::transform::threadblock::RegularTileIterator<cutlass::MatrixShape<int=128, int=8>, float, cutlass::layout::ColumnMajor, int=1, cutlass::transform::TransposePitchLinearThreadMapSimt<cutlass::transform::PitchLinearStripminedThreadMap<cutlass::layout::PitchLinearShape<int=8, int=128>, int=256, int=1>>, int=4>, cutlass::transform::threadblock::PredicatedTileIterator<cutlass::MatrixShape<int=8, int=128>, float, cutlass::layout::RowMajor, int=0, cutlass::transform::PitchLinearStripminedThreadMap<cutlass::layout::PitchLinearShape<int=128, int=8>, int=256, int=1>, int=1>, cutlass::transform::threadblock::RegularTileIterator<cutlass::MatrixShape<int=8, int=128>, float, cutlass::layout::RowMajor, int=0, cutlass::transform::PitchLinearStripminedThreadMap<cutlass::layout::PitchLinearShape<int=128, int=8>, int=256, int=1>, int=4>, float, cutlass::layout::RowMajor, cutlass::gemm::threadblock::MmaPolicy<cutlass::gemm::warp::MmaSimt<cutlass::gemm::GemmShape<int=32, int=64, int=8>, float, cutlass::layout::ColumnMajor, float, cutlass::layout::RowMajor, float, cutlass::layout::RowMajor, cutlass::gemm::warp::MmaSimtPolicy<cutlass::MatrixShape<int=4, int=8>, cutlass::layout::RowMajorInterleaved<int=2>, cutlass::gemm::GemmShape<int=4, int=4, int=1>>, int=1, bool>, cutlass::MatrixShape<int=4, int=0>, cutlass::MatrixShape<int=0, int=0>, int=1>, cutlass::NumericArrayConverter<float, float, int=4, cutlass::FloatRoundStyle>, cutlass::NumericArrayConverter<float, float, int=4, cutlass::FloatRoundStyle>, bool>, cutlass::epilogue::threadblock::Epilogue<cutlass::gemm::GemmShape<int=128, int=128, int=8>, cutlass::gemm::warp::MmaSimt<cutlass::gemm::GemmShape<int=32, int=64, int=8>, float, cutlass::layout::ColumnMajor, float, cutlass::layout::RowMajor, float, cutlass::layout::RowMajor, cutlass::gemm::warp::MmaSimtPolicy<cutlass::MatrixShape<int=4, int=8>, cutlass::layout::RowMajorInterleaved<int=2>, cutlass::gemm::GemmShape<int=4, int=4, int=1>>, int=1, bool>, int=1, cutlass::epilogue::threadblock::PredicatedTileIterator<cutlass::epilogue::threadblock::OutputTileOptimalThreadMap<cutlass::epilogue::threadblock::OutputTileShape<int=128, int=1, int=4, int=4, int=1>, cutlass::epilogue::threadblock::OutputTileShape<int=1, int=4, int=2, int=1, int=8>, int=256, int=1, int=32>, float>, cutlass::epilogue::warp::FragmentIteratorSimt<cutlass::gemm::GemmShape<int=32, int=64, int=8>, cutlass::gemm::thread::Mma<cutlass::gemm::GemmShape<int=8, int=8, int=1>, float, cutlass::layout::ColumnMajor, float, cutlass::layout::RowMajor, float, cutlass::layout::RowMajor, cutlass::arch::OpMultiplyAdd, bool>, cutlass::layout::RowMajor, cutlass::gemm::warp::MmaSimtPolicy<cutlass::MatrixShape<int=4, int=8>, cutlass::layout::RowMajorInterleaved<int=2>, cutlass::gemm::GemmShape<int=4, int=4, int=1>>>, cutlass::epilogue::warp::TileIteratorSimt<cutlass::gemm::GemmShape<int=32, int=64, int=8>, cutlass::gemm::thread::Mma<cutlass::gemm::GemmShape<int=8, int=8, int=1>, float, cutlass::layout::ColumnMajor, float, cutlass::layout::RowMajor, float, cutlass::layout::RowMajor, cutlass::arch::OpMultiplyAdd, bool>, float, cutlass::layout::RowMajor, cutlass::gemm::warp::MmaSimtPolicy<cutlass::MatrixShape<int=4, int=8>, cutlass::layout::RowMajorInterleaved<int=2>, cutlass::gemm::GemmShape<int=4, int=4, int=1>>>, cutlass::epilogue::threadblock::SharedLoadIterator<cutlass::epilogue::threadblock::OutputTileOptimalThreadMap<cutlass::epilogue::threadblock::OutputTileShape<int=128, int=1, int=4, int=4, int=1>::CompactedThreadMap, cutlass::epilogue::threadblock::OutputTileShape<int=1, int=4, int=2, int=1, int=8>, int=256, int=1, int=32>, float, int=4>, cutlass::epilogue::thread::LinearCombination<float",21347
7.694864,0.001664,,,,,,,,,,112,64.189617,"Pageable","Device","Tesla V100-PCIE-32GB (0)","1","7","[CUDA memcpy HtoD]",21367
7.695496,0.019488,2048,1,1,384,1,1,16,0.000000,0.000000,,,,,"Tesla V100-PCIE-32GB (0)","1","7","void scal_kernel_val<double, double>(cublasScalParamsVal<double, double>)",21481
7.695928,8.078519,4,1597,1,256,1,1,124,0.000000,16.250000,,,,,"Tesla V100-PCIE-32GB (0)","1","7","void cutlass::Kernel<cutlass::gemm::kernel::Gemm<cutlass::gemm::threadblock::MmaPipelined<cutlass::gemm::GemmShape<int=128, int=128, int=8>, cutlass::transform::threadblock::PredicatedTileIterator<cutlass::MatrixShape<int=128, int=8>, float, cutlass::layout::RowMajor, int=1, cutlass::transform::PitchLinearStripminedThreadMap<cutlass::layout::PitchLinearShape<int=8, int=128>, int=256, int=1>, int=1>, cutlass::transform::threadblock::RegularTileIterator<cutlass::MatrixShape<int=128, int=8>, float, cutlass::layout::ColumnMajor, int=1, cutlass::transform::TransposePitchLinearThreadMapSimt<cutlass::transform::PitchLinearStripminedThreadMap<cutlass::layout::PitchLinearShape<int=8, int=128>, int=256, int=1>>, int=4>, cutlass::transform::threadblock::PredicatedTileIterator<cutlass::MatrixShape<int=8, int=128>, float, cutlass::layout::RowMajor, int=0, cutlass::transform::PitchLinearStripminedThreadMap<cutlass::layout::PitchLinearShape<int=128, int=8>, int=256, int=1>, int=1>, cutlass::transform::threadblock::RegularTileIterator<cutlass::MatrixShape<int=8, int=128>, float, cutlass::layout::RowMajor, int=0, cutlass::transform::PitchLinearStripminedThreadMap<cutlass::layout::PitchLinearShape<int=128, int=8>, int=256, int=1>, int=4>, float, cutlass::layout::RowMajor, cutlass::gemm::threadblock::MmaPolicy<cutlass::gemm::warp::MmaSimt<cutlass::gemm::GemmShape<int=32, int=64, int=8>, float, cutlass::layout::ColumnMajor, float, cutlass::layout::RowMajor, float, cutlass::layout::RowMajor, cutlass::gemm::warp::MmaSimtPolicy<cutlass::MatrixShape<int=4, int=8>, cutlass::layout::RowMajorInterleaved<int=2>, cutlass::gemm::GemmShape<int=4, int=4, int=1>>, int=1, bool>, cutlass::MatrixShape<int=4, int=0>, cutlass::MatrixShape<int=0, int=0>, int=1>, cutlass::NumericArrayConverter<float, float, int=4, cutlass::FloatRoundStyle>, cutlass::NumericArrayConverter<float, float, int=4, cutlass::FloatRoundStyle>, bool>, cutlass::epilogue::threadblock::Epilogue<cutlass::gemm::GemmShape<int=128, int=128, int=8>, cutlass::gemm::warp::MmaSimt<cutlass::gemm::GemmShape<int=32, int=64, int=8>, float, cutlass::layout::ColumnMajor, float, cutlass::layout::RowMajor, float, cutlass::layout::RowMajor, cutlass::gemm::warp::MmaSimtPolicy<cutlass::MatrixShape<int=4, int=8>, cutlass::layout::RowMajorInterleaved<int=2>, cutlass::gemm::GemmShape<int=4, int=4, int=1>>, int=1, bool>, int=1, cutlass::epilogue::threadblock::PredicatedTileIterator<cutlass::epilogue::threadblock::OutputTileOptimalThreadMap<cutlass::epilogue::threadblock::OutputTileShape<int=128, int=1, int=4, int=4, int=1>, cutlass::epilogue::threadblock::OutputTileShape<int=1, int=4, int=2, int=1, int=8>, int=256, int=1, int=32>, float>, cutlass::epilogue::warp::FragmentIteratorSimt<cutlass::gemm::GemmShape<int=32, int=64, int=8>, cutlass::gemm::thread::Mma<cutlass::gemm::GemmShape<int=8, int=8, int=1>, float, cutlass::layout::ColumnMajor, float, cutlass::layout::RowMajor, float, cutlass::layout::RowMajor, cutlass::arch::OpMultiplyAdd, bool>, cutlass::layout::RowMajor, cutlass::gemm::warp::MmaSimtPolicy<cutlass::MatrixShape<int=4, int=8>, cutlass::layout::RowMajorInterleaved<int=2>, cutlass::gemm::GemmShape<int=4, int=4, int=1>>>, cutlass::epilogue::warp::TileIteratorSimt<cutlass::gemm::GemmShape<int=32, int=64, int=8>, cutlass::gemm::thread::Mma<cutlass::gemm::GemmShape<int=8, int=8, int=1>, float, cutlass::layout::ColumnMajor, float, cutlass::layout::RowMajor, float, cutlass::layout::RowMajor, cutlass::arch::OpMultiplyAdd, bool>, float, cutlass::layout::RowMajor, cutlass::gemm::warp::MmaSimtPolicy<cutlass::MatrixShape<int=4, int=8>, cutlass::layout::RowMajorInterleaved<int=2>, cutlass::gemm::GemmShape<int=4, int=4, int=1>>>, cutlass::epilogue::threadblock::SharedLoadIterator<cutlass::epilogue::threadblock::OutputTileOptimalThreadMap<cutlass::epilogue::threadblock::OutputTileShape<int=128, int=1, int=4, int=4, int=1>::CompactedThreadMap, cutlass::epilogue::threadblock::OutputTileShape<int=1, int=4, int=2, int=1, int=8>, int=256, int=1, int=32>, float, int=4>, cutlass::epilogue::thread::LinearCombination<float",21510
7.704015,0.001504,,,,,,,,,,112,71.018300,"Pageable","Device","Tesla V100-PCIE-32GB (0)","1","7","[CUDA memcpy HtoD]",21530
7.706695,0.019712,2048,1,1,384,1,1,16,0.000000,0.000000,,,,,"Tesla V100-PCIE-32GB (0)","1","7","void scal_kernel_val<double, double>(cublasScalParamsVal<double, double>)",21644
7.707153,8.077399,4,1597,1,256,1,1,124,0.000000,16.250000,,,,,"Tesla V100-PCIE-32GB (0)","1","7","void cutlass::Kernel<cutlass::gemm::kernel::Gemm<cutlass::gemm::threadblock::MmaPipelined<cutlass::gemm::GemmShape<int=128, int=128, int=8>, cutlass::transform::threadblock::PredicatedTileIterator<cutlass::MatrixShape<int=128, int=8>, float, cutlass::layout::RowMajor, int=1, cutlass::transform::PitchLinearStripminedThreadMap<cutlass::layout::PitchLinearShape<int=8, int=128>, int=256, int=1>, int=1>, cutlass::transform::threadblock::RegularTileIterator<cutlass::MatrixShape<int=128, int=8>, float, cutlass::layout::ColumnMajor, int=1, cutlass::transform::TransposePitchLinearThreadMapSimt<cutlass::transform::PitchLinearStripminedThreadMap<cutlass::layout::PitchLinearShape<int=8, int=128>, int=256, int=1>>, int=4>, cutlass::transform::threadblock::PredicatedTileIterator<cutlass::MatrixShape<int=8, int=128>, float, cutlass::layout::RowMajor, int=0, cutlass::transform::PitchLinearStripminedThreadMap<cutlass::layout::PitchLinearShape<int=128, int=8>, int=256, int=1>, int=1>, cutlass::transform::threadblock::RegularTileIterator<cutlass::MatrixShape<int=8, int=128>, float, cutlass::layout::RowMajor, int=0, cutlass::transform::PitchLinearStripminedThreadMap<cutlass::layout::PitchLinearShape<int=128, int=8>, int=256, int=1>, int=4>, float, cutlass::layout::RowMajor, cutlass::gemm::threadblock::MmaPolicy<cutlass::gemm::warp::MmaSimt<cutlass::gemm::GemmShape<int=32, int=64, int=8>, float, cutlass::layout::ColumnMajor, float, cutlass::layout::RowMajor, float, cutlass::layout::RowMajor, cutlass::gemm::warp::MmaSimtPolicy<cutlass::MatrixShape<int=4, int=8>, cutlass::layout::RowMajorInterleaved<int=2>, cutlass::gemm::GemmShape<int=4, int=4, int=1>>, int=1, bool>, cutlass::MatrixShape<int=4, int=0>, cutlass::MatrixShape<int=0, int=0>, int=1>, cutlass::NumericArrayConverter<float, float, int=4, cutlass::FloatRoundStyle>, cutlass::NumericArrayConverter<float, float, int=4, cutlass::FloatRoundStyle>, bool>, cutlass::epilogue::threadblock::Epilogue<cutlass::gemm::GemmShape<int=128, int=128, int=8>, cutlass::gemm::warp::MmaSimt<cutlass::gemm::GemmShape<int=32, int=64, int=8>, float, cutlass::layout::ColumnMajor, float, cutlass::layout::RowMajor, float, cutlass::layout::RowMajor, cutlass::gemm::warp::MmaSimtPolicy<cutlass::MatrixShape<int=4, int=8>, cutlass::layout::RowMajorInterleaved<int=2>, cutlass::gemm::GemmShape<int=4, int=4, int=1>>, int=1, bool>, int=1, cutlass::epilogue::threadblock::PredicatedTileIterator<cutlass::epilogue::threadblock::OutputTileOptimalThreadMap<cutlass::epilogue::threadblock::OutputTileShape<int=128, int=1, int=4, int=4, int=1>, cutlass::epilogue::threadblock::OutputTileShape<int=1, int=4, int=2, int=1, int=8>, int=256, int=1, int=32>, float>, cutlass::epilogue::warp::FragmentIteratorSimt<cutlass::gemm::GemmShape<int=32, int=64, int=8>, cutlass::gemm::thread::Mma<cutlass::gemm::GemmShape<int=8, int=8, int=1>, float, cutlass::layout::ColumnMajor, float, cutlass::layout::RowMajor, float, cutlass::layout::RowMajor, cutlass::arch::OpMultiplyAdd, bool>, cutlass::layout::RowMajor, cutlass::gemm::warp::MmaSimtPolicy<cutlass::MatrixShape<int=4, int=8>, cutlass::layout::RowMajorInterleaved<int=2>, cutlass::gemm::GemmShape<int=4, int=4, int=1>>>, cutlass::epilogue::warp::TileIteratorSimt<cutlass::gemm::GemmShape<int=32, int=64, int=8>, cutlass::gemm::thread::Mma<cutlass::gemm::GemmShape<int=8, int=8, int=1>, float, cutlass::layout::ColumnMajor, float, cutlass::layout::RowMajor, float, cutlass::layout::RowMajor, cutlass::arch::OpMultiplyAdd, bool>, float, cutlass::layout::RowMajor, cutlass::gemm::warp::MmaSimtPolicy<cutlass::MatrixShape<int=4, int=8>, cutlass::layout::RowMajorInterleaved<int=2>, cutlass::gemm::GemmShape<int=4, int=4, int=1>>>, cutlass::epilogue::threadblock::SharedLoadIterator<cutlass::epilogue::threadblock::OutputTileOptimalThreadMap<cutlass::epilogue::threadblock::OutputTileShape<int=128, int=1, int=4, int=4, int=1>::CompactedThreadMap, cutlass::epilogue::threadblock::OutputTileShape<int=1, int=4, int=2, int=1, int=8>, int=256, int=1, int=32>, float, int=4>, cutlass::epilogue::thread::LinearCombination<float",21673
7.715239,0.001504,,,,,,,,,,112,71.018300,"Pageable","Device","Tesla V100-PCIE-32GB (0)","1","7","[CUDA memcpy HtoD]",21693
7.715882,0.020095,2048,1,1,384,1,1,16,0.000000,0.000000,,,,,"Tesla V100-PCIE-32GB (0)","1","7","void scal_kernel_val<double, double>(cublasScalParamsVal<double, double>)",21807
7.716308,8.077718,4,1597,1,256,1,1,124,0.000000,16.250000,,,,,"Tesla V100-PCIE-32GB (0)","1","7","void cutlass::Kernel<cutlass::gemm::kernel::Gemm<cutlass::gemm::threadblock::MmaPipelined<cutlass::gemm::GemmShape<int=128, int=128, int=8>, cutlass::transform::threadblock::PredicatedTileIterator<cutlass::MatrixShape<int=128, int=8>, float, cutlass::layout::RowMajor, int=1, cutlass::transform::PitchLinearStripminedThreadMap<cutlass::layout::PitchLinearShape<int=8, int=128>, int=256, int=1>, int=1>, cutlass::transform::threadblock::RegularTileIterator<cutlass::MatrixShape<int=128, int=8>, float, cutlass::layout::ColumnMajor, int=1, cutlass::transform::TransposePitchLinearThreadMapSimt<cutlass::transform::PitchLinearStripminedThreadMap<cutlass::layout::PitchLinearShape<int=8, int=128>, int=256, int=1>>, int=4>, cutlass::transform::threadblock::PredicatedTileIterator<cutlass::MatrixShape<int=8, int=128>, float, cutlass::layout::RowMajor, int=0, cutlass::transform::PitchLinearStripminedThreadMap<cutlass::layout::PitchLinearShape<int=128, int=8>, int=256, int=1>, int=1>, cutlass::transform::threadblock::RegularTileIterator<cutlass::MatrixShape<int=8, int=128>, float, cutlass::layout::RowMajor, int=0, cutlass::transform::PitchLinearStripminedThreadMap<cutlass::layout::PitchLinearShape<int=128, int=8>, int=256, int=1>, int=4>, float, cutlass::layout::RowMajor, cutlass::gemm::threadblock::MmaPolicy<cutlass::gemm::warp::MmaSimt<cutlass::gemm::GemmShape<int=32, int=64, int=8>, float, cutlass::layout::ColumnMajor, float, cutlass::layout::RowMajor, float, cutlass::layout::RowMajor, cutlass::gemm::warp::MmaSimtPolicy<cutlass::MatrixShape<int=4, int=8>, cutlass::layout::RowMajorInterleaved<int=2>, cutlass::gemm::GemmShape<int=4, int=4, int=1>>, int=1, bool>, cutlass::MatrixShape<int=4, int=0>, cutlass::MatrixShape<int=0, int=0>, int=1>, cutlass::NumericArrayConverter<float, float, int=4, cutlass::FloatRoundStyle>, cutlass::NumericArrayConverter<float, float, int=4, cutlass::FloatRoundStyle>, bool>, cutlass::epilogue::threadblock::Epilogue<cutlass::gemm::GemmShape<int=128, int=128, int=8>, cutlass::gemm::warp::MmaSimt<cutlass::gemm::GemmShape<int=32, int=64, int=8>, float, cutlass::layout::ColumnMajor, float, cutlass::layout::RowMajor, float, cutlass::layout::RowMajor, cutlass::gemm::warp::MmaSimtPolicy<cutlass::MatrixShape<int=4, int=8>, cutlass::layout::RowMajorInterleaved<int=2>, cutlass::gemm::GemmShape<int=4, int=4, int=1>>, int=1, bool>, int=1, cutlass::epilogue::threadblock::PredicatedTileIterator<cutlass::epilogue::threadblock::OutputTileOptimalThreadMap<cutlass::epilogue::threadblock::OutputTileShape<int=128, int=1, int=4, int=4, int=1>, cutlass::epilogue::threadblock::OutputTileShape<int=1, int=4, int=2, int=1, int=8>, int=256, int=1, int=32>, float>, cutlass::epilogue::warp::FragmentIteratorSimt<cutlass::gemm::GemmShape<int=32, int=64, int=8>, cutlass::gemm::thread::Mma<cutlass::gemm::GemmShape<int=8, int=8, int=1>, float, cutlass::layout::ColumnMajor, float, cutlass::layout::RowMajor, float, cutlass::layout::RowMajor, cutlass::arch::OpMultiplyAdd, bool>, cutlass::layout::RowMajor, cutlass::gemm::warp::MmaSimtPolicy<cutlass::MatrixShape<int=4, int=8>, cutlass::layout::RowMajorInterleaved<int=2>, cutlass::gemm::GemmShape<int=4, int=4, int=1>>>, cutlass::epilogue::warp::TileIteratorSimt<cutlass::gemm::GemmShape<int=32, int=64, int=8>, cutlass::gemm::thread::Mma<cutlass::gemm::GemmShape<int=8, int=8, int=1>, float, cutlass::layout::ColumnMajor, float, cutlass::layout::RowMajor, float, cutlass::layout::RowMajor, cutlass::arch::OpMultiplyAdd, bool>, float, cutlass::layout::RowMajor, cutlass::gemm::warp::MmaSimtPolicy<cutlass::MatrixShape<int=4, int=8>, cutlass::layout::RowMajorInterleaved<int=2>, cutlass::gemm::GemmShape<int=4, int=4, int=1>>>, cutlass::epilogue::threadblock::SharedLoadIterator<cutlass::epilogue::threadblock::OutputTileOptimalThreadMap<cutlass::epilogue::threadblock::OutputTileShape<int=128, int=1, int=4, int=4, int=1>::CompactedThreadMap, cutlass::epilogue::threadblock::OutputTileShape<int=1, int=4, int=2, int=1, int=8>, int=256, int=1, int=32>, float, int=4>, cutlass::epilogue::thread::LinearCombination<float",21836
7.724394,0.001856,,,,,,,,,,112,57.549312,"Pageable","Device","Tesla V100-PCIE-32GB (0)","1","7","[CUDA memcpy HtoD]",21856
7.725033,0.019968,2048,1,1,384,1,1,16,0.000000,0.000000,,,,,"Tesla V100-PCIE-32GB (0)","1","7","void scal_kernel_val<double, double>(cublasScalParamsVal<double, double>)",21970
7.725462,8.079447,4,1597,1,256,1,1,124,0.000000,16.250000,,,,,"Tesla V100-PCIE-32GB (0)","1","7","void cutlass::Kernel<cutlass::gemm::kernel::Gemm<cutlass::gemm::threadblock::MmaPipelined<cutlass::gemm::GemmShape<int=128, int=128, int=8>, cutlass::transform::threadblock::PredicatedTileIterator<cutlass::MatrixShape<int=128, int=8>, float, cutlass::layout::RowMajor, int=1, cutlass::transform::PitchLinearStripminedThreadMap<cutlass::layout::PitchLinearShape<int=8, int=128>, int=256, int=1>, int=1>, cutlass::transform::threadblock::RegularTileIterator<cutlass::MatrixShape<int=128, int=8>, float, cutlass::layout::ColumnMajor, int=1, cutlass::transform::TransposePitchLinearThreadMapSimt<cutlass::transform::PitchLinearStripminedThreadMap<cutlass::layout::PitchLinearShape<int=8, int=128>, int=256, int=1>>, int=4>, cutlass::transform::threadblock::PredicatedTileIterator<cutlass::MatrixShape<int=8, int=128>, float, cutlass::layout::RowMajor, int=0, cutlass::transform::PitchLinearStripminedThreadMap<cutlass::layout::PitchLinearShape<int=128, int=8>, int=256, int=1>, int=1>, cutlass::transform::threadblock::RegularTileIterator<cutlass::MatrixShape<int=8, int=128>, float, cutlass::layout::RowMajor, int=0, cutlass::transform::PitchLinearStripminedThreadMap<cutlass::layout::PitchLinearShape<int=128, int=8>, int=256, int=1>, int=4>, float, cutlass::layout::RowMajor, cutlass::gemm::threadblock::MmaPolicy<cutlass::gemm::warp::MmaSimt<cutlass::gemm::GemmShape<int=32, int=64, int=8>, float, cutlass::layout::ColumnMajor, float, cutlass::layout::RowMajor, float, cutlass::layout::RowMajor, cutlass::gemm::warp::MmaSimtPolicy<cutlass::MatrixShape<int=4, int=8>, cutlass::layout::RowMajorInterleaved<int=2>, cutlass::gemm::GemmShape<int=4, int=4, int=1>>, int=1, bool>, cutlass::MatrixShape<int=4, int=0>, cutlass::MatrixShape<int=0, int=0>, int=1>, cutlass::NumericArrayConverter<float, float, int=4, cutlass::FloatRoundStyle>, cutlass::NumericArrayConverter<float, float, int=4, cutlass::FloatRoundStyle>, bool>, cutlass::epilogue::threadblock::Epilogue<cutlass::gemm::GemmShape<int=128, int=128, int=8>, cutlass::gemm::warp::MmaSimt<cutlass::gemm::GemmShape<int=32, int=64, int=8>, float, cutlass::layout::ColumnMajor, float, cutlass::layout::RowMajor, float, cutlass::layout::RowMajor, cutlass::gemm::warp::MmaSimtPolicy<cutlass::MatrixShape<int=4, int=8>, cutlass::layout::RowMajorInterleaved<int=2>, cutlass::gemm::GemmShape<int=4, int=4, int=1>>, int=1, bool>, int=1, cutlass::epilogue::threadblock::PredicatedTileIterator<cutlass::epilogue::threadblock::OutputTileOptimalThreadMap<cutlass::epilogue::threadblock::OutputTileShape<int=128, int=1, int=4, int=4, int=1>, cutlass::epilogue::threadblock::OutputTileShape<int=1, int=4, int=2, int=1, int=8>, int=256, int=1, int=32>, float>, cutlass::epilogue::warp::FragmentIteratorSimt<cutlass::gemm::GemmShape<int=32, int=64, int=8>, cutlass::gemm::thread::Mma<cutlass::gemm::GemmShape<int=8, int=8, int=1>, float, cutlass::layout::ColumnMajor, float, cutlass::layout::RowMajor, float, cutlass::layout::RowMajor, cutlass::arch::OpMultiplyAdd, bool>, cutlass::layout::RowMajor, cutlass::gemm::warp::MmaSimtPolicy<cutlass::MatrixShape<int=4, int=8>, cutlass::layout::RowMajorInterleaved<int=2>, cutlass::gemm::GemmShape<int=4, int=4, int=1>>>, cutlass::epilogue::warp::TileIteratorSimt<cutlass::gemm::GemmShape<int=32, int=64, int=8>, cutlass::gemm::thread::Mma<cutlass::gemm::GemmShape<int=8, int=8, int=1>, float, cutlass::layout::ColumnMajor, float, cutlass::layout::RowMajor, float, cutlass::layout::RowMajor, cutlass::arch::OpMultiplyAdd, bool>, float, cutlass::layout::RowMajor, cutlass::gemm::warp::MmaSimtPolicy<cutlass::MatrixShape<int=4, int=8>, cutlass::layout::RowMajorInterleaved<int=2>, cutlass::gemm::GemmShape<int=4, int=4, int=1>>>, cutlass::epilogue::threadblock::SharedLoadIterator<cutlass::epilogue::threadblock::OutputTileOptimalThreadMap<cutlass::epilogue::threadblock::OutputTileShape<int=128, int=1, int=4, int=4, int=1>::CompactedThreadMap, cutlass::epilogue::threadblock::OutputTileShape<int=1, int=4, int=2, int=1, int=8>, int=256, int=1, int=32>, float, int=4>, cutlass::epilogue::thread::LinearCombination<float",21999
7.733550,0.001472,,,,,,,,,,112,72.562176,"Pageable","Device","Tesla V100-PCIE-32GB (0)","1","7","[CUDA memcpy HtoD]",22019
7.734190,0.020224,2048,1,1,384,1,1,16,0.000000,0.000000,,,,,"Tesla V100-PCIE-32GB (0)","1","7","void scal_kernel_val<double, double>(cublasScalParamsVal<double, double>)",22133
7.734616,8.077174,4,1597,1,256,1,1,124,0.000000,16.250000,,,,,"Tesla V100-PCIE-32GB (0)","1","7","void cutlass::Kernel<cutlass::gemm::kernel::Gemm<cutlass::gemm::threadblock::MmaPipelined<cutlass::gemm::GemmShape<int=128, int=128, int=8>, cutlass::transform::threadblock::PredicatedTileIterator<cutlass::MatrixShape<int=128, int=8>, float, cutlass::layout::RowMajor, int=1, cutlass::transform::PitchLinearStripminedThreadMap<cutlass::layout::PitchLinearShape<int=8, int=128>, int=256, int=1>, int=1>, cutlass::transform::threadblock::RegularTileIterator<cutlass::MatrixShape<int=128, int=8>, float, cutlass::layout::ColumnMajor, int=1, cutlass::transform::TransposePitchLinearThreadMapSimt<cutlass::transform::PitchLinearStripminedThreadMap<cutlass::layout::PitchLinearShape<int=8, int=128>, int=256, int=1>>, int=4>, cutlass::transform::threadblock::PredicatedTileIterator<cutlass::MatrixShape<int=8, int=128>, float, cutlass::layout::RowMajor, int=0, cutlass::transform::PitchLinearStripminedThreadMap<cutlass::layout::PitchLinearShape<int=128, int=8>, int=256, int=1>, int=1>, cutlass::transform::threadblock::RegularTileIterator<cutlass::MatrixShape<int=8, int=128>, float, cutlass::layout::RowMajor, int=0, cutlass::transform::PitchLinearStripminedThreadMap<cutlass::layout::PitchLinearShape<int=128, int=8>, int=256, int=1>, int=4>, float, cutlass::layout::RowMajor, cutlass::gemm::threadblock::MmaPolicy<cutlass::gemm::warp::MmaSimt<cutlass::gemm::GemmShape<int=32, int=64, int=8>, float, cutlass::layout::ColumnMajor, float, cutlass::layout::RowMajor, float, cutlass::layout::RowMajor, cutlass::gemm::warp::MmaSimtPolicy<cutlass::MatrixShape<int=4, int=8>, cutlass::layout::RowMajorInterleaved<int=2>, cutlass::gemm::GemmShape<int=4, int=4, int=1>>, int=1, bool>, cutlass::MatrixShape<int=4, int=0>, cutlass::MatrixShape<int=0, int=0>, int=1>, cutlass::NumericArrayConverter<float, float, int=4, cutlass::FloatRoundStyle>, cutlass::NumericArrayConverter<float, float, int=4, cutlass::FloatRoundStyle>, bool>, cutlass::epilogue::threadblock::Epilogue<cutlass::gemm::GemmShape<int=128, int=128, int=8>, cutlass::gemm::warp::MmaSimt<cutlass::gemm::GemmShape<int=32, int=64, int=8>, float, cutlass::layout::ColumnMajor, float, cutlass::layout::RowMajor, float, cutlass::layout::RowMajor, cutlass::gemm::warp::MmaSimtPolicy<cutlass::MatrixShape<int=4, int=8>, cutlass::layout::RowMajorInterleaved<int=2>, cutlass::gemm::GemmShape<int=4, int=4, int=1>>, int=1, bool>, int=1, cutlass::epilogue::threadblock::PredicatedTileIterator<cutlass::epilogue::threadblock::OutputTileOptimalThreadMap<cutlass::epilogue::threadblock::OutputTileShape<int=128, int=1, int=4, int=4, int=1>, cutlass::epilogue::threadblock::OutputTileShape<int=1, int=4, int=2, int=1, int=8>, int=256, int=1, int=32>, float>, cutlass::epilogue::warp::FragmentIteratorSimt<cutlass::gemm::GemmShape<int=32, int=64, int=8>, cutlass::gemm::thread::Mma<cutlass::gemm::GemmShape<int=8, int=8, int=1>, float, cutlass::layout::ColumnMajor, float, cutlass::layout::RowMajor, float, cutlass::layout::RowMajor, cutlass::arch::OpMultiplyAdd, bool>, cutlass::layout::RowMajor, cutlass::gemm::warp::MmaSimtPolicy<cutlass::MatrixShape<int=4, int=8>, cutlass::layout::RowMajorInterleaved<int=2>, cutlass::gemm::GemmShape<int=4, int=4, int=1>>>, cutlass::epilogue::warp::TileIteratorSimt<cutlass::gemm::GemmShape<int=32, int=64, int=8>, cutlass::gemm::thread::Mma<cutlass::gemm::GemmShape<int=8, int=8, int=1>, float, cutlass::layout::ColumnMajor, float, cutlass::layout::RowMajor, float, cutlass::layout::RowMajor, cutlass::arch::OpMultiplyAdd, bool>, float, cutlass::layout::RowMajor, cutlass::gemm::warp::MmaSimtPolicy<cutlass::MatrixShape<int=4, int=8>, cutlass::layout::RowMajorInterleaved<int=2>, cutlass::gemm::GemmShape<int=4, int=4, int=1>>>, cutlass::epilogue::threadblock::SharedLoadIterator<cutlass::epilogue::threadblock::OutputTileOptimalThreadMap<cutlass::epilogue::threadblock::OutputTileShape<int=128, int=1, int=4, int=4, int=1>::CompactedThreadMap, cutlass::epilogue::threadblock::OutputTileShape<int=1, int=4, int=2, int=1, int=8>, int=256, int=1, int=32>, float, int=4>, cutlass::epilogue::thread::LinearCombination<float",22162
7.744585,0.001504,,,,,,,,,,112,71.018300,"Pageable","Device","Tesla V100-PCIE-32GB (0)","1","7","[CUDA memcpy HtoD]",22182
7.745425,0.019679,2048,1,1,384,1,1,16,0.000000,0.000000,,,,,"Tesla V100-PCIE-32GB (0)","1","7","void scal_kernel_val<double, double>(cublasScalParamsVal<double, double>)",22296
7.745978,8.078582,4,1597,1,256,1,1,124,0.000000,16.250000,,,,,"Tesla V100-PCIE-32GB (0)","1","7","void cutlass::Kernel<cutlass::gemm::kernel::Gemm<cutlass::gemm::threadblock::MmaPipelined<cutlass::gemm::GemmShape<int=128, int=128, int=8>, cutlass::transform::threadblock::PredicatedTileIterator<cutlass::MatrixShape<int=128, int=8>, float, cutlass::layout::RowMajor, int=1, cutlass::transform::PitchLinearStripminedThreadMap<cutlass::layout::PitchLinearShape<int=8, int=128>, int=256, int=1>, int=1>, cutlass::transform::threadblock::RegularTileIterator<cutlass::MatrixShape<int=128, int=8>, float, cutlass::layout::ColumnMajor, int=1, cutlass::transform::TransposePitchLinearThreadMapSimt<cutlass::transform::PitchLinearStripminedThreadMap<cutlass::layout::PitchLinearShape<int=8, int=128>, int=256, int=1>>, int=4>, cutlass::transform::threadblock::PredicatedTileIterator<cutlass::MatrixShape<int=8, int=128>, float, cutlass::layout::RowMajor, int=0, cutlass::transform::PitchLinearStripminedThreadMap<cutlass::layout::PitchLinearShape<int=128, int=8>, int=256, int=1>, int=1>, cutlass::transform::threadblock::RegularTileIterator<cutlass::MatrixShape<int=8, int=128>, float, cutlass::layout::RowMajor, int=0, cutlass::transform::PitchLinearStripminedThreadMap<cutlass::layout::PitchLinearShape<int=128, int=8>, int=256, int=1>, int=4>, float, cutlass::layout::RowMajor, cutlass::gemm::threadblock::MmaPolicy<cutlass::gemm::warp::MmaSimt<cutlass::gemm::GemmShape<int=32, int=64, int=8>, float, cutlass::layout::ColumnMajor, float, cutlass::layout::RowMajor, float, cutlass::layout::RowMajor, cutlass::gemm::warp::MmaSimtPolicy<cutlass::MatrixShape<int=4, int=8>, cutlass::layout::RowMajorInterleaved<int=2>, cutlass::gemm::GemmShape<int=4, int=4, int=1>>, int=1, bool>, cutlass::MatrixShape<int=4, int=0>, cutlass::MatrixShape<int=0, int=0>, int=1>, cutlass::NumericArrayConverter<float, float, int=4, cutlass::FloatRoundStyle>, cutlass::NumericArrayConverter<float, float, int=4, cutlass::FloatRoundStyle>, bool>, cutlass::epilogue::threadblock::Epilogue<cutlass::gemm::GemmShape<int=128, int=128, int=8>, cutlass::gemm::warp::MmaSimt<cutlass::gemm::GemmShape<int=32, int=64, int=8>, float, cutlass::layout::ColumnMajor, float, cutlass::layout::RowMajor, float, cutlass::layout::RowMajor, cutlass::gemm::warp::MmaSimtPolicy<cutlass::MatrixShape<int=4, int=8>, cutlass::layout::RowMajorInterleaved<int=2>, cutlass::gemm::GemmShape<int=4, int=4, int=1>>, int=1, bool>, int=1, cutlass::epilogue::threadblock::PredicatedTileIterator<cutlass::epilogue::threadblock::OutputTileOptimalThreadMap<cutlass::epilogue::threadblock::OutputTileShape<int=128, int=1, int=4, int=4, int=1>, cutlass::epilogue::threadblock::OutputTileShape<int=1, int=4, int=2, int=1, int=8>, int=256, int=1, int=32>, float>, cutlass::epilogue::warp::FragmentIteratorSimt<cutlass::gemm::GemmShape<int=32, int=64, int=8>, cutlass::gemm::thread::Mma<cutlass::gemm::GemmShape<int=8, int=8, int=1>, float, cutlass::layout::ColumnMajor, float, cutlass::layout::RowMajor, float, cutlass::layout::RowMajor, cutlass::arch::OpMultiplyAdd, bool>, cutlass::layout::RowMajor, cutlass::gemm::warp::MmaSimtPolicy<cutlass::MatrixShape<int=4, int=8>, cutlass::layout::RowMajorInterleaved<int=2>, cutlass::gemm::GemmShape<int=4, int=4, int=1>>>, cutlass::epilogue::warp::TileIteratorSimt<cutlass::gemm::GemmShape<int=32, int=64, int=8>, cutlass::gemm::thread::Mma<cutlass::gemm::GemmShape<int=8, int=8, int=1>, float, cutlass::layout::ColumnMajor, float, cutlass::layout::RowMajor, float, cutlass::layout::RowMajor, cutlass::arch::OpMultiplyAdd, bool>, float, cutlass::layout::RowMajor, cutlass::gemm::warp::MmaSimtPolicy<cutlass::MatrixShape<int=4, int=8>, cutlass::layout::RowMajorInterleaved<int=2>, cutlass::gemm::GemmShape<int=4, int=4, int=1>>>, cutlass::epilogue::threadblock::SharedLoadIterator<cutlass::epilogue::threadblock::OutputTileOptimalThreadMap<cutlass::epilogue::threadblock::OutputTileShape<int=128, int=1, int=4, int=4, int=1>::CompactedThreadMap, cutlass::epilogue::threadblock::OutputTileShape<int=1, int=4, int=2, int=1, int=8>, int=256, int=1, int=32>, float, int=4>, cutlass::epilogue::thread::LinearCombination<float",22325
7.754065,0.001472,,,,,,,,,,112,72.562176,"Pageable","Device","Tesla V100-PCIE-32GB (0)","1","7","[CUDA memcpy HtoD]",22345
7.754697,0.020096,2048,1,1,384,1,1,16,0.000000,0.000000,,,,,"Tesla V100-PCIE-32GB (0)","1","7","void scal_kernel_val<double, double>(cublasScalParamsVal<double, double>)",22459
7.755122,8.078391,4,1597,1,256,1,1,124,0.000000,16.250000,,,,,"Tesla V100-PCIE-32GB (0)","1","7","void cutlass::Kernel<cutlass::gemm::kernel::Gemm<cutlass::gemm::threadblock::MmaPipelined<cutlass::gemm::GemmShape<int=128, int=128, int=8>, cutlass::transform::threadblock::PredicatedTileIterator<cutlass::MatrixShape<int=128, int=8>, float, cutlass::layout::RowMajor, int=1, cutlass::transform::PitchLinearStripminedThreadMap<cutlass::layout::PitchLinearShape<int=8, int=128>, int=256, int=1>, int=1>, cutlass::transform::threadblock::RegularTileIterator<cutlass::MatrixShape<int=128, int=8>, float, cutlass::layout::ColumnMajor, int=1, cutlass::transform::TransposePitchLinearThreadMapSimt<cutlass::transform::PitchLinearStripminedThreadMap<cutlass::layout::PitchLinearShape<int=8, int=128>, int=256, int=1>>, int=4>, cutlass::transform::threadblock::PredicatedTileIterator<cutlass::MatrixShape<int=8, int=128>, float, cutlass::layout::RowMajor, int=0, cutlass::transform::PitchLinearStripminedThreadMap<cutlass::layout::PitchLinearShape<int=128, int=8>, int=256, int=1>, int=1>, cutlass::transform::threadblock::RegularTileIterator<cutlass::MatrixShape<int=8, int=128>, float, cutlass::layout::RowMajor, int=0, cutlass::transform::PitchLinearStripminedThreadMap<cutlass::layout::PitchLinearShape<int=128, int=8>, int=256, int=1>, int=4>, float, cutlass::layout::RowMajor, cutlass::gemm::threadblock::MmaPolicy<cutlass::gemm::warp::MmaSimt<cutlass::gemm::GemmShape<int=32, int=64, int=8>, float, cutlass::layout::ColumnMajor, float, cutlass::layout::RowMajor, float, cutlass::layout::RowMajor, cutlass::gemm::warp::MmaSimtPolicy<cutlass::MatrixShape<int=4, int=8>, cutlass::layout::RowMajorInterleaved<int=2>, cutlass::gemm::GemmShape<int=4, int=4, int=1>>, int=1, bool>, cutlass::MatrixShape<int=4, int=0>, cutlass::MatrixShape<int=0, int=0>, int=1>, cutlass::NumericArrayConverter<float, float, int=4, cutlass::FloatRoundStyle>, cutlass::NumericArrayConverter<float, float, int=4, cutlass::FloatRoundStyle>, bool>, cutlass::epilogue::threadblock::Epilogue<cutlass::gemm::GemmShape<int=128, int=128, int=8>, cutlass::gemm::warp::MmaSimt<cutlass::gemm::GemmShape<int=32, int=64, int=8>, float, cutlass::layout::ColumnMajor, float, cutlass::layout::RowMajor, float, cutlass::layout::RowMajor, cutlass::gemm::warp::MmaSimtPolicy<cutlass::MatrixShape<int=4, int=8>, cutlass::layout::RowMajorInterleaved<int=2>, cutlass::gemm::GemmShape<int=4, int=4, int=1>>, int=1, bool>, int=1, cutlass::epilogue::threadblock::PredicatedTileIterator<cutlass::epilogue::threadblock::OutputTileOptimalThreadMap<cutlass::epilogue::threadblock::OutputTileShape<int=128, int=1, int=4, int=4, int=1>, cutlass::epilogue::threadblock::OutputTileShape<int=1, int=4, int=2, int=1, int=8>, int=256, int=1, int=32>, float>, cutlass::epilogue::warp::FragmentIteratorSimt<cutlass::gemm::GemmShape<int=32, int=64, int=8>, cutlass::gemm::thread::Mma<cutlass::gemm::GemmShape<int=8, int=8, int=1>, float, cutlass::layout::ColumnMajor, float, cutlass::layout::RowMajor, float, cutlass::layout::RowMajor, cutlass::arch::OpMultiplyAdd, bool>, cutlass::layout::RowMajor, cutlass::gemm::warp::MmaSimtPolicy<cutlass::MatrixShape<int=4, int=8>, cutlass::layout::RowMajorInterleaved<int=2>, cutlass::gemm::GemmShape<int=4, int=4, int=1>>>, cutlass::epilogue::warp::TileIteratorSimt<cutlass::gemm::GemmShape<int=32, int=64, int=8>, cutlass::gemm::thread::Mma<cutlass::gemm::GemmShape<int=8, int=8, int=1>, float, cutlass::layout::ColumnMajor, float, cutlass::layout::RowMajor, float, cutlass::layout::RowMajor, cutlass::arch::OpMultiplyAdd, bool>, float, cutlass::layout::RowMajor, cutlass::gemm::warp::MmaSimtPolicy<cutlass::MatrixShape<int=4, int=8>, cutlass::layout::RowMajorInterleaved<int=2>, cutlass::gemm::GemmShape<int=4, int=4, int=1>>>, cutlass::epilogue::threadblock::SharedLoadIterator<cutlass::epilogue::threadblock::OutputTileOptimalThreadMap<cutlass::epilogue::threadblock::OutputTileShape<int=128, int=1, int=4, int=4, int=1>::CompactedThreadMap, cutlass::epilogue::threadblock::OutputTileShape<int=1, int=4, int=2, int=1, int=8>, int=256, int=1, int=32>, float, int=4>, cutlass::epilogue::thread::LinearCombination<float",22488
7.763209,0.001504,,,,,,,,,,112,71.018300,"Pageable","Device","Tesla V100-PCIE-32GB (0)","1","7","[CUDA memcpy HtoD]",22508
7.763852,0.020416,2048,1,1,384,1,1,16,0.000000,0.000000,,,,,"Tesla V100-PCIE-32GB (0)","1","7","void scal_kernel_val<double, double>(cublasScalParamsVal<double, double>)",22622
7.764279,8.076694,4,1597,1,256,1,1,124,0.000000,16.250000,,,,,"Tesla V100-PCIE-32GB (0)","1","7","void cutlass::Kernel<cutlass::gemm::kernel::Gemm<cutlass::gemm::threadblock::MmaPipelined<cutlass::gemm::GemmShape<int=128, int=128, int=8>, cutlass::transform::threadblock::PredicatedTileIterator<cutlass::MatrixShape<int=128, int=8>, float, cutlass::layout::RowMajor, int=1, cutlass::transform::PitchLinearStripminedThreadMap<cutlass::layout::PitchLinearShape<int=8, int=128>, int=256, int=1>, int=1>, cutlass::transform::threadblock::RegularTileIterator<cutlass::MatrixShape<int=128, int=8>, float, cutlass::layout::ColumnMajor, int=1, cutlass::transform::TransposePitchLinearThreadMapSimt<cutlass::transform::PitchLinearStripminedThreadMap<cutlass::layout::PitchLinearShape<int=8, int=128>, int=256, int=1>>, int=4>, cutlass::transform::threadblock::PredicatedTileIterator<cutlass::MatrixShape<int=8, int=128>, float, cutlass::layout::RowMajor, int=0, cutlass::transform::PitchLinearStripminedThreadMap<cutlass::layout::PitchLinearShape<int=128, int=8>, int=256, int=1>, int=1>, cutlass::transform::threadblock::RegularTileIterator<cutlass::MatrixShape<int=8, int=128>, float, cutlass::layout::RowMajor, int=0, cutlass::transform::PitchLinearStripminedThreadMap<cutlass::layout::PitchLinearShape<int=128, int=8>, int=256, int=1>, int=4>, float, cutlass::layout::RowMajor, cutlass::gemm::threadblock::MmaPolicy<cutlass::gemm::warp::MmaSimt<cutlass::gemm::GemmShape<int=32, int=64, int=8>, float, cutlass::layout::ColumnMajor, float, cutlass::layout::RowMajor, float, cutlass::layout::RowMajor, cutlass::gemm::warp::MmaSimtPolicy<cutlass::MatrixShape<int=4, int=8>, cutlass::layout::RowMajorInterleaved<int=2>, cutlass::gemm::GemmShape<int=4, int=4, int=1>>, int=1, bool>, cutlass::MatrixShape<int=4, int=0>, cutlass::MatrixShape<int=0, int=0>, int=1>, cutlass::NumericArrayConverter<float, float, int=4, cutlass::FloatRoundStyle>, cutlass::NumericArrayConverter<float, float, int=4, cutlass::FloatRoundStyle>, bool>, cutlass::epilogue::threadblock::Epilogue<cutlass::gemm::GemmShape<int=128, int=128, int=8>, cutlass::gemm::warp::MmaSimt<cutlass::gemm::GemmShape<int=32, int=64, int=8>, float, cutlass::layout::ColumnMajor, float, cutlass::layout::RowMajor, float, cutlass::layout::RowMajor, cutlass::gemm::warp::MmaSimtPolicy<cutlass::MatrixShape<int=4, int=8>, cutlass::layout::RowMajorInterleaved<int=2>, cutlass::gemm::GemmShape<int=4, int=4, int=1>>, int=1, bool>, int=1, cutlass::epilogue::threadblock::PredicatedTileIterator<cutlass::epilogue::threadblock::OutputTileOptimalThreadMap<cutlass::epilogue::threadblock::OutputTileShape<int=128, int=1, int=4, int=4, int=1>, cutlass::epilogue::threadblock::OutputTileShape<int=1, int=4, int=2, int=1, int=8>, int=256, int=1, int=32>, float>, cutlass::epilogue::warp::FragmentIteratorSimt<cutlass::gemm::GemmShape<int=32, int=64, int=8>, cutlass::gemm::thread::Mma<cutlass::gemm::GemmShape<int=8, int=8, int=1>, float, cutlass::layout::ColumnMajor, float, cutlass::layout::RowMajor, float, cutlass::layout::RowMajor, cutlass::arch::OpMultiplyAdd, bool>, cutlass::layout::RowMajor, cutlass::gemm::warp::MmaSimtPolicy<cutlass::MatrixShape<int=4, int=8>, cutlass::layout::RowMajorInterleaved<int=2>, cutlass::gemm::GemmShape<int=4, int=4, int=1>>>, cutlass::epilogue::warp::TileIteratorSimt<cutlass::gemm::GemmShape<int=32, int=64, int=8>, cutlass::gemm::thread::Mma<cutlass::gemm::GemmShape<int=8, int=8, int=1>, float, cutlass::layout::ColumnMajor, float, cutlass::layout::RowMajor, float, cutlass::layout::RowMajor, cutlass::arch::OpMultiplyAdd, bool>, float, cutlass::layout::RowMajor, cutlass::gemm::warp::MmaSimtPolicy<cutlass::MatrixShape<int=4, int=8>, cutlass::layout::RowMajorInterleaved<int=2>, cutlass::gemm::GemmShape<int=4, int=4, int=1>>>, cutlass::epilogue::threadblock::SharedLoadIterator<cutlass::epilogue::threadblock::OutputTileOptimalThreadMap<cutlass::epilogue::threadblock::OutputTileShape<int=128, int=1, int=4, int=4, int=1>::CompactedThreadMap, cutlass::epilogue::threadblock::OutputTileShape<int=1, int=4, int=2, int=1, int=8>, int=256, int=1, int=32>, float, int=4>, cutlass::epilogue::thread::LinearCombination<float",22651
7.772368,0.001504,,,,,,,,,,112,71.018300,"Pageable","Device","Tesla V100-PCIE-32GB (0)","1","7","[CUDA memcpy HtoD]",22671
7.773013,0.019904,2048,1,1,384,1,1,16,0.000000,0.000000,,,,,"Tesla V100-PCIE-32GB (0)","1","7","void scal_kernel_val<double, double>(cublasScalParamsVal<double, double>)",22785
7.773443,8.079927,4,1597,1,256,1,1,124,0.000000,16.250000,,,,,"Tesla V100-PCIE-32GB (0)","1","7","void cutlass::Kernel<cutlass::gemm::kernel::Gemm<cutlass::gemm::threadblock::MmaPipelined<cutlass::gemm::GemmShape<int=128, int=128, int=8>, cutlass::transform::threadblock::PredicatedTileIterator<cutlass::MatrixShape<int=128, int=8>, float, cutlass::layout::RowMajor, int=1, cutlass::transform::PitchLinearStripminedThreadMap<cutlass::layout::PitchLinearShape<int=8, int=128>, int=256, int=1>, int=1>, cutlass::transform::threadblock::RegularTileIterator<cutlass::MatrixShape<int=128, int=8>, float, cutlass::layout::ColumnMajor, int=1, cutlass::transform::TransposePitchLinearThreadMapSimt<cutlass::transform::PitchLinearStripminedThreadMap<cutlass::layout::PitchLinearShape<int=8, int=128>, int=256, int=1>>, int=4>, cutlass::transform::threadblock::PredicatedTileIterator<cutlass::MatrixShape<int=8, int=128>, float, cutlass::layout::RowMajor, int=0, cutlass::transform::PitchLinearStripminedThreadMap<cutlass::layout::PitchLinearShape<int=128, int=8>, int=256, int=1>, int=1>, cutlass::transform::threadblock::RegularTileIterator<cutlass::MatrixShape<int=8, int=128>, float, cutlass::layout::RowMajor, int=0, cutlass::transform::PitchLinearStripminedThreadMap<cutlass::layout::PitchLinearShape<int=128, int=8>, int=256, int=1>, int=4>, float, cutlass::layout::RowMajor, cutlass::gemm::threadblock::MmaPolicy<cutlass::gemm::warp::MmaSimt<cutlass::gemm::GemmShape<int=32, int=64, int=8>, float, cutlass::layout::ColumnMajor, float, cutlass::layout::RowMajor, float, cutlass::layout::RowMajor, cutlass::gemm::warp::MmaSimtPolicy<cutlass::MatrixShape<int=4, int=8>, cutlass::layout::RowMajorInterleaved<int=2>, cutlass::gemm::GemmShape<int=4, int=4, int=1>>, int=1, bool>, cutlass::MatrixShape<int=4, int=0>, cutlass::MatrixShape<int=0, int=0>, int=1>, cutlass::NumericArrayConverter<float, float, int=4, cutlass::FloatRoundStyle>, cutlass::NumericArrayConverter<float, float, int=4, cutlass::FloatRoundStyle>, bool>, cutlass::epilogue::threadblock::Epilogue<cutlass::gemm::GemmShape<int=128, int=128, int=8>, cutlass::gemm::warp::MmaSimt<cutlass::gemm::GemmShape<int=32, int=64, int=8>, float, cutlass::layout::ColumnMajor, float, cutlass::layout::RowMajor, float, cutlass::layout::RowMajor, cutlass::gemm::warp::MmaSimtPolicy<cutlass::MatrixShape<int=4, int=8>, cutlass::layout::RowMajorInterleaved<int=2>, cutlass::gemm::GemmShape<int=4, int=4, int=1>>, int=1, bool>, int=1, cutlass::epilogue::threadblock::PredicatedTileIterator<cutlass::epilogue::threadblock::OutputTileOptimalThreadMap<cutlass::epilogue::threadblock::OutputTileShape<int=128, int=1, int=4, int=4, int=1>, cutlass::epilogue::threadblock::OutputTileShape<int=1, int=4, int=2, int=1, int=8>, int=256, int=1, int=32>, float>, cutlass::epilogue::warp::FragmentIteratorSimt<cutlass::gemm::GemmShape<int=32, int=64, int=8>, cutlass::gemm::thread::Mma<cutlass::gemm::GemmShape<int=8, int=8, int=1>, float, cutlass::layout::ColumnMajor, float, cutlass::layout::RowMajor, float, cutlass::layout::RowMajor, cutlass::arch::OpMultiplyAdd, bool>, cutlass::layout::RowMajor, cutlass::gemm::warp::MmaSimtPolicy<cutlass::MatrixShape<int=4, int=8>, cutlass::layout::RowMajorInterleaved<int=2>, cutlass::gemm::GemmShape<int=4, int=4, int=1>>>, cutlass::epilogue::warp::TileIteratorSimt<cutlass::gemm::GemmShape<int=32, int=64, int=8>, cutlass::gemm::thread::Mma<cutlass::gemm::GemmShape<int=8, int=8, int=1>, float, cutlass::layout::ColumnMajor, float, cutlass::layout::RowMajor, float, cutlass::layout::RowMajor, cutlass::arch::OpMultiplyAdd, bool>, float, cutlass::layout::RowMajor, cutlass::gemm::warp::MmaSimtPolicy<cutlass::MatrixShape<int=4, int=8>, cutlass::layout::RowMajorInterleaved<int=2>, cutlass::gemm::GemmShape<int=4, int=4, int=1>>>, cutlass::epilogue::threadblock::SharedLoadIterator<cutlass::epilogue::threadblock::OutputTileOptimalThreadMap<cutlass::epilogue::threadblock::OutputTileShape<int=128, int=1, int=4, int=4, int=1>::CompactedThreadMap, cutlass::epilogue::threadblock::OutputTileShape<int=1, int=4, int=2, int=1, int=8>, int=256, int=1, int=32>, float, int=4>, cutlass::epilogue::thread::LinearCombination<float",22814
7.781532,0.001504,,,,,,,,,,112,71.018300,"Pageable","Device","Tesla V100-PCIE-32GB (0)","1","7","[CUDA memcpy HtoD]",22834
7.782170,0.019776,2048,1,1,384,1,1,16,0.000000,0.000000,,,,,"Tesla V100-PCIE-32GB (0)","1","7","void scal_kernel_val<double, double>(cublasScalParamsVal<double, double>)",22948
7.782596,8.078583,4,1597,1,256,1,1,124,0.000000,16.250000,,,,,"Tesla V100-PCIE-32GB (0)","1","7","void cutlass::Kernel<cutlass::gemm::kernel::Gemm<cutlass::gemm::threadblock::MmaPipelined<cutlass::gemm::GemmShape<int=128, int=128, int=8>, cutlass::transform::threadblock::PredicatedTileIterator<cutlass::MatrixShape<int=128, int=8>, float, cutlass::layout::RowMajor, int=1, cutlass::transform::PitchLinearStripminedThreadMap<cutlass::layout::PitchLinearShape<int=8, int=128>, int=256, int=1>, int=1>, cutlass::transform::threadblock::RegularTileIterator<cutlass::MatrixShape<int=128, int=8>, float, cutlass::layout::ColumnMajor, int=1, cutlass::transform::TransposePitchLinearThreadMapSimt<cutlass::transform::PitchLinearStripminedThreadMap<cutlass::layout::PitchLinearShape<int=8, int=128>, int=256, int=1>>, int=4>, cutlass::transform::threadblock::PredicatedTileIterator<cutlass::MatrixShape<int=8, int=128>, float, cutlass::layout::RowMajor, int=0, cutlass::transform::PitchLinearStripminedThreadMap<cutlass::layout::PitchLinearShape<int=128, int=8>, int=256, int=1>, int=1>, cutlass::transform::threadblock::RegularTileIterator<cutlass::MatrixShape<int=8, int=128>, float, cutlass::layout::RowMajor, int=0, cutlass::transform::PitchLinearStripminedThreadMap<cutlass::layout::PitchLinearShape<int=128, int=8>, int=256, int=1>, int=4>, float, cutlass::layout::RowMajor, cutlass::gemm::threadblock::MmaPolicy<cutlass::gemm::warp::MmaSimt<cutlass::gemm::GemmShape<int=32, int=64, int=8>, float, cutlass::layout::ColumnMajor, float, cutlass::layout::RowMajor, float, cutlass::layout::RowMajor, cutlass::gemm::warp::MmaSimtPolicy<cutlass::MatrixShape<int=4, int=8>, cutlass::layout::RowMajorInterleaved<int=2>, cutlass::gemm::GemmShape<int=4, int=4, int=1>>, int=1, bool>, cutlass::MatrixShape<int=4, int=0>, cutlass::MatrixShape<int=0, int=0>, int=1>, cutlass::NumericArrayConverter<float, float, int=4, cutlass::FloatRoundStyle>, cutlass::NumericArrayConverter<float, float, int=4, cutlass::FloatRoundStyle>, bool>, cutlass::epilogue::threadblock::Epilogue<cutlass::gemm::GemmShape<int=128, int=128, int=8>, cutlass::gemm::warp::MmaSimt<cutlass::gemm::GemmShape<int=32, int=64, int=8>, float, cutlass::layout::ColumnMajor, float, cutlass::layout::RowMajor, float, cutlass::layout::RowMajor, cutlass::gemm::warp::MmaSimtPolicy<cutlass::MatrixShape<int=4, int=8>, cutlass::layout::RowMajorInterleaved<int=2>, cutlass::gemm::GemmShape<int=4, int=4, int=1>>, int=1, bool>, int=1, cutlass::epilogue::threadblock::PredicatedTileIterator<cutlass::epilogue::threadblock::OutputTileOptimalThreadMap<cutlass::epilogue::threadblock::OutputTileShape<int=128, int=1, int=4, int=4, int=1>, cutlass::epilogue::threadblock::OutputTileShape<int=1, int=4, int=2, int=1, int=8>, int=256, int=1, int=32>, float>, cutlass::epilogue::warp::FragmentIteratorSimt<cutlass::gemm::GemmShape<int=32, int=64, int=8>, cutlass::gemm::thread::Mma<cutlass::gemm::GemmShape<int=8, int=8, int=1>, float, cutlass::layout::ColumnMajor, float, cutlass::layout::RowMajor, float, cutlass::layout::RowMajor, cutlass::arch::OpMultiplyAdd, bool>, cutlass::layout::RowMajor, cutlass::gemm::warp::MmaSimtPolicy<cutlass::MatrixShape<int=4, int=8>, cutlass::layout::RowMajorInterleaved<int=2>, cutlass::gemm::GemmShape<int=4, int=4, int=1>>>, cutlass::epilogue::warp::TileIteratorSimt<cutlass::gemm::GemmShape<int=32, int=64, int=8>, cutlass::gemm::thread::Mma<cutlass::gemm::GemmShape<int=8, int=8, int=1>, float, cutlass::layout::ColumnMajor, float, cutlass::layout::RowMajor, float, cutlass::layout::RowMajor, cutlass::arch::OpMultiplyAdd, bool>, float, cutlass::layout::RowMajor, cutlass::gemm::warp::MmaSimtPolicy<cutlass::MatrixShape<int=4, int=8>, cutlass::layout::RowMajorInterleaved<int=2>, cutlass::gemm::GemmShape<int=4, int=4, int=1>>>, cutlass::epilogue::threadblock::SharedLoadIterator<cutlass::epilogue::threadblock::OutputTileOptimalThreadMap<cutlass::epilogue::threadblock::OutputTileShape<int=128, int=1, int=4, int=4, int=1>::CompactedThreadMap, cutlass::epilogue::threadblock::OutputTileShape<int=1, int=4, int=2, int=1, int=8>, int=256, int=1, int=32>, float, int=4>, cutlass::epilogue::thread::LinearCombination<float",22977
7.790683,0.001504,,,,,,,,,,112,71.018300,"Pageable","Device","Tesla V100-PCIE-32GB (0)","1","7","[CUDA memcpy HtoD]",22997
7.791325,0.019903,2048,1,1,384,1,1,16,0.000000,0.000000,,,,,"Tesla V100-PCIE-32GB (0)","1","7","void scal_kernel_val<double, double>(cublasScalParamsVal<double, double>)",23111
7.791767,8.080086,4,1597,1,256,1,1,124,0.000000,16.250000,,,,,"Tesla V100-PCIE-32GB (0)","1","7","void cutlass::Kernel<cutlass::gemm::kernel::Gemm<cutlass::gemm::threadblock::MmaPipelined<cutlass::gemm::GemmShape<int=128, int=128, int=8>, cutlass::transform::threadblock::PredicatedTileIterator<cutlass::MatrixShape<int=128, int=8>, float, cutlass::layout::RowMajor, int=1, cutlass::transform::PitchLinearStripminedThreadMap<cutlass::layout::PitchLinearShape<int=8, int=128>, int=256, int=1>, int=1>, cutlass::transform::threadblock::RegularTileIterator<cutlass::MatrixShape<int=128, int=8>, float, cutlass::layout::ColumnMajor, int=1, cutlass::transform::TransposePitchLinearThreadMapSimt<cutlass::transform::PitchLinearStripminedThreadMap<cutlass::layout::PitchLinearShape<int=8, int=128>, int=256, int=1>>, int=4>, cutlass::transform::threadblock::PredicatedTileIterator<cutlass::MatrixShape<int=8, int=128>, float, cutlass::layout::RowMajor, int=0, cutlass::transform::PitchLinearStripminedThreadMap<cutlass::layout::PitchLinearShape<int=128, int=8>, int=256, int=1>, int=1>, cutlass::transform::threadblock::RegularTileIterator<cutlass::MatrixShape<int=8, int=128>, float, cutlass::layout::RowMajor, int=0, cutlass::transform::PitchLinearStripminedThreadMap<cutlass::layout::PitchLinearShape<int=128, int=8>, int=256, int=1>, int=4>, float, cutlass::layout::RowMajor, cutlass::gemm::threadblock::MmaPolicy<cutlass::gemm::warp::MmaSimt<cutlass::gemm::GemmShape<int=32, int=64, int=8>, float, cutlass::layout::ColumnMajor, float, cutlass::layout::RowMajor, float, cutlass::layout::RowMajor, cutlass::gemm::warp::MmaSimtPolicy<cutlass::MatrixShape<int=4, int=8>, cutlass::layout::RowMajorInterleaved<int=2>, cutlass::gemm::GemmShape<int=4, int=4, int=1>>, int=1, bool>, cutlass::MatrixShape<int=4, int=0>, cutlass::MatrixShape<int=0, int=0>, int=1>, cutlass::NumericArrayConverter<float, float, int=4, cutlass::FloatRoundStyle>, cutlass::NumericArrayConverter<float, float, int=4, cutlass::FloatRoundStyle>, bool>, cutlass::epilogue::threadblock::Epilogue<cutlass::gemm::GemmShape<int=128, int=128, int=8>, cutlass::gemm::warp::MmaSimt<cutlass::gemm::GemmShape<int=32, int=64, int=8>, float, cutlass::layout::ColumnMajor, float, cutlass::layout::RowMajor, float, cutlass::layout::RowMajor, cutlass::gemm::warp::MmaSimtPolicy<cutlass::MatrixShape<int=4, int=8>, cutlass::layout::RowMajorInterleaved<int=2>, cutlass::gemm::GemmShape<int=4, int=4, int=1>>, int=1, bool>, int=1, cutlass::epilogue::threadblock::PredicatedTileIterator<cutlass::epilogue::threadblock::OutputTileOptimalThreadMap<cutlass::epilogue::threadblock::OutputTileShape<int=128, int=1, int=4, int=4, int=1>, cutlass::epilogue::threadblock::OutputTileShape<int=1, int=4, int=2, int=1, int=8>, int=256, int=1, int=32>, float>, cutlass::epilogue::warp::FragmentIteratorSimt<cutlass::gemm::GemmShape<int=32, int=64, int=8>, cutlass::gemm::thread::Mma<cutlass::gemm::GemmShape<int=8, int=8, int=1>, float, cutlass::layout::ColumnMajor, float, cutlass::layout::RowMajor, float, cutlass::layout::RowMajor, cutlass::arch::OpMultiplyAdd, bool>, cutlass::layout::RowMajor, cutlass::gemm::warp::MmaSimtPolicy<cutlass::MatrixShape<int=4, int=8>, cutlass::layout::RowMajorInterleaved<int=2>, cutlass::gemm::GemmShape<int=4, int=4, int=1>>>, cutlass::epilogue::warp::TileIteratorSimt<cutlass::gemm::GemmShape<int=32, int=64, int=8>, cutlass::gemm::thread::Mma<cutlass::gemm::GemmShape<int=8, int=8, int=1>, float, cutlass::layout::ColumnMajor, float, cutlass::layout::RowMajor, float, cutlass::layout::RowMajor, cutlass::arch::OpMultiplyAdd, bool>, float, cutlass::layout::RowMajor, cutlass::gemm::warp::MmaSimtPolicy<cutlass::MatrixShape<int=4, int=8>, cutlass::layout::RowMajorInterleaved<int=2>, cutlass::gemm::GemmShape<int=4, int=4, int=1>>>, cutlass::epilogue::threadblock::SharedLoadIterator<cutlass::epilogue::threadblock::OutputTileOptimalThreadMap<cutlass::epilogue::threadblock::OutputTileShape<int=128, int=1, int=4, int=4, int=1>::CompactedThreadMap, cutlass::epilogue::threadblock::OutputTileShape<int=1, int=4, int=2, int=1, int=8>, int=256, int=1, int=32>, float, int=4>, cutlass::epilogue::thread::LinearCombination<float",23140
7.799856,0.001504,,,,,,,,,,112,71.018300,"Pageable","Device","Tesla V100-PCIE-32GB (0)","1","7","[CUDA memcpy HtoD]",23160
7.800494,0.019872,2048,1,1,384,1,1,16,0.000000,0.000000,,,,,"Tesla V100-PCIE-32GB (0)","1","7","void scal_kernel_val<double, double>(cublasScalParamsVal<double, double>)",23274
7.800925,8.077815,4,1597,1,256,1,1,124,0.000000,16.250000,,,,,"Tesla V100-PCIE-32GB (0)","1","7","void cutlass::Kernel<cutlass::gemm::kernel::Gemm<cutlass::gemm::threadblock::MmaPipelined<cutlass::gemm::GemmShape<int=128, int=128, int=8>, cutlass::transform::threadblock::PredicatedTileIterator<cutlass::MatrixShape<int=128, int=8>, float, cutlass::layout::RowMajor, int=1, cutlass::transform::PitchLinearStripminedThreadMap<cutlass::layout::PitchLinearShape<int=8, int=128>, int=256, int=1>, int=1>, cutlass::transform::threadblock::RegularTileIterator<cutlass::MatrixShape<int=128, int=8>, float, cutlass::layout::ColumnMajor, int=1, cutlass::transform::TransposePitchLinearThreadMapSimt<cutlass::transform::PitchLinearStripminedThreadMap<cutlass::layout::PitchLinearShape<int=8, int=128>, int=256, int=1>>, int=4>, cutlass::transform::threadblock::PredicatedTileIterator<cutlass::MatrixShape<int=8, int=128>, float, cutlass::layout::RowMajor, int=0, cutlass::transform::PitchLinearStripminedThreadMap<cutlass::layout::PitchLinearShape<int=128, int=8>, int=256, int=1>, int=1>, cutlass::transform::threadblock::RegularTileIterator<cutlass::MatrixShape<int=8, int=128>, float, cutlass::layout::RowMajor, int=0, cutlass::transform::PitchLinearStripminedThreadMap<cutlass::layout::PitchLinearShape<int=128, int=8>, int=256, int=1>, int=4>, float, cutlass::layout::RowMajor, cutlass::gemm::threadblock::MmaPolicy<cutlass::gemm::warp::MmaSimt<cutlass::gemm::GemmShape<int=32, int=64, int=8>, float, cutlass::layout::ColumnMajor, float, cutlass::layout::RowMajor, float, cutlass::layout::RowMajor, cutlass::gemm::warp::MmaSimtPolicy<cutlass::MatrixShape<int=4, int=8>, cutlass::layout::RowMajorInterleaved<int=2>, cutlass::gemm::GemmShape<int=4, int=4, int=1>>, int=1, bool>, cutlass::MatrixShape<int=4, int=0>, cutlass::MatrixShape<int=0, int=0>, int=1>, cutlass::NumericArrayConverter<float, float, int=4, cutlass::FloatRoundStyle>, cutlass::NumericArrayConverter<float, float, int=4, cutlass::FloatRoundStyle>, bool>, cutlass::epilogue::threadblock::Epilogue<cutlass::gemm::GemmShape<int=128, int=128, int=8>, cutlass::gemm::warp::MmaSimt<cutlass::gemm::GemmShape<int=32, int=64, int=8>, float, cutlass::layout::ColumnMajor, float, cutlass::layout::RowMajor, float, cutlass::layout::RowMajor, cutlass::gemm::warp::MmaSimtPolicy<cutlass::MatrixShape<int=4, int=8>, cutlass::layout::RowMajorInterleaved<int=2>, cutlass::gemm::GemmShape<int=4, int=4, int=1>>, int=1, bool>, int=1, cutlass::epilogue::threadblock::PredicatedTileIterator<cutlass::epilogue::threadblock::OutputTileOptimalThreadMap<cutlass::epilogue::threadblock::OutputTileShape<int=128, int=1, int=4, int=4, int=1>, cutlass::epilogue::threadblock::OutputTileShape<int=1, int=4, int=2, int=1, int=8>, int=256, int=1, int=32>, float>, cutlass::epilogue::warp::FragmentIteratorSimt<cutlass::gemm::GemmShape<int=32, int=64, int=8>, cutlass::gemm::thread::Mma<cutlass::gemm::GemmShape<int=8, int=8, int=1>, float, cutlass::layout::ColumnMajor, float, cutlass::layout::RowMajor, float, cutlass::layout::RowMajor, cutlass::arch::OpMultiplyAdd, bool>, cutlass::layout::RowMajor, cutlass::gemm::warp::MmaSimtPolicy<cutlass::MatrixShape<int=4, int=8>, cutlass::layout::RowMajorInterleaved<int=2>, cutlass::gemm::GemmShape<int=4, int=4, int=1>>>, cutlass::epilogue::warp::TileIteratorSimt<cutlass::gemm::GemmShape<int=32, int=64, int=8>, cutlass::gemm::thread::Mma<cutlass::gemm::GemmShape<int=8, int=8, int=1>, float, cutlass::layout::ColumnMajor, float, cutlass::layout::RowMajor, float, cutlass::layout::RowMajor, cutlass::arch::OpMultiplyAdd, bool>, float, cutlass::layout::RowMajor, cutlass::gemm::warp::MmaSimtPolicy<cutlass::MatrixShape<int=4, int=8>, cutlass::layout::RowMajorInterleaved<int=2>, cutlass::gemm::GemmShape<int=4, int=4, int=1>>>, cutlass::epilogue::threadblock::SharedLoadIterator<cutlass::epilogue::threadblock::OutputTileOptimalThreadMap<cutlass::epilogue::threadblock::OutputTileShape<int=128, int=1, int=4, int=4, int=1>::CompactedThreadMap, cutlass::epilogue::threadblock::OutputTileShape<int=1, int=4, int=2, int=1, int=8>, int=256, int=1, int=32>, float, int=4>, cutlass::epilogue::thread::LinearCombination<float",23303
7.809012,0.001472,,,,,,,,,,112,72.562176,"Pageable","Device","Tesla V100-PCIE-32GB (0)","1","7","[CUDA memcpy HtoD]",23323
7.809642,0.019680,2048,1,1,384,1,1,16,0.000000,0.000000,,,,,"Tesla V100-PCIE-32GB (0)","1","7","void scal_kernel_val<double, double>(cublasScalParamsVal<double, double>)",23437
7.810084,8.075926,4,1597,1,256,1,1,124,0.000000,16.250000,,,,,"Tesla V100-PCIE-32GB (0)","1","7","void cutlass::Kernel<cutlass::gemm::kernel::Gemm<cutlass::gemm::threadblock::MmaPipelined<cutlass::gemm::GemmShape<int=128, int=128, int=8>, cutlass::transform::threadblock::PredicatedTileIterator<cutlass::MatrixShape<int=128, int=8>, float, cutlass::layout::RowMajor, int=1, cutlass::transform::PitchLinearStripminedThreadMap<cutlass::layout::PitchLinearShape<int=8, int=128>, int=256, int=1>, int=1>, cutlass::transform::threadblock::RegularTileIterator<cutlass::MatrixShape<int=128, int=8>, float, cutlass::layout::ColumnMajor, int=1, cutlass::transform::TransposePitchLinearThreadMapSimt<cutlass::transform::PitchLinearStripminedThreadMap<cutlass::layout::PitchLinearShape<int=8, int=128>, int=256, int=1>>, int=4>, cutlass::transform::threadblock::PredicatedTileIterator<cutlass::MatrixShape<int=8, int=128>, float, cutlass::layout::RowMajor, int=0, cutlass::transform::PitchLinearStripminedThreadMap<cutlass::layout::PitchLinearShape<int=128, int=8>, int=256, int=1>, int=1>, cutlass::transform::threadblock::RegularTileIterator<cutlass::MatrixShape<int=8, int=128>, float, cutlass::layout::RowMajor, int=0, cutlass::transform::PitchLinearStripminedThreadMap<cutlass::layout::PitchLinearShape<int=128, int=8>, int=256, int=1>, int=4>, float, cutlass::layout::RowMajor, cutlass::gemm::threadblock::MmaPolicy<cutlass::gemm::warp::MmaSimt<cutlass::gemm::GemmShape<int=32, int=64, int=8>, float, cutlass::layout::ColumnMajor, float, cutlass::layout::RowMajor, float, cutlass::layout::RowMajor, cutlass::gemm::warp::MmaSimtPolicy<cutlass::MatrixShape<int=4, int=8>, cutlass::layout::RowMajorInterleaved<int=2>, cutlass::gemm::GemmShape<int=4, int=4, int=1>>, int=1, bool>, cutlass::MatrixShape<int=4, int=0>, cutlass::MatrixShape<int=0, int=0>, int=1>, cutlass::NumericArrayConverter<float, float, int=4, cutlass::FloatRoundStyle>, cutlass::NumericArrayConverter<float, float, int=4, cutlass::FloatRoundStyle>, bool>, cutlass::epilogue::threadblock::Epilogue<cutlass::gemm::GemmShape<int=128, int=128, int=8>, cutlass::gemm::warp::MmaSimt<cutlass::gemm::GemmShape<int=32, int=64, int=8>, float, cutlass::layout::ColumnMajor, float, cutlass::layout::RowMajor, float, cutlass::layout::RowMajor, cutlass::gemm::warp::MmaSimtPolicy<cutlass::MatrixShape<int=4, int=8>, cutlass::layout::RowMajorInterleaved<int=2>, cutlass::gemm::GemmShape<int=4, int=4, int=1>>, int=1, bool>, int=1, cutlass::epilogue::threadblock::PredicatedTileIterator<cutlass::epilogue::threadblock::OutputTileOptimalThreadMap<cutlass::epilogue::threadblock::OutputTileShape<int=128, int=1, int=4, int=4, int=1>, cutlass::epilogue::threadblock::OutputTileShape<int=1, int=4, int=2, int=1, int=8>, int=256, int=1, int=32>, float>, cutlass::epilogue::warp::FragmentIteratorSimt<cutlass::gemm::GemmShape<int=32, int=64, int=8>, cutlass::gemm::thread::Mma<cutlass::gemm::GemmShape<int=8, int=8, int=1>, float, cutlass::layout::ColumnMajor, float, cutlass::layout::RowMajor, float, cutlass::layout::RowMajor, cutlass::arch::OpMultiplyAdd, bool>, cutlass::layout::RowMajor, cutlass::gemm::warp::MmaSimtPolicy<cutlass::MatrixShape<int=4, int=8>, cutlass::layout::RowMajorInterleaved<int=2>, cutlass::gemm::GemmShape<int=4, int=4, int=1>>>, cutlass::epilogue::warp::TileIteratorSimt<cutlass::gemm::GemmShape<int=32, int=64, int=8>, cutlass::gemm::thread::Mma<cutlass::gemm::GemmShape<int=8, int=8, int=1>, float, cutlass::layout::ColumnMajor, float, cutlass::layout::RowMajor, float, cutlass::layout::RowMajor, cutlass::arch::OpMultiplyAdd, bool>, float, cutlass::layout::RowMajor, cutlass::gemm::warp::MmaSimtPolicy<cutlass::MatrixShape<int=4, int=8>, cutlass::layout::RowMajorInterleaved<int=2>, cutlass::gemm::GemmShape<int=4, int=4, int=1>>>, cutlass::epilogue::threadblock::SharedLoadIterator<cutlass::epilogue::threadblock::OutputTileOptimalThreadMap<cutlass::epilogue::threadblock::OutputTileShape<int=128, int=1, int=4, int=4, int=1>::CompactedThreadMap, cutlass::epilogue::threadblock::OutputTileShape<int=1, int=4, int=2, int=1, int=8>, int=256, int=1, int=32>, float, int=4>, cutlass::epilogue::thread::LinearCombination<float",23466
7.818171,0.001504,,,,,,,,,,112,71.018300,"Pageable","Device","Tesla V100-PCIE-32GB (0)","1","7","[CUDA memcpy HtoD]",23486
7.819562,0.020735,2048,1,1,384,1,1,16,0.000000,0.000000,,,,,"Tesla V100-PCIE-32GB (0)","1","7","void scal_kernel_val<double, double>(cublasScalParamsVal<double, double>)",23600
7.819997,8.077622,4,1597,1,256,1,1,124,0.000000,16.250000,,,,,"Tesla V100-PCIE-32GB (0)","1","7","void cutlass::Kernel<cutlass::gemm::kernel::Gemm<cutlass::gemm::threadblock::MmaPipelined<cutlass::gemm::GemmShape<int=128, int=128, int=8>, cutlass::transform::threadblock::PredicatedTileIterator<cutlass::MatrixShape<int=128, int=8>, float, cutlass::layout::RowMajor, int=1, cutlass::transform::PitchLinearStripminedThreadMap<cutlass::layout::PitchLinearShape<int=8, int=128>, int=256, int=1>, int=1>, cutlass::transform::threadblock::RegularTileIterator<cutlass::MatrixShape<int=128, int=8>, float, cutlass::layout::ColumnMajor, int=1, cutlass::transform::TransposePitchLinearThreadMapSimt<cutlass::transform::PitchLinearStripminedThreadMap<cutlass::layout::PitchLinearShape<int=8, int=128>, int=256, int=1>>, int=4>, cutlass::transform::threadblock::PredicatedTileIterator<cutlass::MatrixShape<int=8, int=128>, float, cutlass::layout::RowMajor, int=0, cutlass::transform::PitchLinearStripminedThreadMap<cutlass::layout::PitchLinearShape<int=128, int=8>, int=256, int=1>, int=1>, cutlass::transform::threadblock::RegularTileIterator<cutlass::MatrixShape<int=8, int=128>, float, cutlass::layout::RowMajor, int=0, cutlass::transform::PitchLinearStripminedThreadMap<cutlass::layout::PitchLinearShape<int=128, int=8>, int=256, int=1>, int=4>, float, cutlass::layout::RowMajor, cutlass::gemm::threadblock::MmaPolicy<cutlass::gemm::warp::MmaSimt<cutlass::gemm::GemmShape<int=32, int=64, int=8>, float, cutlass::layout::ColumnMajor, float, cutlass::layout::RowMajor, float, cutlass::layout::RowMajor, cutlass::gemm::warp::MmaSimtPolicy<cutlass::MatrixShape<int=4, int=8>, cutlass::layout::RowMajorInterleaved<int=2>, cutlass::gemm::GemmShape<int=4, int=4, int=1>>, int=1, bool>, cutlass::MatrixShape<int=4, int=0>, cutlass::MatrixShape<int=0, int=0>, int=1>, cutlass::NumericArrayConverter<float, float, int=4, cutlass::FloatRoundStyle>, cutlass::NumericArrayConverter<float, float, int=4, cutlass::FloatRoundStyle>, bool>, cutlass::epilogue::threadblock::Epilogue<cutlass::gemm::GemmShape<int=128, int=128, int=8>, cutlass::gemm::warp::MmaSimt<cutlass::gemm::GemmShape<int=32, int=64, int=8>, float, cutlass::layout::ColumnMajor, float, cutlass::layout::RowMajor, float, cutlass::layout::RowMajor, cutlass::gemm::warp::MmaSimtPolicy<cutlass::MatrixShape<int=4, int=8>, cutlass::layout::RowMajorInterleaved<int=2>, cutlass::gemm::GemmShape<int=4, int=4, int=1>>, int=1, bool>, int=1, cutlass::epilogue::threadblock::PredicatedTileIterator<cutlass::epilogue::threadblock::OutputTileOptimalThreadMap<cutlass::epilogue::threadblock::OutputTileShape<int=128, int=1, int=4, int=4, int=1>, cutlass::epilogue::threadblock::OutputTileShape<int=1, int=4, int=2, int=1, int=8>, int=256, int=1, int=32>, float>, cutlass::epilogue::warp::FragmentIteratorSimt<cutlass::gemm::GemmShape<int=32, int=64, int=8>, cutlass::gemm::thread::Mma<cutlass::gemm::GemmShape<int=8, int=8, int=1>, float, cutlass::layout::ColumnMajor, float, cutlass::layout::RowMajor, float, cutlass::layout::RowMajor, cutlass::arch::OpMultiplyAdd, bool>, cutlass::layout::RowMajor, cutlass::gemm::warp::MmaSimtPolicy<cutlass::MatrixShape<int=4, int=8>, cutlass::layout::RowMajorInterleaved<int=2>, cutlass::gemm::GemmShape<int=4, int=4, int=1>>>, cutlass::epilogue::warp::TileIteratorSimt<cutlass::gemm::GemmShape<int=32, int=64, int=8>, cutlass::gemm::thread::Mma<cutlass::gemm::GemmShape<int=8, int=8, int=1>, float, cutlass::layout::ColumnMajor, float, cutlass::layout::RowMajor, float, cutlass::layout::RowMajor, cutlass::arch::OpMultiplyAdd, bool>, float, cutlass::layout::RowMajor, cutlass::gemm::warp::MmaSimtPolicy<cutlass::MatrixShape<int=4, int=8>, cutlass::layout::RowMajorInterleaved<int=2>, cutlass::gemm::GemmShape<int=4, int=4, int=1>>>, cutlass::epilogue::threadblock::SharedLoadIterator<cutlass::epilogue::threadblock::OutputTileOptimalThreadMap<cutlass::epilogue::threadblock::OutputTileShape<int=128, int=1, int=4, int=4, int=1>::CompactedThreadMap, cutlass::epilogue::threadblock::OutputTileShape<int=1, int=4, int=2, int=1, int=8>, int=256, int=1, int=32>, float, int=4>, cutlass::epilogue::thread::LinearCombination<float",23629
7.828083,0.001504,,,,,,,,,,112,71.018300,"Pageable","Device","Tesla V100-PCIE-32GB (0)","1","7","[CUDA memcpy HtoD]",23649
7.830273,0.020128,2048,1,1,384,1,1,16,0.000000,0.000000,,,,,"Tesla V100-PCIE-32GB (0)","1","7","void scal_kernel_val<double, double>(cublasScalParamsVal<double, double>)",23763
7.830734,8.078166,4,1597,1,256,1,1,124,0.000000,16.250000,,,,,"Tesla V100-PCIE-32GB (0)","1","7","void cutlass::Kernel<cutlass::gemm::kernel::Gemm<cutlass::gemm::threadblock::MmaPipelined<cutlass::gemm::GemmShape<int=128, int=128, int=8>, cutlass::transform::threadblock::PredicatedTileIterator<cutlass::MatrixShape<int=128, int=8>, float, cutlass::layout::RowMajor, int=1, cutlass::transform::PitchLinearStripminedThreadMap<cutlass::layout::PitchLinearShape<int=8, int=128>, int=256, int=1>, int=1>, cutlass::transform::threadblock::RegularTileIterator<cutlass::MatrixShape<int=128, int=8>, float, cutlass::layout::ColumnMajor, int=1, cutlass::transform::TransposePitchLinearThreadMapSimt<cutlass::transform::PitchLinearStripminedThreadMap<cutlass::layout::PitchLinearShape<int=8, int=128>, int=256, int=1>>, int=4>, cutlass::transform::threadblock::PredicatedTileIterator<cutlass::MatrixShape<int=8, int=128>, float, cutlass::layout::RowMajor, int=0, cutlass::transform::PitchLinearStripminedThreadMap<cutlass::layout::PitchLinearShape<int=128, int=8>, int=256, int=1>, int=1>, cutlass::transform::threadblock::RegularTileIterator<cutlass::MatrixShape<int=8, int=128>, float, cutlass::layout::RowMajor, int=0, cutlass::transform::PitchLinearStripminedThreadMap<cutlass::layout::PitchLinearShape<int=128, int=8>, int=256, int=1>, int=4>, float, cutlass::layout::RowMajor, cutlass::gemm::threadblock::MmaPolicy<cutlass::gemm::warp::MmaSimt<cutlass::gemm::GemmShape<int=32, int=64, int=8>, float, cutlass::layout::ColumnMajor, float, cutlass::layout::RowMajor, float, cutlass::layout::RowMajor, cutlass::gemm::warp::MmaSimtPolicy<cutlass::MatrixShape<int=4, int=8>, cutlass::layout::RowMajorInterleaved<int=2>, cutlass::gemm::GemmShape<int=4, int=4, int=1>>, int=1, bool>, cutlass::MatrixShape<int=4, int=0>, cutlass::MatrixShape<int=0, int=0>, int=1>, cutlass::NumericArrayConverter<float, float, int=4, cutlass::FloatRoundStyle>, cutlass::NumericArrayConverter<float, float, int=4, cutlass::FloatRoundStyle>, bool>, cutlass::epilogue::threadblock::Epilogue<cutlass::gemm::GemmShape<int=128, int=128, int=8>, cutlass::gemm::warp::MmaSimt<cutlass::gemm::GemmShape<int=32, int=64, int=8>, float, cutlass::layout::ColumnMajor, float, cutlass::layout::RowMajor, float, cutlass::layout::RowMajor, cutlass::gemm::warp::MmaSimtPolicy<cutlass::MatrixShape<int=4, int=8>, cutlass::layout::RowMajorInterleaved<int=2>, cutlass::gemm::GemmShape<int=4, int=4, int=1>>, int=1, bool>, int=1, cutlass::epilogue::threadblock::PredicatedTileIterator<cutlass::epilogue::threadblock::OutputTileOptimalThreadMap<cutlass::epilogue::threadblock::OutputTileShape<int=128, int=1, int=4, int=4, int=1>, cutlass::epilogue::threadblock::OutputTileShape<int=1, int=4, int=2, int=1, int=8>, int=256, int=1, int=32>, float>, cutlass::epilogue::warp::FragmentIteratorSimt<cutlass::gemm::GemmShape<int=32, int=64, int=8>, cutlass::gemm::thread::Mma<cutlass::gemm::GemmShape<int=8, int=8, int=1>, float, cutlass::layout::ColumnMajor, float, cutlass::layout::RowMajor, float, cutlass::layout::RowMajor, cutlass::arch::OpMultiplyAdd, bool>, cutlass::layout::RowMajor, cutlass::gemm::warp::MmaSimtPolicy<cutlass::MatrixShape<int=4, int=8>, cutlass::layout::RowMajorInterleaved<int=2>, cutlass::gemm::GemmShape<int=4, int=4, int=1>>>, cutlass::epilogue::warp::TileIteratorSimt<cutlass::gemm::GemmShape<int=32, int=64, int=8>, cutlass::gemm::thread::Mma<cutlass::gemm::GemmShape<int=8, int=8, int=1>, float, cutlass::layout::ColumnMajor, float, cutlass::layout::RowMajor, float, cutlass::layout::RowMajor, cutlass::arch::OpMultiplyAdd, bool>, float, cutlass::layout::RowMajor, cutlass::gemm::warp::MmaSimtPolicy<cutlass::MatrixShape<int=4, int=8>, cutlass::layout::RowMajorInterleaved<int=2>, cutlass::gemm::GemmShape<int=4, int=4, int=1>>>, cutlass::epilogue::threadblock::SharedLoadIterator<cutlass::epilogue::threadblock::OutputTileOptimalThreadMap<cutlass::epilogue::threadblock::OutputTileShape<int=128, int=1, int=4, int=4, int=1>::CompactedThreadMap, cutlass::epilogue::threadblock::OutputTileShape<int=1, int=4, int=2, int=1, int=8>, int=256, int=1, int=32>, float, int=4>, cutlass::epilogue::thread::LinearCombination<float",23792
7.838821,0.001856,,,,,,,,,,112,57.549312,"Pageable","Device","Tesla V100-PCIE-32GB (0)","1","7","[CUDA memcpy HtoD]",23812
7.839459,0.019904,2048,1,1,384,1,1,16,0.000000,0.000000,,,,,"Tesla V100-PCIE-32GB (0)","1","7","void scal_kernel_val<double, double>(cublasScalParamsVal<double, double>)",23926
7.839892,8.079319,4,1597,1,256,1,1,124,0.000000,16.250000,,,,,"Tesla V100-PCIE-32GB (0)","1","7","void cutlass::Kernel<cutlass::gemm::kernel::Gemm<cutlass::gemm::threadblock::MmaPipelined<cutlass::gemm::GemmShape<int=128, int=128, int=8>, cutlass::transform::threadblock::PredicatedTileIterator<cutlass::MatrixShape<int=128, int=8>, float, cutlass::layout::RowMajor, int=1, cutlass::transform::PitchLinearStripminedThreadMap<cutlass::layout::PitchLinearShape<int=8, int=128>, int=256, int=1>, int=1>, cutlass::transform::threadblock::RegularTileIterator<cutlass::MatrixShape<int=128, int=8>, float, cutlass::layout::ColumnMajor, int=1, cutlass::transform::TransposePitchLinearThreadMapSimt<cutlass::transform::PitchLinearStripminedThreadMap<cutlass::layout::PitchLinearShape<int=8, int=128>, int=256, int=1>>, int=4>, cutlass::transform::threadblock::PredicatedTileIterator<cutlass::MatrixShape<int=8, int=128>, float, cutlass::layout::RowMajor, int=0, cutlass::transform::PitchLinearStripminedThreadMap<cutlass::layout::PitchLinearShape<int=128, int=8>, int=256, int=1>, int=1>, cutlass::transform::threadblock::RegularTileIterator<cutlass::MatrixShape<int=8, int=128>, float, cutlass::layout::RowMajor, int=0, cutlass::transform::PitchLinearStripminedThreadMap<cutlass::layout::PitchLinearShape<int=128, int=8>, int=256, int=1>, int=4>, float, cutlass::layout::RowMajor, cutlass::gemm::threadblock::MmaPolicy<cutlass::gemm::warp::MmaSimt<cutlass::gemm::GemmShape<int=32, int=64, int=8>, float, cutlass::layout::ColumnMajor, float, cutlass::layout::RowMajor, float, cutlass::layout::RowMajor, cutlass::gemm::warp::MmaSimtPolicy<cutlass::MatrixShape<int=4, int=8>, cutlass::layout::RowMajorInterleaved<int=2>, cutlass::gemm::GemmShape<int=4, int=4, int=1>>, int=1, bool>, cutlass::MatrixShape<int=4, int=0>, cutlass::MatrixShape<int=0, int=0>, int=1>, cutlass::NumericArrayConverter<float, float, int=4, cutlass::FloatRoundStyle>, cutlass::NumericArrayConverter<float, float, int=4, cutlass::FloatRoundStyle>, bool>, cutlass::epilogue::threadblock::Epilogue<cutlass::gemm::GemmShape<int=128, int=128, int=8>, cutlass::gemm::warp::MmaSimt<cutlass::gemm::GemmShape<int=32, int=64, int=8>, float, cutlass::layout::ColumnMajor, float, cutlass::layout::RowMajor, float, cutlass::layout::RowMajor, cutlass::gemm::warp::MmaSimtPolicy<cutlass::MatrixShape<int=4, int=8>, cutlass::layout::RowMajorInterleaved<int=2>, cutlass::gemm::GemmShape<int=4, int=4, int=1>>, int=1, bool>, int=1, cutlass::epilogue::threadblock::PredicatedTileIterator<cutlass::epilogue::threadblock::OutputTileOptimalThreadMap<cutlass::epilogue::threadblock::OutputTileShape<int=128, int=1, int=4, int=4, int=1>, cutlass::epilogue::threadblock::OutputTileShape<int=1, int=4, int=2, int=1, int=8>, int=256, int=1, int=32>, float>, cutlass::epilogue::warp::FragmentIteratorSimt<cutlass::gemm::GemmShape<int=32, int=64, int=8>, cutlass::gemm::thread::Mma<cutlass::gemm::GemmShape<int=8, int=8, int=1>, float, cutlass::layout::ColumnMajor, float, cutlass::layout::RowMajor, float, cutlass::layout::RowMajor, cutlass::arch::OpMultiplyAdd, bool>, cutlass::layout::RowMajor, cutlass::gemm::warp::MmaSimtPolicy<cutlass::MatrixShape<int=4, int=8>, cutlass::layout::RowMajorInterleaved<int=2>, cutlass::gemm::GemmShape<int=4, int=4, int=1>>>, cutlass::epilogue::warp::TileIteratorSimt<cutlass::gemm::GemmShape<int=32, int=64, int=8>, cutlass::gemm::thread::Mma<cutlass::gemm::GemmShape<int=8, int=8, int=1>, float, cutlass::layout::ColumnMajor, float, cutlass::layout::RowMajor, float, cutlass::layout::RowMajor, cutlass::arch::OpMultiplyAdd, bool>, float, cutlass::layout::RowMajor, cutlass::gemm::warp::MmaSimtPolicy<cutlass::MatrixShape<int=4, int=8>, cutlass::layout::RowMajorInterleaved<int=2>, cutlass::gemm::GemmShape<int=4, int=4, int=1>>>, cutlass::epilogue::threadblock::SharedLoadIterator<cutlass::epilogue::threadblock::OutputTileOptimalThreadMap<cutlass::epilogue::threadblock::OutputTileShape<int=128, int=1, int=4, int=4, int=1>::CompactedThreadMap, cutlass::epilogue::threadblock::OutputTileShape<int=1, int=4, int=2, int=1, int=8>, int=256, int=1, int=32>, float, int=4>, cutlass::epilogue::thread::LinearCombination<float",23955
7.847980,0.001536,,,,,,,,,,112,69.538752,"Pageable","Device","Tesla V100-PCIE-32GB (0)","1","7","[CUDA memcpy HtoD]",23975
7.848614,0.020160,2048,1,1,384,1,1,16,0.000000,0.000000,,,,,"Tesla V100-PCIE-32GB (0)","1","7","void scal_kernel_val<double, double>(cublasScalParamsVal<double, double>)",24089
7.849046,8.078486,4,1597,1,256,1,1,124,0.000000,16.250000,,,,,"Tesla V100-PCIE-32GB (0)","1","7","void cutlass::Kernel<cutlass::gemm::kernel::Gemm<cutlass::gemm::threadblock::MmaPipelined<cutlass::gemm::GemmShape<int=128, int=128, int=8>, cutlass::transform::threadblock::PredicatedTileIterator<cutlass::MatrixShape<int=128, int=8>, float, cutlass::layout::RowMajor, int=1, cutlass::transform::PitchLinearStripminedThreadMap<cutlass::layout::PitchLinearShape<int=8, int=128>, int=256, int=1>, int=1>, cutlass::transform::threadblock::RegularTileIterator<cutlass::MatrixShape<int=128, int=8>, float, cutlass::layout::ColumnMajor, int=1, cutlass::transform::TransposePitchLinearThreadMapSimt<cutlass::transform::PitchLinearStripminedThreadMap<cutlass::layout::PitchLinearShape<int=8, int=128>, int=256, int=1>>, int=4>, cutlass::transform::threadblock::PredicatedTileIterator<cutlass::MatrixShape<int=8, int=128>, float, cutlass::layout::RowMajor, int=0, cutlass::transform::PitchLinearStripminedThreadMap<cutlass::layout::PitchLinearShape<int=128, int=8>, int=256, int=1>, int=1>, cutlass::transform::threadblock::RegularTileIterator<cutlass::MatrixShape<int=8, int=128>, float, cutlass::layout::RowMajor, int=0, cutlass::transform::PitchLinearStripminedThreadMap<cutlass::layout::PitchLinearShape<int=128, int=8>, int=256, int=1>, int=4>, float, cutlass::layout::RowMajor, cutlass::gemm::threadblock::MmaPolicy<cutlass::gemm::warp::MmaSimt<cutlass::gemm::GemmShape<int=32, int=64, int=8>, float, cutlass::layout::ColumnMajor, float, cutlass::layout::RowMajor, float, cutlass::layout::RowMajor, cutlass::gemm::warp::MmaSimtPolicy<cutlass::MatrixShape<int=4, int=8>, cutlass::layout::RowMajorInterleaved<int=2>, cutlass::gemm::GemmShape<int=4, int=4, int=1>>, int=1, bool>, cutlass::MatrixShape<int=4, int=0>, cutlass::MatrixShape<int=0, int=0>, int=1>, cutlass::NumericArrayConverter<float, float, int=4, cutlass::FloatRoundStyle>, cutlass::NumericArrayConverter<float, float, int=4, cutlass::FloatRoundStyle>, bool>, cutlass::epilogue::threadblock::Epilogue<cutlass::gemm::GemmShape<int=128, int=128, int=8>, cutlass::gemm::warp::MmaSimt<cutlass::gemm::GemmShape<int=32, int=64, int=8>, float, cutlass::layout::ColumnMajor, float, cutlass::layout::RowMajor, float, cutlass::layout::RowMajor, cutlass::gemm::warp::MmaSimtPolicy<cutlass::MatrixShape<int=4, int=8>, cutlass::layout::RowMajorInterleaved<int=2>, cutlass::gemm::GemmShape<int=4, int=4, int=1>>, int=1, bool>, int=1, cutlass::epilogue::threadblock::PredicatedTileIterator<cutlass::epilogue::threadblock::OutputTileOptimalThreadMap<cutlass::epilogue::threadblock::OutputTileShape<int=128, int=1, int=4, int=4, int=1>, cutlass::epilogue::threadblock::OutputTileShape<int=1, int=4, int=2, int=1, int=8>, int=256, int=1, int=32>, float>, cutlass::epilogue::warp::FragmentIteratorSimt<cutlass::gemm::GemmShape<int=32, int=64, int=8>, cutlass::gemm::thread::Mma<cutlass::gemm::GemmShape<int=8, int=8, int=1>, float, cutlass::layout::ColumnMajor, float, cutlass::layout::RowMajor, float, cutlass::layout::RowMajor, cutlass::arch::OpMultiplyAdd, bool>, cutlass::layout::RowMajor, cutlass::gemm::warp::MmaSimtPolicy<cutlass::MatrixShape<int=4, int=8>, cutlass::layout::RowMajorInterleaved<int=2>, cutlass::gemm::GemmShape<int=4, int=4, int=1>>>, cutlass::epilogue::warp::TileIteratorSimt<cutlass::gemm::GemmShape<int=32, int=64, int=8>, cutlass::gemm::thread::Mma<cutlass::gemm::GemmShape<int=8, int=8, int=1>, float, cutlass::layout::ColumnMajor, float, cutlass::layout::RowMajor, float, cutlass::layout::RowMajor, cutlass::arch::OpMultiplyAdd, bool>, float, cutlass::layout::RowMajor, cutlass::gemm::warp::MmaSimtPolicy<cutlass::MatrixShape<int=4, int=8>, cutlass::layout::RowMajorInterleaved<int=2>, cutlass::gemm::GemmShape<int=4, int=4, int=1>>>, cutlass::epilogue::threadblock::SharedLoadIterator<cutlass::epilogue::threadblock::OutputTileOptimalThreadMap<cutlass::epilogue::threadblock::OutputTileShape<int=128, int=1, int=4, int=4, int=1>::CompactedThreadMap, cutlass::epilogue::threadblock::OutputTileShape<int=1, int=4, int=2, int=1, int=8>, int=256, int=1, int=32>, float, int=4>, cutlass::epilogue::thread::LinearCombination<float",24118
7.857133,0.001472,,,,,,,,,,112,72.562176,"Pageable","Device","Tesla V100-PCIE-32GB (0)","1","7","[CUDA memcpy HtoD]",24138
7.857773,0.019647,2048,1,1,384,1,1,16,0.000000,0.000000,,,,,"Tesla V100-PCIE-32GB (0)","1","7","void scal_kernel_val<double, double>(cublasScalParamsVal<double, double>)",24252
7.858289,8.080406,4,1597,1,256,1,1,124,0.000000,16.250000,,,,,"Tesla V100-PCIE-32GB (0)","1","7","void cutlass::Kernel<cutlass::gemm::kernel::Gemm<cutlass::gemm::threadblock::MmaPipelined<cutlass::gemm::GemmShape<int=128, int=128, int=8>, cutlass::transform::threadblock::PredicatedTileIterator<cutlass::MatrixShape<int=128, int=8>, float, cutlass::layout::RowMajor, int=1, cutlass::transform::PitchLinearStripminedThreadMap<cutlass::layout::PitchLinearShape<int=8, int=128>, int=256, int=1>, int=1>, cutlass::transform::threadblock::RegularTileIterator<cutlass::MatrixShape<int=128, int=8>, float, cutlass::layout::ColumnMajor, int=1, cutlass::transform::TransposePitchLinearThreadMapSimt<cutlass::transform::PitchLinearStripminedThreadMap<cutlass::layout::PitchLinearShape<int=8, int=128>, int=256, int=1>>, int=4>, cutlass::transform::threadblock::PredicatedTileIterator<cutlass::MatrixShape<int=8, int=128>, float, cutlass::layout::RowMajor, int=0, cutlass::transform::PitchLinearStripminedThreadMap<cutlass::layout::PitchLinearShape<int=128, int=8>, int=256, int=1>, int=1>, cutlass::transform::threadblock::RegularTileIterator<cutlass::MatrixShape<int=8, int=128>, float, cutlass::layout::RowMajor, int=0, cutlass::transform::PitchLinearStripminedThreadMap<cutlass::layout::PitchLinearShape<int=128, int=8>, int=256, int=1>, int=4>, float, cutlass::layout::RowMajor, cutlass::gemm::threadblock::MmaPolicy<cutlass::gemm::warp::MmaSimt<cutlass::gemm::GemmShape<int=32, int=64, int=8>, float, cutlass::layout::ColumnMajor, float, cutlass::layout::RowMajor, float, cutlass::layout::RowMajor, cutlass::gemm::warp::MmaSimtPolicy<cutlass::MatrixShape<int=4, int=8>, cutlass::layout::RowMajorInterleaved<int=2>, cutlass::gemm::GemmShape<int=4, int=4, int=1>>, int=1, bool>, cutlass::MatrixShape<int=4, int=0>, cutlass::MatrixShape<int=0, int=0>, int=1>, cutlass::NumericArrayConverter<float, float, int=4, cutlass::FloatRoundStyle>, cutlass::NumericArrayConverter<float, float, int=4, cutlass::FloatRoundStyle>, bool>, cutlass::epilogue::threadblock::Epilogue<cutlass::gemm::GemmShape<int=128, int=128, int=8>, cutlass::gemm::warp::MmaSimt<cutlass::gemm::GemmShape<int=32, int=64, int=8>, float, cutlass::layout::ColumnMajor, float, cutlass::layout::RowMajor, float, cutlass::layout::RowMajor, cutlass::gemm::warp::MmaSimtPolicy<cutlass::MatrixShape<int=4, int=8>, cutlass::layout::RowMajorInterleaved<int=2>, cutlass::gemm::GemmShape<int=4, int=4, int=1>>, int=1, bool>, int=1, cutlass::epilogue::threadblock::PredicatedTileIterator<cutlass::epilogue::threadblock::OutputTileOptimalThreadMap<cutlass::epilogue::threadblock::OutputTileShape<int=128, int=1, int=4, int=4, int=1>, cutlass::epilogue::threadblock::OutputTileShape<int=1, int=4, int=2, int=1, int=8>, int=256, int=1, int=32>, float>, cutlass::epilogue::warp::FragmentIteratorSimt<cutlass::gemm::GemmShape<int=32, int=64, int=8>, cutlass::gemm::thread::Mma<cutlass::gemm::GemmShape<int=8, int=8, int=1>, float, cutlass::layout::ColumnMajor, float, cutlass::layout::RowMajor, float, cutlass::layout::RowMajor, cutlass::arch::OpMultiplyAdd, bool>, cutlass::layout::RowMajor, cutlass::gemm::warp::MmaSimtPolicy<cutlass::MatrixShape<int=4, int=8>, cutlass::layout::RowMajorInterleaved<int=2>, cutlass::gemm::GemmShape<int=4, int=4, int=1>>>, cutlass::epilogue::warp::TileIteratorSimt<cutlass::gemm::GemmShape<int=32, int=64, int=8>, cutlass::gemm::thread::Mma<cutlass::gemm::GemmShape<int=8, int=8, int=1>, float, cutlass::layout::ColumnMajor, float, cutlass::layout::RowMajor, float, cutlass::layout::RowMajor, cutlass::arch::OpMultiplyAdd, bool>, float, cutlass::layout::RowMajor, cutlass::gemm::warp::MmaSimtPolicy<cutlass::MatrixShape<int=4, int=8>, cutlass::layout::RowMajorInterleaved<int=2>, cutlass::gemm::GemmShape<int=4, int=4, int=1>>>, cutlass::epilogue::threadblock::SharedLoadIterator<cutlass::epilogue::threadblock::OutputTileOptimalThreadMap<cutlass::epilogue::threadblock::OutputTileShape<int=128, int=1, int=4, int=4, int=1>::CompactedThreadMap, cutlass::epilogue::threadblock::OutputTileShape<int=1, int=4, int=2, int=1, int=8>, int=256, int=1, int=32>, float, int=4>, cutlass::epilogue::thread::LinearCombination<float",24281
7.866381,0.001504,,,,,,,,,,112,71.018300,"Pageable","Device","Tesla V100-PCIE-32GB (0)","1","7","[CUDA memcpy HtoD]",24301
7.867034,0.019808,2048,1,1,384,1,1,16,0.000000,0.000000,,,,,"Tesla V100-PCIE-32GB (0)","1","7","void scal_kernel_val<double, double>(cublasScalParamsVal<double, double>)",24415
7.870716,8.077046,4,1597,1,256,1,1,124,0.000000,16.250000,,,,,"Tesla V100-PCIE-32GB (0)","1","7","void cutlass::Kernel<cutlass::gemm::kernel::Gemm<cutlass::gemm::threadblock::MmaPipelined<cutlass::gemm::GemmShape<int=128, int=128, int=8>, cutlass::transform::threadblock::PredicatedTileIterator<cutlass::MatrixShape<int=128, int=8>, float, cutlass::layout::RowMajor, int=1, cutlass::transform::PitchLinearStripminedThreadMap<cutlass::layout::PitchLinearShape<int=8, int=128>, int=256, int=1>, int=1>, cutlass::transform::threadblock::RegularTileIterator<cutlass::MatrixShape<int=128, int=8>, float, cutlass::layout::ColumnMajor, int=1, cutlass::transform::TransposePitchLinearThreadMapSimt<cutlass::transform::PitchLinearStripminedThreadMap<cutlass::layout::PitchLinearShape<int=8, int=128>, int=256, int=1>>, int=4>, cutlass::transform::threadblock::PredicatedTileIterator<cutlass::MatrixShape<int=8, int=128>, float, cutlass::layout::RowMajor, int=0, cutlass::transform::PitchLinearStripminedThreadMap<cutlass::layout::PitchLinearShape<int=128, int=8>, int=256, int=1>, int=1>, cutlass::transform::threadblock::RegularTileIterator<cutlass::MatrixShape<int=8, int=128>, float, cutlass::layout::RowMajor, int=0, cutlass::transform::PitchLinearStripminedThreadMap<cutlass::layout::PitchLinearShape<int=128, int=8>, int=256, int=1>, int=4>, float, cutlass::layout::RowMajor, cutlass::gemm::threadblock::MmaPolicy<cutlass::gemm::warp::MmaSimt<cutlass::gemm::GemmShape<int=32, int=64, int=8>, float, cutlass::layout::ColumnMajor, float, cutlass::layout::RowMajor, float, cutlass::layout::RowMajor, cutlass::gemm::warp::MmaSimtPolicy<cutlass::MatrixShape<int=4, int=8>, cutlass::layout::RowMajorInterleaved<int=2>, cutlass::gemm::GemmShape<int=4, int=4, int=1>>, int=1, bool>, cutlass::MatrixShape<int=4, int=0>, cutlass::MatrixShape<int=0, int=0>, int=1>, cutlass::NumericArrayConverter<float, float, int=4, cutlass::FloatRoundStyle>, cutlass::NumericArrayConverter<float, float, int=4, cutlass::FloatRoundStyle>, bool>, cutlass::epilogue::threadblock::Epilogue<cutlass::gemm::GemmShape<int=128, int=128, int=8>, cutlass::gemm::warp::MmaSimt<cutlass::gemm::GemmShape<int=32, int=64, int=8>, float, cutlass::layout::ColumnMajor, float, cutlass::layout::RowMajor, float, cutlass::layout::RowMajor, cutlass::gemm::warp::MmaSimtPolicy<cutlass::MatrixShape<int=4, int=8>, cutlass::layout::RowMajorInterleaved<int=2>, cutlass::gemm::GemmShape<int=4, int=4, int=1>>, int=1, bool>, int=1, cutlass::epilogue::threadblock::PredicatedTileIterator<cutlass::epilogue::threadblock::OutputTileOptimalThreadMap<cutlass::epilogue::threadblock::OutputTileShape<int=128, int=1, int=4, int=4, int=1>, cutlass::epilogue::threadblock::OutputTileShape<int=1, int=4, int=2, int=1, int=8>, int=256, int=1, int=32>, float>, cutlass::epilogue::warp::FragmentIteratorSimt<cutlass::gemm::GemmShape<int=32, int=64, int=8>, cutlass::gemm::thread::Mma<cutlass::gemm::GemmShape<int=8, int=8, int=1>, float, cutlass::layout::ColumnMajor, float, cutlass::layout::RowMajor, float, cutlass::layout::RowMajor, cutlass::arch::OpMultiplyAdd, bool>, cutlass::layout::RowMajor, cutlass::gemm::warp::MmaSimtPolicy<cutlass::MatrixShape<int=4, int=8>, cutlass::layout::RowMajorInterleaved<int=2>, cutlass::gemm::GemmShape<int=4, int=4, int=1>>>, cutlass::epilogue::warp::TileIteratorSimt<cutlass::gemm::GemmShape<int=32, int=64, int=8>, cutlass::gemm::thread::Mma<cutlass::gemm::GemmShape<int=8, int=8, int=1>, float, cutlass::layout::ColumnMajor, float, cutlass::layout::RowMajor, float, cutlass::layout::RowMajor, cutlass::arch::OpMultiplyAdd, bool>, float, cutlass::layout::RowMajor, cutlass::gemm::warp::MmaSimtPolicy<cutlass::MatrixShape<int=4, int=8>, cutlass::layout::RowMajorInterleaved<int=2>, cutlass::gemm::GemmShape<int=4, int=4, int=1>>>, cutlass::epilogue::threadblock::SharedLoadIterator<cutlass::epilogue::threadblock::OutputTileOptimalThreadMap<cutlass::epilogue::threadblock::OutputTileShape<int=128, int=1, int=4, int=4, int=1>::CompactedThreadMap, cutlass::epilogue::threadblock::OutputTileShape<int=1, int=4, int=2, int=1, int=8>, int=256, int=1, int=32>, float, int=4>, cutlass::epilogue::thread::LinearCombination<float",24444
7.878802,0.001472,,,,,,,,,,112,72.562176,"Pageable","Device","Tesla V100-PCIE-32GB (0)","1","7","[CUDA memcpy HtoD]",24464
7.879818,0.020096,2048,1,1,384,1,1,16,0.000000,0.000000,,,,,"Tesla V100-PCIE-32GB (0)","1","7","void scal_kernel_val<double, double>(cublasScalParamsVal<double, double>)",24578
7.880249,8.079414,4,1597,1,256,1,1,124,0.000000,16.250000,,,,,"Tesla V100-PCIE-32GB (0)","1","7","void cutlass::Kernel<cutlass::gemm::kernel::Gemm<cutlass::gemm::threadblock::MmaPipelined<cutlass::gemm::GemmShape<int=128, int=128, int=8>, cutlass::transform::threadblock::PredicatedTileIterator<cutlass::MatrixShape<int=128, int=8>, float, cutlass::layout::RowMajor, int=1, cutlass::transform::PitchLinearStripminedThreadMap<cutlass::layout::PitchLinearShape<int=8, int=128>, int=256, int=1>, int=1>, cutlass::transform::threadblock::RegularTileIterator<cutlass::MatrixShape<int=128, int=8>, float, cutlass::layout::ColumnMajor, int=1, cutlass::transform::TransposePitchLinearThreadMapSimt<cutlass::transform::PitchLinearStripminedThreadMap<cutlass::layout::PitchLinearShape<int=8, int=128>, int=256, int=1>>, int=4>, cutlass::transform::threadblock::PredicatedTileIterator<cutlass::MatrixShape<int=8, int=128>, float, cutlass::layout::RowMajor, int=0, cutlass::transform::PitchLinearStripminedThreadMap<cutlass::layout::PitchLinearShape<int=128, int=8>, int=256, int=1>, int=1>, cutlass::transform::threadblock::RegularTileIterator<cutlass::MatrixShape<int=8, int=128>, float, cutlass::layout::RowMajor, int=0, cutlass::transform::PitchLinearStripminedThreadMap<cutlass::layout::PitchLinearShape<int=128, int=8>, int=256, int=1>, int=4>, float, cutlass::layout::RowMajor, cutlass::gemm::threadblock::MmaPolicy<cutlass::gemm::warp::MmaSimt<cutlass::gemm::GemmShape<int=32, int=64, int=8>, float, cutlass::layout::ColumnMajor, float, cutlass::layout::RowMajor, float, cutlass::layout::RowMajor, cutlass::gemm::warp::MmaSimtPolicy<cutlass::MatrixShape<int=4, int=8>, cutlass::layout::RowMajorInterleaved<int=2>, cutlass::gemm::GemmShape<int=4, int=4, int=1>>, int=1, bool>, cutlass::MatrixShape<int=4, int=0>, cutlass::MatrixShape<int=0, int=0>, int=1>, cutlass::NumericArrayConverter<float, float, int=4, cutlass::FloatRoundStyle>, cutlass::NumericArrayConverter<float, float, int=4, cutlass::FloatRoundStyle>, bool>, cutlass::epilogue::threadblock::Epilogue<cutlass::gemm::GemmShape<int=128, int=128, int=8>, cutlass::gemm::warp::MmaSimt<cutlass::gemm::GemmShape<int=32, int=64, int=8>, float, cutlass::layout::ColumnMajor, float, cutlass::layout::RowMajor, float, cutlass::layout::RowMajor, cutlass::gemm::warp::MmaSimtPolicy<cutlass::MatrixShape<int=4, int=8>, cutlass::layout::RowMajorInterleaved<int=2>, cutlass::gemm::GemmShape<int=4, int=4, int=1>>, int=1, bool>, int=1, cutlass::epilogue::threadblock::PredicatedTileIterator<cutlass::epilogue::threadblock::OutputTileOptimalThreadMap<cutlass::epilogue::threadblock::OutputTileShape<int=128, int=1, int=4, int=4, int=1>, cutlass::epilogue::threadblock::OutputTileShape<int=1, int=4, int=2, int=1, int=8>, int=256, int=1, int=32>, float>, cutlass::epilogue::warp::FragmentIteratorSimt<cutlass::gemm::GemmShape<int=32, int=64, int=8>, cutlass::gemm::thread::Mma<cutlass::gemm::GemmShape<int=8, int=8, int=1>, float, cutlass::layout::ColumnMajor, float, cutlass::layout::RowMajor, float, cutlass::layout::RowMajor, cutlass::arch::OpMultiplyAdd, bool>, cutlass::layout::RowMajor, cutlass::gemm::warp::MmaSimtPolicy<cutlass::MatrixShape<int=4, int=8>, cutlass::layout::RowMajorInterleaved<int=2>, cutlass::gemm::GemmShape<int=4, int=4, int=1>>>, cutlass::epilogue::warp::TileIteratorSimt<cutlass::gemm::GemmShape<int=32, int=64, int=8>, cutlass::gemm::thread::Mma<cutlass::gemm::GemmShape<int=8, int=8, int=1>, float, cutlass::layout::ColumnMajor, float, cutlass::layout::RowMajor, float, cutlass::layout::RowMajor, cutlass::arch::OpMultiplyAdd, bool>, float, cutlass::layout::RowMajor, cutlass::gemm::warp::MmaSimtPolicy<cutlass::MatrixShape<int=4, int=8>, cutlass::layout::RowMajorInterleaved<int=2>, cutlass::gemm::GemmShape<int=4, int=4, int=1>>>, cutlass::epilogue::threadblock::SharedLoadIterator<cutlass::epilogue::threadblock::OutputTileOptimalThreadMap<cutlass::epilogue::threadblock::OutputTileShape<int=128, int=1, int=4, int=4, int=1>::CompactedThreadMap, cutlass::epilogue::threadblock::OutputTileShape<int=1, int=4, int=2, int=1, int=8>, int=256, int=1, int=32>, float, int=4>, cutlass::epilogue::thread::LinearCombination<float",24607
7.888337,0.001504,,,,,,,,,,112,71.018300,"Pageable","Device","Tesla V100-PCIE-32GB (0)","1","7","[CUDA memcpy HtoD]",24627
7.888978,0.019616,2048,1,1,384,1,1,16,0.000000,0.000000,,,,,"Tesla V100-PCIE-32GB (0)","1","7","void scal_kernel_val<double, double>(cublasScalParamsVal<double, double>)",24741
7.889404,8.078806,4,1597,1,256,1,1,124,0.000000,16.250000,,,,,"Tesla V100-PCIE-32GB (0)","1","7","void cutlass::Kernel<cutlass::gemm::kernel::Gemm<cutlass::gemm::threadblock::MmaPipelined<cutlass::gemm::GemmShape<int=128, int=128, int=8>, cutlass::transform::threadblock::PredicatedTileIterator<cutlass::MatrixShape<int=128, int=8>, float, cutlass::layout::RowMajor, int=1, cutlass::transform::PitchLinearStripminedThreadMap<cutlass::layout::PitchLinearShape<int=8, int=128>, int=256, int=1>, int=1>, cutlass::transform::threadblock::RegularTileIterator<cutlass::MatrixShape<int=128, int=8>, float, cutlass::layout::ColumnMajor, int=1, cutlass::transform::TransposePitchLinearThreadMapSimt<cutlass::transform::PitchLinearStripminedThreadMap<cutlass::layout::PitchLinearShape<int=8, int=128>, int=256, int=1>>, int=4>, cutlass::transform::threadblock::PredicatedTileIterator<cutlass::MatrixShape<int=8, int=128>, float, cutlass::layout::RowMajor, int=0, cutlass::transform::PitchLinearStripminedThreadMap<cutlass::layout::PitchLinearShape<int=128, int=8>, int=256, int=1>, int=1>, cutlass::transform::threadblock::RegularTileIterator<cutlass::MatrixShape<int=8, int=128>, float, cutlass::layout::RowMajor, int=0, cutlass::transform::PitchLinearStripminedThreadMap<cutlass::layout::PitchLinearShape<int=128, int=8>, int=256, int=1>, int=4>, float, cutlass::layout::RowMajor, cutlass::gemm::threadblock::MmaPolicy<cutlass::gemm::warp::MmaSimt<cutlass::gemm::GemmShape<int=32, int=64, int=8>, float, cutlass::layout::ColumnMajor, float, cutlass::layout::RowMajor, float, cutlass::layout::RowMajor, cutlass::gemm::warp::MmaSimtPolicy<cutlass::MatrixShape<int=4, int=8>, cutlass::layout::RowMajorInterleaved<int=2>, cutlass::gemm::GemmShape<int=4, int=4, int=1>>, int=1, bool>, cutlass::MatrixShape<int=4, int=0>, cutlass::MatrixShape<int=0, int=0>, int=1>, cutlass::NumericArrayConverter<float, float, int=4, cutlass::FloatRoundStyle>, cutlass::NumericArrayConverter<float, float, int=4, cutlass::FloatRoundStyle>, bool>, cutlass::epilogue::threadblock::Epilogue<cutlass::gemm::GemmShape<int=128, int=128, int=8>, cutlass::gemm::warp::MmaSimt<cutlass::gemm::GemmShape<int=32, int=64, int=8>, float, cutlass::layout::ColumnMajor, float, cutlass::layout::RowMajor, float, cutlass::layout::RowMajor, cutlass::gemm::warp::MmaSimtPolicy<cutlass::MatrixShape<int=4, int=8>, cutlass::layout::RowMajorInterleaved<int=2>, cutlass::gemm::GemmShape<int=4, int=4, int=1>>, int=1, bool>, int=1, cutlass::epilogue::threadblock::PredicatedTileIterator<cutlass::epilogue::threadblock::OutputTileOptimalThreadMap<cutlass::epilogue::threadblock::OutputTileShape<int=128, int=1, int=4, int=4, int=1>, cutlass::epilogue::threadblock::OutputTileShape<int=1, int=4, int=2, int=1, int=8>, int=256, int=1, int=32>, float>, cutlass::epilogue::warp::FragmentIteratorSimt<cutlass::gemm::GemmShape<int=32, int=64, int=8>, cutlass::gemm::thread::Mma<cutlass::gemm::GemmShape<int=8, int=8, int=1>, float, cutlass::layout::ColumnMajor, float, cutlass::layout::RowMajor, float, cutlass::layout::RowMajor, cutlass::arch::OpMultiplyAdd, bool>, cutlass::layout::RowMajor, cutlass::gemm::warp::MmaSimtPolicy<cutlass::MatrixShape<int=4, int=8>, cutlass::layout::RowMajorInterleaved<int=2>, cutlass::gemm::GemmShape<int=4, int=4, int=1>>>, cutlass::epilogue::warp::TileIteratorSimt<cutlass::gemm::GemmShape<int=32, int=64, int=8>, cutlass::gemm::thread::Mma<cutlass::gemm::GemmShape<int=8, int=8, int=1>, float, cutlass::layout::ColumnMajor, float, cutlass::layout::RowMajor, float, cutlass::layout::RowMajor, cutlass::arch::OpMultiplyAdd, bool>, float, cutlass::layout::RowMajor, cutlass::gemm::warp::MmaSimtPolicy<cutlass::MatrixShape<int=4, int=8>, cutlass::layout::RowMajorInterleaved<int=2>, cutlass::gemm::GemmShape<int=4, int=4, int=1>>>, cutlass::epilogue::threadblock::SharedLoadIterator<cutlass::epilogue::threadblock::OutputTileOptimalThreadMap<cutlass::epilogue::threadblock::OutputTileShape<int=128, int=1, int=4, int=4, int=1>::CompactedThreadMap, cutlass::epilogue::threadblock::OutputTileShape<int=1, int=4, int=2, int=1, int=8>, int=256, int=1, int=32>, float, int=4>, cutlass::epilogue::thread::LinearCombination<float",24770
7.897495,0.001504,,,,,,,,,,112,71.018300,"Pageable","Device","Tesla V100-PCIE-32GB (0)","1","7","[CUDA memcpy HtoD]",24790
7.898134,0.020416,2048,1,1,384,1,1,16,0.000000,0.000000,,,,,"Tesla V100-PCIE-32GB (0)","1","7","void scal_kernel_val<double, double>(cublasScalParamsVal<double, double>)",24904
7.899601,8.077014,4,1597,1,256,1,1,124,0.000000,16.250000,,,,,"Tesla V100-PCIE-32GB (0)","1","7","void cutlass::Kernel<cutlass::gemm::kernel::Gemm<cutlass::gemm::threadblock::MmaPipelined<cutlass::gemm::GemmShape<int=128, int=128, int=8>, cutlass::transform::threadblock::PredicatedTileIterator<cutlass::MatrixShape<int=128, int=8>, float, cutlass::layout::RowMajor, int=1, cutlass::transform::PitchLinearStripminedThreadMap<cutlass::layout::PitchLinearShape<int=8, int=128>, int=256, int=1>, int=1>, cutlass::transform::threadblock::RegularTileIterator<cutlass::MatrixShape<int=128, int=8>, float, cutlass::layout::ColumnMajor, int=1, cutlass::transform::TransposePitchLinearThreadMapSimt<cutlass::transform::PitchLinearStripminedThreadMap<cutlass::layout::PitchLinearShape<int=8, int=128>, int=256, int=1>>, int=4>, cutlass::transform::threadblock::PredicatedTileIterator<cutlass::MatrixShape<int=8, int=128>, float, cutlass::layout::RowMajor, int=0, cutlass::transform::PitchLinearStripminedThreadMap<cutlass::layout::PitchLinearShape<int=128, int=8>, int=256, int=1>, int=1>, cutlass::transform::threadblock::RegularTileIterator<cutlass::MatrixShape<int=8, int=128>, float, cutlass::layout::RowMajor, int=0, cutlass::transform::PitchLinearStripminedThreadMap<cutlass::layout::PitchLinearShape<int=128, int=8>, int=256, int=1>, int=4>, float, cutlass::layout::RowMajor, cutlass::gemm::threadblock::MmaPolicy<cutlass::gemm::warp::MmaSimt<cutlass::gemm::GemmShape<int=32, int=64, int=8>, float, cutlass::layout::ColumnMajor, float, cutlass::layout::RowMajor, float, cutlass::layout::RowMajor, cutlass::gemm::warp::MmaSimtPolicy<cutlass::MatrixShape<int=4, int=8>, cutlass::layout::RowMajorInterleaved<int=2>, cutlass::gemm::GemmShape<int=4, int=4, int=1>>, int=1, bool>, cutlass::MatrixShape<int=4, int=0>, cutlass::MatrixShape<int=0, int=0>, int=1>, cutlass::NumericArrayConverter<float, float, int=4, cutlass::FloatRoundStyle>, cutlass::NumericArrayConverter<float, float, int=4, cutlass::FloatRoundStyle>, bool>, cutlass::epilogue::threadblock::Epilogue<cutlass::gemm::GemmShape<int=128, int=128, int=8>, cutlass::gemm::warp::MmaSimt<cutlass::gemm::GemmShape<int=32, int=64, int=8>, float, cutlass::layout::ColumnMajor, float, cutlass::layout::RowMajor, float, cutlass::layout::RowMajor, cutlass::gemm::warp::MmaSimtPolicy<cutlass::MatrixShape<int=4, int=8>, cutlass::layout::RowMajorInterleaved<int=2>, cutlass::gemm::GemmShape<int=4, int=4, int=1>>, int=1, bool>, int=1, cutlass::epilogue::threadblock::PredicatedTileIterator<cutlass::epilogue::threadblock::OutputTileOptimalThreadMap<cutlass::epilogue::threadblock::OutputTileShape<int=128, int=1, int=4, int=4, int=1>, cutlass::epilogue::threadblock::OutputTileShape<int=1, int=4, int=2, int=1, int=8>, int=256, int=1, int=32>, float>, cutlass::epilogue::warp::FragmentIteratorSimt<cutlass::gemm::GemmShape<int=32, int=64, int=8>, cutlass::gemm::thread::Mma<cutlass::gemm::GemmShape<int=8, int=8, int=1>, float, cutlass::layout::ColumnMajor, float, cutlass::layout::RowMajor, float, cutlass::layout::RowMajor, cutlass::arch::OpMultiplyAdd, bool>, cutlass::layout::RowMajor, cutlass::gemm::warp::MmaSimtPolicy<cutlass::MatrixShape<int=4, int=8>, cutlass::layout::RowMajorInterleaved<int=2>, cutlass::gemm::GemmShape<int=4, int=4, int=1>>>, cutlass::epilogue::warp::TileIteratorSimt<cutlass::gemm::GemmShape<int=32, int=64, int=8>, cutlass::gemm::thread::Mma<cutlass::gemm::GemmShape<int=8, int=8, int=1>, float, cutlass::layout::ColumnMajor, float, cutlass::layout::RowMajor, float, cutlass::layout::RowMajor, cutlass::arch::OpMultiplyAdd, bool>, float, cutlass::layout::RowMajor, cutlass::gemm::warp::MmaSimtPolicy<cutlass::MatrixShape<int=4, int=8>, cutlass::layout::RowMajorInterleaved<int=2>, cutlass::gemm::GemmShape<int=4, int=4, int=1>>>, cutlass::epilogue::threadblock::SharedLoadIterator<cutlass::epilogue::threadblock::OutputTileOptimalThreadMap<cutlass::epilogue::threadblock::OutputTileShape<int=128, int=1, int=4, int=4, int=1>::CompactedThreadMap, cutlass::epilogue::threadblock::OutputTileShape<int=1, int=4, int=2, int=1, int=8>, int=256, int=1, int=32>, float, int=4>, cutlass::epilogue::thread::LinearCombination<float",24933
7.907688,0.001792,,,,,,,,,,112,59.604645,"Pageable","Device","Tesla V100-PCIE-32GB (0)","1","7","[CUDA memcpy HtoD]",24953
7.911850,0.020256,2048,1,1,384,1,1,16,0.000000,0.000000,,,,,"Tesla V100-PCIE-32GB (0)","1","7","void scal_kernel_val<double, double>(cublasScalParamsVal<double, double>)",25067
7.912288,8.078327,4,1597,1,256,1,1,124,0.000000,16.250000,,,,,"Tesla V100-PCIE-32GB (0)","1","7","void cutlass::Kernel<cutlass::gemm::kernel::Gemm<cutlass::gemm::threadblock::MmaPipelined<cutlass::gemm::GemmShape<int=128, int=128, int=8>, cutlass::transform::threadblock::PredicatedTileIterator<cutlass::MatrixShape<int=128, int=8>, float, cutlass::layout::RowMajor, int=1, cutlass::transform::PitchLinearStripminedThreadMap<cutlass::layout::PitchLinearShape<int=8, int=128>, int=256, int=1>, int=1>, cutlass::transform::threadblock::RegularTileIterator<cutlass::MatrixShape<int=128, int=8>, float, cutlass::layout::ColumnMajor, int=1, cutlass::transform::TransposePitchLinearThreadMapSimt<cutlass::transform::PitchLinearStripminedThreadMap<cutlass::layout::PitchLinearShape<int=8, int=128>, int=256, int=1>>, int=4>, cutlass::transform::threadblock::PredicatedTileIterator<cutlass::MatrixShape<int=8, int=128>, float, cutlass::layout::RowMajor, int=0, cutlass::transform::PitchLinearStripminedThreadMap<cutlass::layout::PitchLinearShape<int=128, int=8>, int=256, int=1>, int=1>, cutlass::transform::threadblock::RegularTileIterator<cutlass::MatrixShape<int=8, int=128>, float, cutlass::layout::RowMajor, int=0, cutlass::transform::PitchLinearStripminedThreadMap<cutlass::layout::PitchLinearShape<int=128, int=8>, int=256, int=1>, int=4>, float, cutlass::layout::RowMajor, cutlass::gemm::threadblock::MmaPolicy<cutlass::gemm::warp::MmaSimt<cutlass::gemm::GemmShape<int=32, int=64, int=8>, float, cutlass::layout::ColumnMajor, float, cutlass::layout::RowMajor, float, cutlass::layout::RowMajor, cutlass::gemm::warp::MmaSimtPolicy<cutlass::MatrixShape<int=4, int=8>, cutlass::layout::RowMajorInterleaved<int=2>, cutlass::gemm::GemmShape<int=4, int=4, int=1>>, int=1, bool>, cutlass::MatrixShape<int=4, int=0>, cutlass::MatrixShape<int=0, int=0>, int=1>, cutlass::NumericArrayConverter<float, float, int=4, cutlass::FloatRoundStyle>, cutlass::NumericArrayConverter<float, float, int=4, cutlass::FloatRoundStyle>, bool>, cutlass::epilogue::threadblock::Epilogue<cutlass::gemm::GemmShape<int=128, int=128, int=8>, cutlass::gemm::warp::MmaSimt<cutlass::gemm::GemmShape<int=32, int=64, int=8>, float, cutlass::layout::ColumnMajor, float, cutlass::layout::RowMajor, float, cutlass::layout::RowMajor, cutlass::gemm::warp::MmaSimtPolicy<cutlass::MatrixShape<int=4, int=8>, cutlass::layout::RowMajorInterleaved<int=2>, cutlass::gemm::GemmShape<int=4, int=4, int=1>>, int=1, bool>, int=1, cutlass::epilogue::threadblock::PredicatedTileIterator<cutlass::epilogue::threadblock::OutputTileOptimalThreadMap<cutlass::epilogue::threadblock::OutputTileShape<int=128, int=1, int=4, int=4, int=1>, cutlass::epilogue::threadblock::OutputTileShape<int=1, int=4, int=2, int=1, int=8>, int=256, int=1, int=32>, float>, cutlass::epilogue::warp::FragmentIteratorSimt<cutlass::gemm::GemmShape<int=32, int=64, int=8>, cutlass::gemm::thread::Mma<cutlass::gemm::GemmShape<int=8, int=8, int=1>, float, cutlass::layout::ColumnMajor, float, cutlass::layout::RowMajor, float, cutlass::layout::RowMajor, cutlass::arch::OpMultiplyAdd, bool>, cutlass::layout::RowMajor, cutlass::gemm::warp::MmaSimtPolicy<cutlass::MatrixShape<int=4, int=8>, cutlass::layout::RowMajorInterleaved<int=2>, cutlass::gemm::GemmShape<int=4, int=4, int=1>>>, cutlass::epilogue::warp::TileIteratorSimt<cutlass::gemm::GemmShape<int=32, int=64, int=8>, cutlass::gemm::thread::Mma<cutlass::gemm::GemmShape<int=8, int=8, int=1>, float, cutlass::layout::ColumnMajor, float, cutlass::layout::RowMajor, float, cutlass::layout::RowMajor, cutlass::arch::OpMultiplyAdd, bool>, float, cutlass::layout::RowMajor, cutlass::gemm::warp::MmaSimtPolicy<cutlass::MatrixShape<int=4, int=8>, cutlass::layout::RowMajorInterleaved<int=2>, cutlass::gemm::GemmShape<int=4, int=4, int=1>>>, cutlass::epilogue::threadblock::SharedLoadIterator<cutlass::epilogue::threadblock::OutputTileOptimalThreadMap<cutlass::epilogue::threadblock::OutputTileShape<int=128, int=1, int=4, int=4, int=1>::CompactedThreadMap, cutlass::epilogue::threadblock::OutputTileShape<int=1, int=4, int=2, int=1, int=8>, int=256, int=1, int=32>, float, int=4>, cutlass::epilogue::thread::LinearCombination<float",25096
7.920375,0.001504,,,,,,,,,,112,71.018300,"Pageable","Device","Tesla V100-PCIE-32GB (0)","1","7","[CUDA memcpy HtoD]",25116
7.921021,0.019903,2048,1,1,384,1,1,16,0.000000,0.000000,,,,,"Tesla V100-PCIE-32GB (0)","1","7","void scal_kernel_val<double, double>(cublasScalParamsVal<double, double>)",25230
7.921446,8.079766,4,1597,1,256,1,1,124,0.000000,16.250000,,,,,"Tesla V100-PCIE-32GB (0)","1","7","void cutlass::Kernel<cutlass::gemm::kernel::Gemm<cutlass::gemm::threadblock::MmaPipelined<cutlass::gemm::GemmShape<int=128, int=128, int=8>, cutlass::transform::threadblock::PredicatedTileIterator<cutlass::MatrixShape<int=128, int=8>, float, cutlass::layout::RowMajor, int=1, cutlass::transform::PitchLinearStripminedThreadMap<cutlass::layout::PitchLinearShape<int=8, int=128>, int=256, int=1>, int=1>, cutlass::transform::threadblock::RegularTileIterator<cutlass::MatrixShape<int=128, int=8>, float, cutlass::layout::ColumnMajor, int=1, cutlass::transform::TransposePitchLinearThreadMapSimt<cutlass::transform::PitchLinearStripminedThreadMap<cutlass::layout::PitchLinearShape<int=8, int=128>, int=256, int=1>>, int=4>, cutlass::transform::threadblock::PredicatedTileIterator<cutlass::MatrixShape<int=8, int=128>, float, cutlass::layout::RowMajor, int=0, cutlass::transform::PitchLinearStripminedThreadMap<cutlass::layout::PitchLinearShape<int=128, int=8>, int=256, int=1>, int=1>, cutlass::transform::threadblock::RegularTileIterator<cutlass::MatrixShape<int=8, int=128>, float, cutlass::layout::RowMajor, int=0, cutlass::transform::PitchLinearStripminedThreadMap<cutlass::layout::PitchLinearShape<int=128, int=8>, int=256, int=1>, int=4>, float, cutlass::layout::RowMajor, cutlass::gemm::threadblock::MmaPolicy<cutlass::gemm::warp::MmaSimt<cutlass::gemm::GemmShape<int=32, int=64, int=8>, float, cutlass::layout::ColumnMajor, float, cutlass::layout::RowMajor, float, cutlass::layout::RowMajor, cutlass::gemm::warp::MmaSimtPolicy<cutlass::MatrixShape<int=4, int=8>, cutlass::layout::RowMajorInterleaved<int=2>, cutlass::gemm::GemmShape<int=4, int=4, int=1>>, int=1, bool>, cutlass::MatrixShape<int=4, int=0>, cutlass::MatrixShape<int=0, int=0>, int=1>, cutlass::NumericArrayConverter<float, float, int=4, cutlass::FloatRoundStyle>, cutlass::NumericArrayConverter<float, float, int=4, cutlass::FloatRoundStyle>, bool>, cutlass::epilogue::threadblock::Epilogue<cutlass::gemm::GemmShape<int=128, int=128, int=8>, cutlass::gemm::warp::MmaSimt<cutlass::gemm::GemmShape<int=32, int=64, int=8>, float, cutlass::layout::ColumnMajor, float, cutlass::layout::RowMajor, float, cutlass::layout::RowMajor, cutlass::gemm::warp::MmaSimtPolicy<cutlass::MatrixShape<int=4, int=8>, cutlass::layout::RowMajorInterleaved<int=2>, cutlass::gemm::GemmShape<int=4, int=4, int=1>>, int=1, bool>, int=1, cutlass::epilogue::threadblock::PredicatedTileIterator<cutlass::epilogue::threadblock::OutputTileOptimalThreadMap<cutlass::epilogue::threadblock::OutputTileShape<int=128, int=1, int=4, int=4, int=1>, cutlass::epilogue::threadblock::OutputTileShape<int=1, int=4, int=2, int=1, int=8>, int=256, int=1, int=32>, float>, cutlass::epilogue::warp::FragmentIteratorSimt<cutlass::gemm::GemmShape<int=32, int=64, int=8>, cutlass::gemm::thread::Mma<cutlass::gemm::GemmShape<int=8, int=8, int=1>, float, cutlass::layout::ColumnMajor, float, cutlass::layout::RowMajor, float, cutlass::layout::RowMajor, cutlass::arch::OpMultiplyAdd, bool>, cutlass::layout::RowMajor, cutlass::gemm::warp::MmaSimtPolicy<cutlass::MatrixShape<int=4, int=8>, cutlass::layout::RowMajorInterleaved<int=2>, cutlass::gemm::GemmShape<int=4, int=4, int=1>>>, cutlass::epilogue::warp::TileIteratorSimt<cutlass::gemm::GemmShape<int=32, int=64, int=8>, cutlass::gemm::thread::Mma<cutlass::gemm::GemmShape<int=8, int=8, int=1>, float, cutlass::layout::ColumnMajor, float, cutlass::layout::RowMajor, float, cutlass::layout::RowMajor, cutlass::arch::OpMultiplyAdd, bool>, float, cutlass::layout::RowMajor, cutlass::gemm::warp::MmaSimtPolicy<cutlass::MatrixShape<int=4, int=8>, cutlass::layout::RowMajorInterleaved<int=2>, cutlass::gemm::GemmShape<int=4, int=4, int=1>>>, cutlass::epilogue::threadblock::SharedLoadIterator<cutlass::epilogue::threadblock::OutputTileOptimalThreadMap<cutlass::epilogue::threadblock::OutputTileShape<int=128, int=1, int=4, int=4, int=1>::CompactedThreadMap, cutlass::epilogue::threadblock::OutputTileShape<int=1, int=4, int=2, int=1, int=8>, int=256, int=1, int=32>, float, int=4>, cutlass::epilogue::thread::LinearCombination<float",25259
7.929535,0.001504,,,,,,,,,,112,71.018300,"Pageable","Device","Tesla V100-PCIE-32GB (0)","1","7","[CUDA memcpy HtoD]",25279
7.930184,0.020096,2048,1,1,384,1,1,16,0.000000,0.000000,,,,,"Tesla V100-PCIE-32GB (0)","1","7","void scal_kernel_val<double, double>(cublasScalParamsVal<double, double>)",25393
7.930620,8.079767,4,1597,1,256,1,1,124,0.000000,16.250000,,,,,"Tesla V100-PCIE-32GB (0)","1","7","void cutlass::Kernel<cutlass::gemm::kernel::Gemm<cutlass::gemm::threadblock::MmaPipelined<cutlass::gemm::GemmShape<int=128, int=128, int=8>, cutlass::transform::threadblock::PredicatedTileIterator<cutlass::MatrixShape<int=128, int=8>, float, cutlass::layout::RowMajor, int=1, cutlass::transform::PitchLinearStripminedThreadMap<cutlass::layout::PitchLinearShape<int=8, int=128>, int=256, int=1>, int=1>, cutlass::transform::threadblock::RegularTileIterator<cutlass::MatrixShape<int=128, int=8>, float, cutlass::layout::ColumnMajor, int=1, cutlass::transform::TransposePitchLinearThreadMapSimt<cutlass::transform::PitchLinearStripminedThreadMap<cutlass::layout::PitchLinearShape<int=8, int=128>, int=256, int=1>>, int=4>, cutlass::transform::threadblock::PredicatedTileIterator<cutlass::MatrixShape<int=8, int=128>, float, cutlass::layout::RowMajor, int=0, cutlass::transform::PitchLinearStripminedThreadMap<cutlass::layout::PitchLinearShape<int=128, int=8>, int=256, int=1>, int=1>, cutlass::transform::threadblock::RegularTileIterator<cutlass::MatrixShape<int=8, int=128>, float, cutlass::layout::RowMajor, int=0, cutlass::transform::PitchLinearStripminedThreadMap<cutlass::layout::PitchLinearShape<int=128, int=8>, int=256, int=1>, int=4>, float, cutlass::layout::RowMajor, cutlass::gemm::threadblock::MmaPolicy<cutlass::gemm::warp::MmaSimt<cutlass::gemm::GemmShape<int=32, int=64, int=8>, float, cutlass::layout::ColumnMajor, float, cutlass::layout::RowMajor, float, cutlass::layout::RowMajor, cutlass::gemm::warp::MmaSimtPolicy<cutlass::MatrixShape<int=4, int=8>, cutlass::layout::RowMajorInterleaved<int=2>, cutlass::gemm::GemmShape<int=4, int=4, int=1>>, int=1, bool>, cutlass::MatrixShape<int=4, int=0>, cutlass::MatrixShape<int=0, int=0>, int=1>, cutlass::NumericArrayConverter<float, float, int=4, cutlass::FloatRoundStyle>, cutlass::NumericArrayConverter<float, float, int=4, cutlass::FloatRoundStyle>, bool>, cutlass::epilogue::threadblock::Epilogue<cutlass::gemm::GemmShape<int=128, int=128, int=8>, cutlass::gemm::warp::MmaSimt<cutlass::gemm::GemmShape<int=32, int=64, int=8>, float, cutlass::layout::ColumnMajor, float, cutlass::layout::RowMajor, float, cutlass::layout::RowMajor, cutlass::gemm::warp::MmaSimtPolicy<cutlass::MatrixShape<int=4, int=8>, cutlass::layout::RowMajorInterleaved<int=2>, cutlass::gemm::GemmShape<int=4, int=4, int=1>>, int=1, bool>, int=1, cutlass::epilogue::threadblock::PredicatedTileIterator<cutlass::epilogue::threadblock::OutputTileOptimalThreadMap<cutlass::epilogue::threadblock::OutputTileShape<int=128, int=1, int=4, int=4, int=1>, cutlass::epilogue::threadblock::OutputTileShape<int=1, int=4, int=2, int=1, int=8>, int=256, int=1, int=32>, float>, cutlass::epilogue::warp::FragmentIteratorSimt<cutlass::gemm::GemmShape<int=32, int=64, int=8>, cutlass::gemm::thread::Mma<cutlass::gemm::GemmShape<int=8, int=8, int=1>, float, cutlass::layout::ColumnMajor, float, cutlass::layout::RowMajor, float, cutlass::layout::RowMajor, cutlass::arch::OpMultiplyAdd, bool>, cutlass::layout::RowMajor, cutlass::gemm::warp::MmaSimtPolicy<cutlass::MatrixShape<int=4, int=8>, cutlass::layout::RowMajorInterleaved<int=2>, cutlass::gemm::GemmShape<int=4, int=4, int=1>>>, cutlass::epilogue::warp::TileIteratorSimt<cutlass::gemm::GemmShape<int=32, int=64, int=8>, cutlass::gemm::thread::Mma<cutlass::gemm::GemmShape<int=8, int=8, int=1>, float, cutlass::layout::ColumnMajor, float, cutlass::layout::RowMajor, float, cutlass::layout::RowMajor, cutlass::arch::OpMultiplyAdd, bool>, float, cutlass::layout::RowMajor, cutlass::gemm::warp::MmaSimtPolicy<cutlass::MatrixShape<int=4, int=8>, cutlass::layout::RowMajorInterleaved<int=2>, cutlass::gemm::GemmShape<int=4, int=4, int=1>>>, cutlass::epilogue::threadblock::SharedLoadIterator<cutlass::epilogue::threadblock::OutputTileOptimalThreadMap<cutlass::epilogue::threadblock::OutputTileShape<int=128, int=1, int=4, int=4, int=1>::CompactedThreadMap, cutlass::epilogue::threadblock::OutputTileShape<int=1, int=4, int=2, int=1, int=8>, int=256, int=1, int=32>, float, int=4>, cutlass::epilogue::thread::LinearCombination<float",25422
7.938708,0.001504,,,,,,,,,,112,71.018300,"Pageable","Device","Tesla V100-PCIE-32GB (0)","1","7","[CUDA memcpy HtoD]",25442
7.939657,0.020000,2048,1,1,384,1,1,16,0.000000,0.000000,,,,,"Tesla V100-PCIE-32GB (0)","1","7","void scal_kernel_val<double, double>(cublasScalParamsVal<double, double>)",25556
7.940095,8.077110,4,1597,1,256,1,1,124,0.000000,16.250000,,,,,"Tesla V100-PCIE-32GB (0)","1","7","void cutlass::Kernel<cutlass::gemm::kernel::Gemm<cutlass::gemm::threadblock::MmaPipelined<cutlass::gemm::GemmShape<int=128, int=128, int=8>, cutlass::transform::threadblock::PredicatedTileIterator<cutlass::MatrixShape<int=128, int=8>, float, cutlass::layout::RowMajor, int=1, cutlass::transform::PitchLinearStripminedThreadMap<cutlass::layout::PitchLinearShape<int=8, int=128>, int=256, int=1>, int=1>, cutlass::transform::threadblock::RegularTileIterator<cutlass::MatrixShape<int=128, int=8>, float, cutlass::layout::ColumnMajor, int=1, cutlass::transform::TransposePitchLinearThreadMapSimt<cutlass::transform::PitchLinearStripminedThreadMap<cutlass::layout::PitchLinearShape<int=8, int=128>, int=256, int=1>>, int=4>, cutlass::transform::threadblock::PredicatedTileIterator<cutlass::MatrixShape<int=8, int=128>, float, cutlass::layout::RowMajor, int=0, cutlass::transform::PitchLinearStripminedThreadMap<cutlass::layout::PitchLinearShape<int=128, int=8>, int=256, int=1>, int=1>, cutlass::transform::threadblock::RegularTileIterator<cutlass::MatrixShape<int=8, int=128>, float, cutlass::layout::RowMajor, int=0, cutlass::transform::PitchLinearStripminedThreadMap<cutlass::layout::PitchLinearShape<int=128, int=8>, int=256, int=1>, int=4>, float, cutlass::layout::RowMajor, cutlass::gemm::threadblock::MmaPolicy<cutlass::gemm::warp::MmaSimt<cutlass::gemm::GemmShape<int=32, int=64, int=8>, float, cutlass::layout::ColumnMajor, float, cutlass::layout::RowMajor, float, cutlass::layout::RowMajor, cutlass::gemm::warp::MmaSimtPolicy<cutlass::MatrixShape<int=4, int=8>, cutlass::layout::RowMajorInterleaved<int=2>, cutlass::gemm::GemmShape<int=4, int=4, int=1>>, int=1, bool>, cutlass::MatrixShape<int=4, int=0>, cutlass::MatrixShape<int=0, int=0>, int=1>, cutlass::NumericArrayConverter<float, float, int=4, cutlass::FloatRoundStyle>, cutlass::NumericArrayConverter<float, float, int=4, cutlass::FloatRoundStyle>, bool>, cutlass::epilogue::threadblock::Epilogue<cutlass::gemm::GemmShape<int=128, int=128, int=8>, cutlass::gemm::warp::MmaSimt<cutlass::gemm::GemmShape<int=32, int=64, int=8>, float, cutlass::layout::ColumnMajor, float, cutlass::layout::RowMajor, float, cutlass::layout::RowMajor, cutlass::gemm::warp::MmaSimtPolicy<cutlass::MatrixShape<int=4, int=8>, cutlass::layout::RowMajorInterleaved<int=2>, cutlass::gemm::GemmShape<int=4, int=4, int=1>>, int=1, bool>, int=1, cutlass::epilogue::threadblock::PredicatedTileIterator<cutlass::epilogue::threadblock::OutputTileOptimalThreadMap<cutlass::epilogue::threadblock::OutputTileShape<int=128, int=1, int=4, int=4, int=1>, cutlass::epilogue::threadblock::OutputTileShape<int=1, int=4, int=2, int=1, int=8>, int=256, int=1, int=32>, float>, cutlass::epilogue::warp::FragmentIteratorSimt<cutlass::gemm::GemmShape<int=32, int=64, int=8>, cutlass::gemm::thread::Mma<cutlass::gemm::GemmShape<int=8, int=8, int=1>, float, cutlass::layout::ColumnMajor, float, cutlass::layout::RowMajor, float, cutlass::layout::RowMajor, cutlass::arch::OpMultiplyAdd, bool>, cutlass::layout::RowMajor, cutlass::gemm::warp::MmaSimtPolicy<cutlass::MatrixShape<int=4, int=8>, cutlass::layout::RowMajorInterleaved<int=2>, cutlass::gemm::GemmShape<int=4, int=4, int=1>>>, cutlass::epilogue::warp::TileIteratorSimt<cutlass::gemm::GemmShape<int=32, int=64, int=8>, cutlass::gemm::thread::Mma<cutlass::gemm::GemmShape<int=8, int=8, int=1>, float, cutlass::layout::ColumnMajor, float, cutlass::layout::RowMajor, float, cutlass::layout::RowMajor, cutlass::arch::OpMultiplyAdd, bool>, float, cutlass::layout::RowMajor, cutlass::gemm::warp::MmaSimtPolicy<cutlass::MatrixShape<int=4, int=8>, cutlass::layout::RowMajorInterleaved<int=2>, cutlass::gemm::GemmShape<int=4, int=4, int=1>>>, cutlass::epilogue::threadblock::SharedLoadIterator<cutlass::epilogue::threadblock::OutputTileOptimalThreadMap<cutlass::epilogue::threadblock::OutputTileShape<int=128, int=1, int=4, int=4, int=1>::CompactedThreadMap, cutlass::epilogue::threadblock::OutputTileShape<int=1, int=4, int=2, int=1, int=8>, int=256, int=1, int=32>, float, int=4>, cutlass::epilogue::thread::LinearCombination<float",25585
7.948180,0.001504,,,,,,,,,,112,71.018300,"Pageable","Device","Tesla V100-PCIE-32GB (0)","1","7","[CUDA memcpy HtoD]",25605
7.952447,0.019648,2048,1,1,384,1,1,16,0.000000,0.000000,,,,,"Tesla V100-PCIE-32GB (0)","1","7","void scal_kernel_val<double, double>(cublasScalParamsVal<double, double>)",25719
7.952892,8.078551,4,1597,1,256,1,1,124,0.000000,16.250000,,,,,"Tesla V100-PCIE-32GB (0)","1","7","void cutlass::Kernel<cutlass::gemm::kernel::Gemm<cutlass::gemm::threadblock::MmaPipelined<cutlass::gemm::GemmShape<int=128, int=128, int=8>, cutlass::transform::threadblock::PredicatedTileIterator<cutlass::MatrixShape<int=128, int=8>, float, cutlass::layout::RowMajor, int=1, cutlass::transform::PitchLinearStripminedThreadMap<cutlass::layout::PitchLinearShape<int=8, int=128>, int=256, int=1>, int=1>, cutlass::transform::threadblock::RegularTileIterator<cutlass::MatrixShape<int=128, int=8>, float, cutlass::layout::ColumnMajor, int=1, cutlass::transform::TransposePitchLinearThreadMapSimt<cutlass::transform::PitchLinearStripminedThreadMap<cutlass::layout::PitchLinearShape<int=8, int=128>, int=256, int=1>>, int=4>, cutlass::transform::threadblock::PredicatedTileIterator<cutlass::MatrixShape<int=8, int=128>, float, cutlass::layout::RowMajor, int=0, cutlass::transform::PitchLinearStripminedThreadMap<cutlass::layout::PitchLinearShape<int=128, int=8>, int=256, int=1>, int=1>, cutlass::transform::threadblock::RegularTileIterator<cutlass::MatrixShape<int=8, int=128>, float, cutlass::layout::RowMajor, int=0, cutlass::transform::PitchLinearStripminedThreadMap<cutlass::layout::PitchLinearShape<int=128, int=8>, int=256, int=1>, int=4>, float, cutlass::layout::RowMajor, cutlass::gemm::threadblock::MmaPolicy<cutlass::gemm::warp::MmaSimt<cutlass::gemm::GemmShape<int=32, int=64, int=8>, float, cutlass::layout::ColumnMajor, float, cutlass::layout::RowMajor, float, cutlass::layout::RowMajor, cutlass::gemm::warp::MmaSimtPolicy<cutlass::MatrixShape<int=4, int=8>, cutlass::layout::RowMajorInterleaved<int=2>, cutlass::gemm::GemmShape<int=4, int=4, int=1>>, int=1, bool>, cutlass::MatrixShape<int=4, int=0>, cutlass::MatrixShape<int=0, int=0>, int=1>, cutlass::NumericArrayConverter<float, float, int=4, cutlass::FloatRoundStyle>, cutlass::NumericArrayConverter<float, float, int=4, cutlass::FloatRoundStyle>, bool>, cutlass::epilogue::threadblock::Epilogue<cutlass::gemm::GemmShape<int=128, int=128, int=8>, cutlass::gemm::warp::MmaSimt<cutlass::gemm::GemmShape<int=32, int=64, int=8>, float, cutlass::layout::ColumnMajor, float, cutlass::layout::RowMajor, float, cutlass::layout::RowMajor, cutlass::gemm::warp::MmaSimtPolicy<cutlass::MatrixShape<int=4, int=8>, cutlass::layout::RowMajorInterleaved<int=2>, cutlass::gemm::GemmShape<int=4, int=4, int=1>>, int=1, bool>, int=1, cutlass::epilogue::threadblock::PredicatedTileIterator<cutlass::epilogue::threadblock::OutputTileOptimalThreadMap<cutlass::epilogue::threadblock::OutputTileShape<int=128, int=1, int=4, int=4, int=1>, cutlass::epilogue::threadblock::OutputTileShape<int=1, int=4, int=2, int=1, int=8>, int=256, int=1, int=32>, float>, cutlass::epilogue::warp::FragmentIteratorSimt<cutlass::gemm::GemmShape<int=32, int=64, int=8>, cutlass::gemm::thread::Mma<cutlass::gemm::GemmShape<int=8, int=8, int=1>, float, cutlass::layout::ColumnMajor, float, cutlass::layout::RowMajor, float, cutlass::layout::RowMajor, cutlass::arch::OpMultiplyAdd, bool>, cutlass::layout::RowMajor, cutlass::gemm::warp::MmaSimtPolicy<cutlass::MatrixShape<int=4, int=8>, cutlass::layout::RowMajorInterleaved<int=2>, cutlass::gemm::GemmShape<int=4, int=4, int=1>>>, cutlass::epilogue::warp::TileIteratorSimt<cutlass::gemm::GemmShape<int=32, int=64, int=8>, cutlass::gemm::thread::Mma<cutlass::gemm::GemmShape<int=8, int=8, int=1>, float, cutlass::layout::ColumnMajor, float, cutlass::layout::RowMajor, float, cutlass::layout::RowMajor, cutlass::arch::OpMultiplyAdd, bool>, float, cutlass::layout::RowMajor, cutlass::gemm::warp::MmaSimtPolicy<cutlass::MatrixShape<int=4, int=8>, cutlass::layout::RowMajorInterleaved<int=2>, cutlass::gemm::GemmShape<int=4, int=4, int=1>>>, cutlass::epilogue::threadblock::SharedLoadIterator<cutlass::epilogue::threadblock::OutputTileOptimalThreadMap<cutlass::epilogue::threadblock::OutputTileShape<int=128, int=1, int=4, int=4, int=1>::CompactedThreadMap, cutlass::epilogue::threadblock::OutputTileShape<int=1, int=4, int=2, int=1, int=8>, int=256, int=1, int=32>, float, int=4>, cutlass::epilogue::thread::LinearCombination<float",25748
7.960979,0.001504,,,,,,,,,,112,71.018300,"Pageable","Device","Tesla V100-PCIE-32GB (0)","1","7","[CUDA memcpy HtoD]",25768
7.961620,0.020128,2048,1,1,384,1,1,16,0.000000,0.000000,,,,,"Tesla V100-PCIE-32GB (0)","1","7","void scal_kernel_val<double, double>(cublasScalParamsVal<double, double>)",25882
7.962057,8.080854,4,1597,1,256,1,1,124,0.000000,16.250000,,,,,"Tesla V100-PCIE-32GB (0)","1","7","void cutlass::Kernel<cutlass::gemm::kernel::Gemm<cutlass::gemm::threadblock::MmaPipelined<cutlass::gemm::GemmShape<int=128, int=128, int=8>, cutlass::transform::threadblock::PredicatedTileIterator<cutlass::MatrixShape<int=128, int=8>, float, cutlass::layout::RowMajor, int=1, cutlass::transform::PitchLinearStripminedThreadMap<cutlass::layout::PitchLinearShape<int=8, int=128>, int=256, int=1>, int=1>, cutlass::transform::threadblock::RegularTileIterator<cutlass::MatrixShape<int=128, int=8>, float, cutlass::layout::ColumnMajor, int=1, cutlass::transform::TransposePitchLinearThreadMapSimt<cutlass::transform::PitchLinearStripminedThreadMap<cutlass::layout::PitchLinearShape<int=8, int=128>, int=256, int=1>>, int=4>, cutlass::transform::threadblock::PredicatedTileIterator<cutlass::MatrixShape<int=8, int=128>, float, cutlass::layout::RowMajor, int=0, cutlass::transform::PitchLinearStripminedThreadMap<cutlass::layout::PitchLinearShape<int=128, int=8>, int=256, int=1>, int=1>, cutlass::transform::threadblock::RegularTileIterator<cutlass::MatrixShape<int=8, int=128>, float, cutlass::layout::RowMajor, int=0, cutlass::transform::PitchLinearStripminedThreadMap<cutlass::layout::PitchLinearShape<int=128, int=8>, int=256, int=1>, int=4>, float, cutlass::layout::RowMajor, cutlass::gemm::threadblock::MmaPolicy<cutlass::gemm::warp::MmaSimt<cutlass::gemm::GemmShape<int=32, int=64, int=8>, float, cutlass::layout::ColumnMajor, float, cutlass::layout::RowMajor, float, cutlass::layout::RowMajor, cutlass::gemm::warp::MmaSimtPolicy<cutlass::MatrixShape<int=4, int=8>, cutlass::layout::RowMajorInterleaved<int=2>, cutlass::gemm::GemmShape<int=4, int=4, int=1>>, int=1, bool>, cutlass::MatrixShape<int=4, int=0>, cutlass::MatrixShape<int=0, int=0>, int=1>, cutlass::NumericArrayConverter<float, float, int=4, cutlass::FloatRoundStyle>, cutlass::NumericArrayConverter<float, float, int=4, cutlass::FloatRoundStyle>, bool>, cutlass::epilogue::threadblock::Epilogue<cutlass::gemm::GemmShape<int=128, int=128, int=8>, cutlass::gemm::warp::MmaSimt<cutlass::gemm::GemmShape<int=32, int=64, int=8>, float, cutlass::layout::ColumnMajor, float, cutlass::layout::RowMajor, float, cutlass::layout::RowMajor, cutlass::gemm::warp::MmaSimtPolicy<cutlass::MatrixShape<int=4, int=8>, cutlass::layout::RowMajorInterleaved<int=2>, cutlass::gemm::GemmShape<int=4, int=4, int=1>>, int=1, bool>, int=1, cutlass::epilogue::threadblock::PredicatedTileIterator<cutlass::epilogue::threadblock::OutputTileOptimalThreadMap<cutlass::epilogue::threadblock::OutputTileShape<int=128, int=1, int=4, int=4, int=1>, cutlass::epilogue::threadblock::OutputTileShape<int=1, int=4, int=2, int=1, int=8>, int=256, int=1, int=32>, float>, cutlass::epilogue::warp::FragmentIteratorSimt<cutlass::gemm::GemmShape<int=32, int=64, int=8>, cutlass::gemm::thread::Mma<cutlass::gemm::GemmShape<int=8, int=8, int=1>, float, cutlass::layout::ColumnMajor, float, cutlass::layout::RowMajor, float, cutlass::layout::RowMajor, cutlass::arch::OpMultiplyAdd, bool>, cutlass::layout::RowMajor, cutlass::gemm::warp::MmaSimtPolicy<cutlass::MatrixShape<int=4, int=8>, cutlass::layout::RowMajorInterleaved<int=2>, cutlass::gemm::GemmShape<int=4, int=4, int=1>>>, cutlass::epilogue::warp::TileIteratorSimt<cutlass::gemm::GemmShape<int=32, int=64, int=8>, cutlass::gemm::thread::Mma<cutlass::gemm::GemmShape<int=8, int=8, int=1>, float, cutlass::layout::ColumnMajor, float, cutlass::layout::RowMajor, float, cutlass::layout::RowMajor, cutlass::arch::OpMultiplyAdd, bool>, float, cutlass::layout::RowMajor, cutlass::gemm::warp::MmaSimtPolicy<cutlass::MatrixShape<int=4, int=8>, cutlass::layout::RowMajorInterleaved<int=2>, cutlass::gemm::GemmShape<int=4, int=4, int=1>>>, cutlass::epilogue::threadblock::SharedLoadIterator<cutlass::epilogue::threadblock::OutputTileOptimalThreadMap<cutlass::epilogue::threadblock::OutputTileShape<int=128, int=1, int=4, int=4, int=1>::CompactedThreadMap, cutlass::epilogue::threadblock::OutputTileShape<int=1, int=4, int=2, int=1, int=8>, int=256, int=1, int=32>, float, int=4>, cutlass::epilogue::thread::LinearCombination<float",25911
7.970147,0.001504,,,,,,,,,,112,71.018300,"Pageable","Device","Tesla V100-PCIE-32GB (0)","1","7","[CUDA memcpy HtoD]",25931
7.971084,0.020192,2048,1,1,384,1,1,16,0.000000,0.000000,,,,,"Tesla V100-PCIE-32GB (0)","1","7","void scal_kernel_val<double, double>(cublasScalParamsVal<double, double>)",26045
7.971539,8.076278,4,1597,1,256,1,1,124,0.000000,16.250000,,,,,"Tesla V100-PCIE-32GB (0)","1","7","void cutlass::Kernel<cutlass::gemm::kernel::Gemm<cutlass::gemm::threadblock::MmaPipelined<cutlass::gemm::GemmShape<int=128, int=128, int=8>, cutlass::transform::threadblock::PredicatedTileIterator<cutlass::MatrixShape<int=128, int=8>, float, cutlass::layout::RowMajor, int=1, cutlass::transform::PitchLinearStripminedThreadMap<cutlass::layout::PitchLinearShape<int=8, int=128>, int=256, int=1>, int=1>, cutlass::transform::threadblock::RegularTileIterator<cutlass::MatrixShape<int=128, int=8>, float, cutlass::layout::ColumnMajor, int=1, cutlass::transform::TransposePitchLinearThreadMapSimt<cutlass::transform::PitchLinearStripminedThreadMap<cutlass::layout::PitchLinearShape<int=8, int=128>, int=256, int=1>>, int=4>, cutlass::transform::threadblock::PredicatedTileIterator<cutlass::MatrixShape<int=8, int=128>, float, cutlass::layout::RowMajor, int=0, cutlass::transform::PitchLinearStripminedThreadMap<cutlass::layout::PitchLinearShape<int=128, int=8>, int=256, int=1>, int=1>, cutlass::transform::threadblock::RegularTileIterator<cutlass::MatrixShape<int=8, int=128>, float, cutlass::layout::RowMajor, int=0, cutlass::transform::PitchLinearStripminedThreadMap<cutlass::layout::PitchLinearShape<int=128, int=8>, int=256, int=1>, int=4>, float, cutlass::layout::RowMajor, cutlass::gemm::threadblock::MmaPolicy<cutlass::gemm::warp::MmaSimt<cutlass::gemm::GemmShape<int=32, int=64, int=8>, float, cutlass::layout::ColumnMajor, float, cutlass::layout::RowMajor, float, cutlass::layout::RowMajor, cutlass::gemm::warp::MmaSimtPolicy<cutlass::MatrixShape<int=4, int=8>, cutlass::layout::RowMajorInterleaved<int=2>, cutlass::gemm::GemmShape<int=4, int=4, int=1>>, int=1, bool>, cutlass::MatrixShape<int=4, int=0>, cutlass::MatrixShape<int=0, int=0>, int=1>, cutlass::NumericArrayConverter<float, float, int=4, cutlass::FloatRoundStyle>, cutlass::NumericArrayConverter<float, float, int=4, cutlass::FloatRoundStyle>, bool>, cutlass::epilogue::threadblock::Epilogue<cutlass::gemm::GemmShape<int=128, int=128, int=8>, cutlass::gemm::warp::MmaSimt<cutlass::gemm::GemmShape<int=32, int=64, int=8>, float, cutlass::layout::ColumnMajor, float, cutlass::layout::RowMajor, float, cutlass::layout::RowMajor, cutlass::gemm::warp::MmaSimtPolicy<cutlass::MatrixShape<int=4, int=8>, cutlass::layout::RowMajorInterleaved<int=2>, cutlass::gemm::GemmShape<int=4, int=4, int=1>>, int=1, bool>, int=1, cutlass::epilogue::threadblock::PredicatedTileIterator<cutlass::epilogue::threadblock::OutputTileOptimalThreadMap<cutlass::epilogue::threadblock::OutputTileShape<int=128, int=1, int=4, int=4, int=1>, cutlass::epilogue::threadblock::OutputTileShape<int=1, int=4, int=2, int=1, int=8>, int=256, int=1, int=32>, float>, cutlass::epilogue::warp::FragmentIteratorSimt<cutlass::gemm::GemmShape<int=32, int=64, int=8>, cutlass::gemm::thread::Mma<cutlass::gemm::GemmShape<int=8, int=8, int=1>, float, cutlass::layout::ColumnMajor, float, cutlass::layout::RowMajor, float, cutlass::layout::RowMajor, cutlass::arch::OpMultiplyAdd, bool>, cutlass::layout::RowMajor, cutlass::gemm::warp::MmaSimtPolicy<cutlass::MatrixShape<int=4, int=8>, cutlass::layout::RowMajorInterleaved<int=2>, cutlass::gemm::GemmShape<int=4, int=4, int=1>>>, cutlass::epilogue::warp::TileIteratorSimt<cutlass::gemm::GemmShape<int=32, int=64, int=8>, cutlass::gemm::thread::Mma<cutlass::gemm::GemmShape<int=8, int=8, int=1>, float, cutlass::layout::ColumnMajor, float, cutlass::layout::RowMajor, float, cutlass::layout::RowMajor, cutlass::arch::OpMultiplyAdd, bool>, float, cutlass::layout::RowMajor, cutlass::gemm::warp::MmaSimtPolicy<cutlass::MatrixShape<int=4, int=8>, cutlass::layout::RowMajorInterleaved<int=2>, cutlass::gemm::GemmShape<int=4, int=4, int=1>>>, cutlass::epilogue::threadblock::SharedLoadIterator<cutlass::epilogue::threadblock::OutputTileOptimalThreadMap<cutlass::epilogue::threadblock::OutputTileShape<int=128, int=1, int=4, int=4, int=1>::CompactedThreadMap, cutlass::epilogue::threadblock::OutputTileShape<int=1, int=4, int=2, int=1, int=8>, int=256, int=1, int=32>, float, int=4>, cutlass::epilogue::thread::LinearCombination<float",26074
7.979624,0.001504,,,,,,,,,,112,71.018300,"Pageable","Device","Tesla V100-PCIE-32GB (0)","1","7","[CUDA memcpy HtoD]",26094
7.980266,0.020544,2048,1,1,384,1,1,16,0.000000,0.000000,,,,,"Tesla V100-PCIE-32GB (0)","1","7","void scal_kernel_val<double, double>(cublasScalParamsVal<double, double>)",26208
7.980691,8.081335,4,1597,1,256,1,1,124,0.000000,16.250000,,,,,"Tesla V100-PCIE-32GB (0)","1","7","void cutlass::Kernel<cutlass::gemm::kernel::Gemm<cutlass::gemm::threadblock::MmaPipelined<cutlass::gemm::GemmShape<int=128, int=128, int=8>, cutlass::transform::threadblock::PredicatedTileIterator<cutlass::MatrixShape<int=128, int=8>, float, cutlass::layout::RowMajor, int=1, cutlass::transform::PitchLinearStripminedThreadMap<cutlass::layout::PitchLinearShape<int=8, int=128>, int=256, int=1>, int=1>, cutlass::transform::threadblock::RegularTileIterator<cutlass::MatrixShape<int=128, int=8>, float, cutlass::layout::ColumnMajor, int=1, cutlass::transform::TransposePitchLinearThreadMapSimt<cutlass::transform::PitchLinearStripminedThreadMap<cutlass::layout::PitchLinearShape<int=8, int=128>, int=256, int=1>>, int=4>, cutlass::transform::threadblock::PredicatedTileIterator<cutlass::MatrixShape<int=8, int=128>, float, cutlass::layout::RowMajor, int=0, cutlass::transform::PitchLinearStripminedThreadMap<cutlass::layout::PitchLinearShape<int=128, int=8>, int=256, int=1>, int=1>, cutlass::transform::threadblock::RegularTileIterator<cutlass::MatrixShape<int=8, int=128>, float, cutlass::layout::RowMajor, int=0, cutlass::transform::PitchLinearStripminedThreadMap<cutlass::layout::PitchLinearShape<int=128, int=8>, int=256, int=1>, int=4>, float, cutlass::layout::RowMajor, cutlass::gemm::threadblock::MmaPolicy<cutlass::gemm::warp::MmaSimt<cutlass::gemm::GemmShape<int=32, int=64, int=8>, float, cutlass::layout::ColumnMajor, float, cutlass::layout::RowMajor, float, cutlass::layout::RowMajor, cutlass::gemm::warp::MmaSimtPolicy<cutlass::MatrixShape<int=4, int=8>, cutlass::layout::RowMajorInterleaved<int=2>, cutlass::gemm::GemmShape<int=4, int=4, int=1>>, int=1, bool>, cutlass::MatrixShape<int=4, int=0>, cutlass::MatrixShape<int=0, int=0>, int=1>, cutlass::NumericArrayConverter<float, float, int=4, cutlass::FloatRoundStyle>, cutlass::NumericArrayConverter<float, float, int=4, cutlass::FloatRoundStyle>, bool>, cutlass::epilogue::threadblock::Epilogue<cutlass::gemm::GemmShape<int=128, int=128, int=8>, cutlass::gemm::warp::MmaSimt<cutlass::gemm::GemmShape<int=32, int=64, int=8>, float, cutlass::layout::ColumnMajor, float, cutlass::layout::RowMajor, float, cutlass::layout::RowMajor, cutlass::gemm::warp::MmaSimtPolicy<cutlass::MatrixShape<int=4, int=8>, cutlass::layout::RowMajorInterleaved<int=2>, cutlass::gemm::GemmShape<int=4, int=4, int=1>>, int=1, bool>, int=1, cutlass::epilogue::threadblock::PredicatedTileIterator<cutlass::epilogue::threadblock::OutputTileOptimalThreadMap<cutlass::epilogue::threadblock::OutputTileShape<int=128, int=1, int=4, int=4, int=1>, cutlass::epilogue::threadblock::OutputTileShape<int=1, int=4, int=2, int=1, int=8>, int=256, int=1, int=32>, float>, cutlass::epilogue::warp::FragmentIteratorSimt<cutlass::gemm::GemmShape<int=32, int=64, int=8>, cutlass::gemm::thread::Mma<cutlass::gemm::GemmShape<int=8, int=8, int=1>, float, cutlass::layout::ColumnMajor, float, cutlass::layout::RowMajor, float, cutlass::layout::RowMajor, cutlass::arch::OpMultiplyAdd, bool>, cutlass::layout::RowMajor, cutlass::gemm::warp::MmaSimtPolicy<cutlass::MatrixShape<int=4, int=8>, cutlass::layout::RowMajorInterleaved<int=2>, cutlass::gemm::GemmShape<int=4, int=4, int=1>>>, cutlass::epilogue::warp::TileIteratorSimt<cutlass::gemm::GemmShape<int=32, int=64, int=8>, cutlass::gemm::thread::Mma<cutlass::gemm::GemmShape<int=8, int=8, int=1>, float, cutlass::layout::ColumnMajor, float, cutlass::layout::RowMajor, float, cutlass::layout::RowMajor, cutlass::arch::OpMultiplyAdd, bool>, float, cutlass::layout::RowMajor, cutlass::gemm::warp::MmaSimtPolicy<cutlass::MatrixShape<int=4, int=8>, cutlass::layout::RowMajorInterleaved<int=2>, cutlass::gemm::GemmShape<int=4, int=4, int=1>>>, cutlass::epilogue::threadblock::SharedLoadIterator<cutlass::epilogue::threadblock::OutputTileOptimalThreadMap<cutlass::epilogue::threadblock::OutputTileShape<int=128, int=1, int=4, int=4, int=1>::CompactedThreadMap, cutlass::epilogue::threadblock::OutputTileShape<int=1, int=4, int=2, int=1, int=8>, int=256, int=1, int=32>, float, int=4>, cutlass::epilogue::thread::LinearCombination<float",26237
7.988781,0.001504,,,,,,,,,,112,71.018300,"Pageable","Device","Tesla V100-PCIE-32GB (0)","1","7","[CUDA memcpy HtoD]",26257
7.989412,0.019520,2048,1,1,384,1,1,16,0.000000,0.000000,,,,,"Tesla V100-PCIE-32GB (0)","1","7","void scal_kernel_val<double, double>(cublasScalParamsVal<double, double>)",26371
7.991058,8.077174,4,1597,1,256,1,1,124,0.000000,16.250000,,,,,"Tesla V100-PCIE-32GB (0)","1","7","void cutlass::Kernel<cutlass::gemm::kernel::Gemm<cutlass::gemm::threadblock::MmaPipelined<cutlass::gemm::GemmShape<int=128, int=128, int=8>, cutlass::transform::threadblock::PredicatedTileIterator<cutlass::MatrixShape<int=128, int=8>, float, cutlass::layout::RowMajor, int=1, cutlass::transform::PitchLinearStripminedThreadMap<cutlass::layout::PitchLinearShape<int=8, int=128>, int=256, int=1>, int=1>, cutlass::transform::threadblock::RegularTileIterator<cutlass::MatrixShape<int=128, int=8>, float, cutlass::layout::ColumnMajor, int=1, cutlass::transform::TransposePitchLinearThreadMapSimt<cutlass::transform::PitchLinearStripminedThreadMap<cutlass::layout::PitchLinearShape<int=8, int=128>, int=256, int=1>>, int=4>, cutlass::transform::threadblock::PredicatedTileIterator<cutlass::MatrixShape<int=8, int=128>, float, cutlass::layout::RowMajor, int=0, cutlass::transform::PitchLinearStripminedThreadMap<cutlass::layout::PitchLinearShape<int=128, int=8>, int=256, int=1>, int=1>, cutlass::transform::threadblock::RegularTileIterator<cutlass::MatrixShape<int=8, int=128>, float, cutlass::layout::RowMajor, int=0, cutlass::transform::PitchLinearStripminedThreadMap<cutlass::layout::PitchLinearShape<int=128, int=8>, int=256, int=1>, int=4>, float, cutlass::layout::RowMajor, cutlass::gemm::threadblock::MmaPolicy<cutlass::gemm::warp::MmaSimt<cutlass::gemm::GemmShape<int=32, int=64, int=8>, float, cutlass::layout::ColumnMajor, float, cutlass::layout::RowMajor, float, cutlass::layout::RowMajor, cutlass::gemm::warp::MmaSimtPolicy<cutlass::MatrixShape<int=4, int=8>, cutlass::layout::RowMajorInterleaved<int=2>, cutlass::gemm::GemmShape<int=4, int=4, int=1>>, int=1, bool>, cutlass::MatrixShape<int=4, int=0>, cutlass::MatrixShape<int=0, int=0>, int=1>, cutlass::NumericArrayConverter<float, float, int=4, cutlass::FloatRoundStyle>, cutlass::NumericArrayConverter<float, float, int=4, cutlass::FloatRoundStyle>, bool>, cutlass::epilogue::threadblock::Epilogue<cutlass::gemm::GemmShape<int=128, int=128, int=8>, cutlass::gemm::warp::MmaSimt<cutlass::gemm::GemmShape<int=32, int=64, int=8>, float, cutlass::layout::ColumnMajor, float, cutlass::layout::RowMajor, float, cutlass::layout::RowMajor, cutlass::gemm::warp::MmaSimtPolicy<cutlass::MatrixShape<int=4, int=8>, cutlass::layout::RowMajorInterleaved<int=2>, cutlass::gemm::GemmShape<int=4, int=4, int=1>>, int=1, bool>, int=1, cutlass::epilogue::threadblock::PredicatedTileIterator<cutlass::epilogue::threadblock::OutputTileOptimalThreadMap<cutlass::epilogue::threadblock::OutputTileShape<int=128, int=1, int=4, int=4, int=1>, cutlass::epilogue::threadblock::OutputTileShape<int=1, int=4, int=2, int=1, int=8>, int=256, int=1, int=32>, float>, cutlass::epilogue::warp::FragmentIteratorSimt<cutlass::gemm::GemmShape<int=32, int=64, int=8>, cutlass::gemm::thread::Mma<cutlass::gemm::GemmShape<int=8, int=8, int=1>, float, cutlass::layout::ColumnMajor, float, cutlass::layout::RowMajor, float, cutlass::layout::RowMajor, cutlass::arch::OpMultiplyAdd, bool>, cutlass::layout::RowMajor, cutlass::gemm::warp::MmaSimtPolicy<cutlass::MatrixShape<int=4, int=8>, cutlass::layout::RowMajorInterleaved<int=2>, cutlass::gemm::GemmShape<int=4, int=4, int=1>>>, cutlass::epilogue::warp::TileIteratorSimt<cutlass::gemm::GemmShape<int=32, int=64, int=8>, cutlass::gemm::thread::Mma<cutlass::gemm::GemmShape<int=8, int=8, int=1>, float, cutlass::layout::ColumnMajor, float, cutlass::layout::RowMajor, float, cutlass::layout::RowMajor, cutlass::arch::OpMultiplyAdd, bool>, float, cutlass::layout::RowMajor, cutlass::gemm::warp::MmaSimtPolicy<cutlass::MatrixShape<int=4, int=8>, cutlass::layout::RowMajorInterleaved<int=2>, cutlass::gemm::GemmShape<int=4, int=4, int=1>>>, cutlass::epilogue::threadblock::SharedLoadIterator<cutlass::epilogue::threadblock::OutputTileOptimalThreadMap<cutlass::epilogue::threadblock::OutputTileShape<int=128, int=1, int=4, int=4, int=1>::CompactedThreadMap, cutlass::epilogue::threadblock::OutputTileShape<int=1, int=4, int=2, int=1, int=8>, int=256, int=1, int=32>, float, int=4>, cutlass::epilogue::thread::LinearCombination<float",26400
7.999146,0.001472,,,,,,,,,,112,72.562176,"Pageable","Device","Tesla V100-PCIE-32GB (0)","1","7","[CUDA memcpy HtoD]",26420
7.999788,0.020352,2048,1,1,384,1,1,16,0.000000,0.000000,,,,,"Tesla V100-PCIE-32GB (0)","1","7","void scal_kernel_val<double, double>(cublasScalParamsVal<double, double>)",26534
8.000214,8.079766,4,1597,1,256,1,1,124,0.000000,16.250000,,,,,"Tesla V100-PCIE-32GB (0)","1","7","void cutlass::Kernel<cutlass::gemm::kernel::Gemm<cutlass::gemm::threadblock::MmaPipelined<cutlass::gemm::GemmShape<int=128, int=128, int=8>, cutlass::transform::threadblock::PredicatedTileIterator<cutlass::MatrixShape<int=128, int=8>, float, cutlass::layout::RowMajor, int=1, cutlass::transform::PitchLinearStripminedThreadMap<cutlass::layout::PitchLinearShape<int=8, int=128>, int=256, int=1>, int=1>, cutlass::transform::threadblock::RegularTileIterator<cutlass::MatrixShape<int=128, int=8>, float, cutlass::layout::ColumnMajor, int=1, cutlass::transform::TransposePitchLinearThreadMapSimt<cutlass::transform::PitchLinearStripminedThreadMap<cutlass::layout::PitchLinearShape<int=8, int=128>, int=256, int=1>>, int=4>, cutlass::transform::threadblock::PredicatedTileIterator<cutlass::MatrixShape<int=8, int=128>, float, cutlass::layout::RowMajor, int=0, cutlass::transform::PitchLinearStripminedThreadMap<cutlass::layout::PitchLinearShape<int=128, int=8>, int=256, int=1>, int=1>, cutlass::transform::threadblock::RegularTileIterator<cutlass::MatrixShape<int=8, int=128>, float, cutlass::layout::RowMajor, int=0, cutlass::transform::PitchLinearStripminedThreadMap<cutlass::layout::PitchLinearShape<int=128, int=8>, int=256, int=1>, int=4>, float, cutlass::layout::RowMajor, cutlass::gemm::threadblock::MmaPolicy<cutlass::gemm::warp::MmaSimt<cutlass::gemm::GemmShape<int=32, int=64, int=8>, float, cutlass::layout::ColumnMajor, float, cutlass::layout::RowMajor, float, cutlass::layout::RowMajor, cutlass::gemm::warp::MmaSimtPolicy<cutlass::MatrixShape<int=4, int=8>, cutlass::layout::RowMajorInterleaved<int=2>, cutlass::gemm::GemmShape<int=4, int=4, int=1>>, int=1, bool>, cutlass::MatrixShape<int=4, int=0>, cutlass::MatrixShape<int=0, int=0>, int=1>, cutlass::NumericArrayConverter<float, float, int=4, cutlass::FloatRoundStyle>, cutlass::NumericArrayConverter<float, float, int=4, cutlass::FloatRoundStyle>, bool>, cutlass::epilogue::threadblock::Epilogue<cutlass::gemm::GemmShape<int=128, int=128, int=8>, cutlass::gemm::warp::MmaSimt<cutlass::gemm::GemmShape<int=32, int=64, int=8>, float, cutlass::layout::ColumnMajor, float, cutlass::layout::RowMajor, float, cutlass::layout::RowMajor, cutlass::gemm::warp::MmaSimtPolicy<cutlass::MatrixShape<int=4, int=8>, cutlass::layout::RowMajorInterleaved<int=2>, cutlass::gemm::GemmShape<int=4, int=4, int=1>>, int=1, bool>, int=1, cutlass::epilogue::threadblock::PredicatedTileIterator<cutlass::epilogue::threadblock::OutputTileOptimalThreadMap<cutlass::epilogue::threadblock::OutputTileShape<int=128, int=1, int=4, int=4, int=1>, cutlass::epilogue::threadblock::OutputTileShape<int=1, int=4, int=2, int=1, int=8>, int=256, int=1, int=32>, float>, cutlass::epilogue::warp::FragmentIteratorSimt<cutlass::gemm::GemmShape<int=32, int=64, int=8>, cutlass::gemm::thread::Mma<cutlass::gemm::GemmShape<int=8, int=8, int=1>, float, cutlass::layout::ColumnMajor, float, cutlass::layout::RowMajor, float, cutlass::layout::RowMajor, cutlass::arch::OpMultiplyAdd, bool>, cutlass::layout::RowMajor, cutlass::gemm::warp::MmaSimtPolicy<cutlass::MatrixShape<int=4, int=8>, cutlass::layout::RowMajorInterleaved<int=2>, cutlass::gemm::GemmShape<int=4, int=4, int=1>>>, cutlass::epilogue::warp::TileIteratorSimt<cutlass::gemm::GemmShape<int=32, int=64, int=8>, cutlass::gemm::thread::Mma<cutlass::gemm::GemmShape<int=8, int=8, int=1>, float, cutlass::layout::ColumnMajor, float, cutlass::layout::RowMajor, float, cutlass::layout::RowMajor, cutlass::arch::OpMultiplyAdd, bool>, float, cutlass::layout::RowMajor, cutlass::gemm::warp::MmaSimtPolicy<cutlass::MatrixShape<int=4, int=8>, cutlass::layout::RowMajorInterleaved<int=2>, cutlass::gemm::GemmShape<int=4, int=4, int=1>>>, cutlass::epilogue::threadblock::SharedLoadIterator<cutlass::epilogue::threadblock::OutputTileOptimalThreadMap<cutlass::epilogue::threadblock::OutputTileShape<int=128, int=1, int=4, int=4, int=1>::CompactedThreadMap, cutlass::epilogue::threadblock::OutputTileShape<int=1, int=4, int=2, int=1, int=8>, int=256, int=1, int=32>, float, int=4>, cutlass::epilogue::thread::LinearCombination<float",26563
8.008302,0.001504,,,,,,,,,,112,71.018300,"Pageable","Device","Tesla V100-PCIE-32GB (0)","1","7","[CUDA memcpy HtoD]",26583
8.008943,0.020352,2048,1,1,384,1,1,16,0.000000,0.000000,,,,,"Tesla V100-PCIE-32GB (0)","1","7","void scal_kernel_val<double, double>(cublasScalParamsVal<double, double>)",26697
8.009370,8.078071,4,1597,1,256,1,1,124,0.000000,16.250000,,,,,"Tesla V100-PCIE-32GB (0)","1","7","void cutlass::Kernel<cutlass::gemm::kernel::Gemm<cutlass::gemm::threadblock::MmaPipelined<cutlass::gemm::GemmShape<int=128, int=128, int=8>, cutlass::transform::threadblock::PredicatedTileIterator<cutlass::MatrixShape<int=128, int=8>, float, cutlass::layout::RowMajor, int=1, cutlass::transform::PitchLinearStripminedThreadMap<cutlass::layout::PitchLinearShape<int=8, int=128>, int=256, int=1>, int=1>, cutlass::transform::threadblock::RegularTileIterator<cutlass::MatrixShape<int=128, int=8>, float, cutlass::layout::ColumnMajor, int=1, cutlass::transform::TransposePitchLinearThreadMapSimt<cutlass::transform::PitchLinearStripminedThreadMap<cutlass::layout::PitchLinearShape<int=8, int=128>, int=256, int=1>>, int=4>, cutlass::transform::threadblock::PredicatedTileIterator<cutlass::MatrixShape<int=8, int=128>, float, cutlass::layout::RowMajor, int=0, cutlass::transform::PitchLinearStripminedThreadMap<cutlass::layout::PitchLinearShape<int=128, int=8>, int=256, int=1>, int=1>, cutlass::transform::threadblock::RegularTileIterator<cutlass::MatrixShape<int=8, int=128>, float, cutlass::layout::RowMajor, int=0, cutlass::transform::PitchLinearStripminedThreadMap<cutlass::layout::PitchLinearShape<int=128, int=8>, int=256, int=1>, int=4>, float, cutlass::layout::RowMajor, cutlass::gemm::threadblock::MmaPolicy<cutlass::gemm::warp::MmaSimt<cutlass::gemm::GemmShape<int=32, int=64, int=8>, float, cutlass::layout::ColumnMajor, float, cutlass::layout::RowMajor, float, cutlass::layout::RowMajor, cutlass::gemm::warp::MmaSimtPolicy<cutlass::MatrixShape<int=4, int=8>, cutlass::layout::RowMajorInterleaved<int=2>, cutlass::gemm::GemmShape<int=4, int=4, int=1>>, int=1, bool>, cutlass::MatrixShape<int=4, int=0>, cutlass::MatrixShape<int=0, int=0>, int=1>, cutlass::NumericArrayConverter<float, float, int=4, cutlass::FloatRoundStyle>, cutlass::NumericArrayConverter<float, float, int=4, cutlass::FloatRoundStyle>, bool>, cutlass::epilogue::threadblock::Epilogue<cutlass::gemm::GemmShape<int=128, int=128, int=8>, cutlass::gemm::warp::MmaSimt<cutlass::gemm::GemmShape<int=32, int=64, int=8>, float, cutlass::layout::ColumnMajor, float, cutlass::layout::RowMajor, float, cutlass::layout::RowMajor, cutlass::gemm::warp::MmaSimtPolicy<cutlass::MatrixShape<int=4, int=8>, cutlass::layout::RowMajorInterleaved<int=2>, cutlass::gemm::GemmShape<int=4, int=4, int=1>>, int=1, bool>, int=1, cutlass::epilogue::threadblock::PredicatedTileIterator<cutlass::epilogue::threadblock::OutputTileOptimalThreadMap<cutlass::epilogue::threadblock::OutputTileShape<int=128, int=1, int=4, int=4, int=1>, cutlass::epilogue::threadblock::OutputTileShape<int=1, int=4, int=2, int=1, int=8>, int=256, int=1, int=32>, float>, cutlass::epilogue::warp::FragmentIteratorSimt<cutlass::gemm::GemmShape<int=32, int=64, int=8>, cutlass::gemm::thread::Mma<cutlass::gemm::GemmShape<int=8, int=8, int=1>, float, cutlass::layout::ColumnMajor, float, cutlass::layout::RowMajor, float, cutlass::layout::RowMajor, cutlass::arch::OpMultiplyAdd, bool>, cutlass::layout::RowMajor, cutlass::gemm::warp::MmaSimtPolicy<cutlass::MatrixShape<int=4, int=8>, cutlass::layout::RowMajorInterleaved<int=2>, cutlass::gemm::GemmShape<int=4, int=4, int=1>>>, cutlass::epilogue::warp::TileIteratorSimt<cutlass::gemm::GemmShape<int=32, int=64, int=8>, cutlass::gemm::thread::Mma<cutlass::gemm::GemmShape<int=8, int=8, int=1>, float, cutlass::layout::ColumnMajor, float, cutlass::layout::RowMajor, float, cutlass::layout::RowMajor, cutlass::arch::OpMultiplyAdd, bool>, float, cutlass::layout::RowMajor, cutlass::gemm::warp::MmaSimtPolicy<cutlass::MatrixShape<int=4, int=8>, cutlass::layout::RowMajorInterleaved<int=2>, cutlass::gemm::GemmShape<int=4, int=4, int=1>>>, cutlass::epilogue::threadblock::SharedLoadIterator<cutlass::epilogue::threadblock::OutputTileOptimalThreadMap<cutlass::epilogue::threadblock::OutputTileShape<int=128, int=1, int=4, int=4, int=1>::CompactedThreadMap, cutlass::epilogue::threadblock::OutputTileShape<int=1, int=4, int=2, int=1, int=8>, int=256, int=1, int=32>, float, int=4>, cutlass::epilogue::thread::LinearCombination<float",26726
8.017456,0.001504,,,,,,,,,,112,71.018300,"Pageable","Device","Tesla V100-PCIE-32GB (0)","1","7","[CUDA memcpy HtoD]",26746
8.018096,0.019743,2048,1,1,384,1,1,16,0.000000,0.000000,,,,,"Tesla V100-PCIE-32GB (0)","1","7","void scal_kernel_val<double, double>(cublasScalParamsVal<double, double>)",26860
8.018541,8.077398,4,1597,1,256,1,1,124,0.000000,16.250000,,,,,"Tesla V100-PCIE-32GB (0)","1","7","void cutlass::Kernel<cutlass::gemm::kernel::Gemm<cutlass::gemm::threadblock::MmaPipelined<cutlass::gemm::GemmShape<int=128, int=128, int=8>, cutlass::transform::threadblock::PredicatedTileIterator<cutlass::MatrixShape<int=128, int=8>, float, cutlass::layout::RowMajor, int=1, cutlass::transform::PitchLinearStripminedThreadMap<cutlass::layout::PitchLinearShape<int=8, int=128>, int=256, int=1>, int=1>, cutlass::transform::threadblock::RegularTileIterator<cutlass::MatrixShape<int=128, int=8>, float, cutlass::layout::ColumnMajor, int=1, cutlass::transform::TransposePitchLinearThreadMapSimt<cutlass::transform::PitchLinearStripminedThreadMap<cutlass::layout::PitchLinearShape<int=8, int=128>, int=256, int=1>>, int=4>, cutlass::transform::threadblock::PredicatedTileIterator<cutlass::MatrixShape<int=8, int=128>, float, cutlass::layout::RowMajor, int=0, cutlass::transform::PitchLinearStripminedThreadMap<cutlass::layout::PitchLinearShape<int=128, int=8>, int=256, int=1>, int=1>, cutlass::transform::threadblock::RegularTileIterator<cutlass::MatrixShape<int=8, int=128>, float, cutlass::layout::RowMajor, int=0, cutlass::transform::PitchLinearStripminedThreadMap<cutlass::layout::PitchLinearShape<int=128, int=8>, int=256, int=1>, int=4>, float, cutlass::layout::RowMajor, cutlass::gemm::threadblock::MmaPolicy<cutlass::gemm::warp::MmaSimt<cutlass::gemm::GemmShape<int=32, int=64, int=8>, float, cutlass::layout::ColumnMajor, float, cutlass::layout::RowMajor, float, cutlass::layout::RowMajor, cutlass::gemm::warp::MmaSimtPolicy<cutlass::MatrixShape<int=4, int=8>, cutlass::layout::RowMajorInterleaved<int=2>, cutlass::gemm::GemmShape<int=4, int=4, int=1>>, int=1, bool>, cutlass::MatrixShape<int=4, int=0>, cutlass::MatrixShape<int=0, int=0>, int=1>, cutlass::NumericArrayConverter<float, float, int=4, cutlass::FloatRoundStyle>, cutlass::NumericArrayConverter<float, float, int=4, cutlass::FloatRoundStyle>, bool>, cutlass::epilogue::threadblock::Epilogue<cutlass::gemm::GemmShape<int=128, int=128, int=8>, cutlass::gemm::warp::MmaSimt<cutlass::gemm::GemmShape<int=32, int=64, int=8>, float, cutlass::layout::ColumnMajor, float, cutlass::layout::RowMajor, float, cutlass::layout::RowMajor, cutlass::gemm::warp::MmaSimtPolicy<cutlass::MatrixShape<int=4, int=8>, cutlass::layout::RowMajorInterleaved<int=2>, cutlass::gemm::GemmShape<int=4, int=4, int=1>>, int=1, bool>, int=1, cutlass::epilogue::threadblock::PredicatedTileIterator<cutlass::epilogue::threadblock::OutputTileOptimalThreadMap<cutlass::epilogue::threadblock::OutputTileShape<int=128, int=1, int=4, int=4, int=1>, cutlass::epilogue::threadblock::OutputTileShape<int=1, int=4, int=2, int=1, int=8>, int=256, int=1, int=32>, float>, cutlass::epilogue::warp::FragmentIteratorSimt<cutlass::gemm::GemmShape<int=32, int=64, int=8>, cutlass::gemm::thread::Mma<cutlass::gemm::GemmShape<int=8, int=8, int=1>, float, cutlass::layout::ColumnMajor, float, cutlass::layout::RowMajor, float, cutlass::layout::RowMajor, cutlass::arch::OpMultiplyAdd, bool>, cutlass::layout::RowMajor, cutlass::gemm::warp::MmaSimtPolicy<cutlass::MatrixShape<int=4, int=8>, cutlass::layout::RowMajorInterleaved<int=2>, cutlass::gemm::GemmShape<int=4, int=4, int=1>>>, cutlass::epilogue::warp::TileIteratorSimt<cutlass::gemm::GemmShape<int=32, int=64, int=8>, cutlass::gemm::thread::Mma<cutlass::gemm::GemmShape<int=8, int=8, int=1>, float, cutlass::layout::ColumnMajor, float, cutlass::layout::RowMajor, float, cutlass::layout::RowMajor, cutlass::arch::OpMultiplyAdd, bool>, float, cutlass::layout::RowMajor, cutlass::gemm::warp::MmaSimtPolicy<cutlass::MatrixShape<int=4, int=8>, cutlass::layout::RowMajorInterleaved<int=2>, cutlass::gemm::GemmShape<int=4, int=4, int=1>>>, cutlass::epilogue::threadblock::SharedLoadIterator<cutlass::epilogue::threadblock::OutputTileOptimalThreadMap<cutlass::epilogue::threadblock::OutputTileShape<int=128, int=1, int=4, int=4, int=1>::CompactedThreadMap, cutlass::epilogue::threadblock::OutputTileShape<int=1, int=4, int=2, int=1, int=8>, int=256, int=1, int=32>, float, int=4>, cutlass::epilogue::thread::LinearCombination<float",26889
8.026628,0.001504,,,,,,,,,,112,71.018300,"Pageable","Device","Tesla V100-PCIE-32GB (0)","1","7","[CUDA memcpy HtoD]",26909
8.027283,0.019776,2048,1,1,384,1,1,16,0.000000,0.000000,,,,,"Tesla V100-PCIE-32GB (0)","1","7","void scal_kernel_val<double, double>(cublasScalParamsVal<double, double>)",27023
8.027731,8.075126,4,1597,1,256,1,1,124,0.000000,16.250000,,,,,"Tesla V100-PCIE-32GB (0)","1","7","void cutlass::Kernel<cutlass::gemm::kernel::Gemm<cutlass::gemm::threadblock::MmaPipelined<cutlass::gemm::GemmShape<int=128, int=128, int=8>, cutlass::transform::threadblock::PredicatedTileIterator<cutlass::MatrixShape<int=128, int=8>, float, cutlass::layout::RowMajor, int=1, cutlass::transform::PitchLinearStripminedThreadMap<cutlass::layout::PitchLinearShape<int=8, int=128>, int=256, int=1>, int=1>, cutlass::transform::threadblock::RegularTileIterator<cutlass::MatrixShape<int=128, int=8>, float, cutlass::layout::ColumnMajor, int=1, cutlass::transform::TransposePitchLinearThreadMapSimt<cutlass::transform::PitchLinearStripminedThreadMap<cutlass::layout::PitchLinearShape<int=8, int=128>, int=256, int=1>>, int=4>, cutlass::transform::threadblock::PredicatedTileIterator<cutlass::MatrixShape<int=8, int=128>, float, cutlass::layout::RowMajor, int=0, cutlass::transform::PitchLinearStripminedThreadMap<cutlass::layout::PitchLinearShape<int=128, int=8>, int=256, int=1>, int=1>, cutlass::transform::threadblock::RegularTileIterator<cutlass::MatrixShape<int=8, int=128>, float, cutlass::layout::RowMajor, int=0, cutlass::transform::PitchLinearStripminedThreadMap<cutlass::layout::PitchLinearShape<int=128, int=8>, int=256, int=1>, int=4>, float, cutlass::layout::RowMajor, cutlass::gemm::threadblock::MmaPolicy<cutlass::gemm::warp::MmaSimt<cutlass::gemm::GemmShape<int=32, int=64, int=8>, float, cutlass::layout::ColumnMajor, float, cutlass::layout::RowMajor, float, cutlass::layout::RowMajor, cutlass::gemm::warp::MmaSimtPolicy<cutlass::MatrixShape<int=4, int=8>, cutlass::layout::RowMajorInterleaved<int=2>, cutlass::gemm::GemmShape<int=4, int=4, int=1>>, int=1, bool>, cutlass::MatrixShape<int=4, int=0>, cutlass::MatrixShape<int=0, int=0>, int=1>, cutlass::NumericArrayConverter<float, float, int=4, cutlass::FloatRoundStyle>, cutlass::NumericArrayConverter<float, float, int=4, cutlass::FloatRoundStyle>, bool>, cutlass::epilogue::threadblock::Epilogue<cutlass::gemm::GemmShape<int=128, int=128, int=8>, cutlass::gemm::warp::MmaSimt<cutlass::gemm::GemmShape<int=32, int=64, int=8>, float, cutlass::layout::ColumnMajor, float, cutlass::layout::RowMajor, float, cutlass::layout::RowMajor, cutlass::gemm::warp::MmaSimtPolicy<cutlass::MatrixShape<int=4, int=8>, cutlass::layout::RowMajorInterleaved<int=2>, cutlass::gemm::GemmShape<int=4, int=4, int=1>>, int=1, bool>, int=1, cutlass::epilogue::threadblock::PredicatedTileIterator<cutlass::epilogue::threadblock::OutputTileOptimalThreadMap<cutlass::epilogue::threadblock::OutputTileShape<int=128, int=1, int=4, int=4, int=1>, cutlass::epilogue::threadblock::OutputTileShape<int=1, int=4, int=2, int=1, int=8>, int=256, int=1, int=32>, float>, cutlass::epilogue::warp::FragmentIteratorSimt<cutlass::gemm::GemmShape<int=32, int=64, int=8>, cutlass::gemm::thread::Mma<cutlass::gemm::GemmShape<int=8, int=8, int=1>, float, cutlass::layout::ColumnMajor, float, cutlass::layout::RowMajor, float, cutlass::layout::RowMajor, cutlass::arch::OpMultiplyAdd, bool>, cutlass::layout::RowMajor, cutlass::gemm::warp::MmaSimtPolicy<cutlass::MatrixShape<int=4, int=8>, cutlass::layout::RowMajorInterleaved<int=2>, cutlass::gemm::GemmShape<int=4, int=4, int=1>>>, cutlass::epilogue::warp::TileIteratorSimt<cutlass::gemm::GemmShape<int=32, int=64, int=8>, cutlass::gemm::thread::Mma<cutlass::gemm::GemmShape<int=8, int=8, int=1>, float, cutlass::layout::ColumnMajor, float, cutlass::layout::RowMajor, float, cutlass::layout::RowMajor, cutlass::arch::OpMultiplyAdd, bool>, float, cutlass::layout::RowMajor, cutlass::gemm::warp::MmaSimtPolicy<cutlass::MatrixShape<int=4, int=8>, cutlass::layout::RowMajorInterleaved<int=2>, cutlass::gemm::GemmShape<int=4, int=4, int=1>>>, cutlass::epilogue::threadblock::SharedLoadIterator<cutlass::epilogue::threadblock::OutputTileOptimalThreadMap<cutlass::epilogue::threadblock::OutputTileShape<int=128, int=1, int=4, int=4, int=1>::CompactedThreadMap, cutlass::epilogue::threadblock::OutputTileShape<int=1, int=4, int=2, int=1, int=8>, int=256, int=1, int=32>, float, int=4>, cutlass::epilogue::thread::LinearCombination<float",27052
8.035815,0.001504,,,,,,,,,,112,71.018300,"Pageable","Device","Tesla V100-PCIE-32GB (0)","1","7","[CUDA memcpy HtoD]",27072
8.037031,0.019936,2048,1,1,384,1,1,16,0.000000,0.000000,,,,,"Tesla V100-PCIE-32GB (0)","1","7","void scal_kernel_val<double, double>(cublasScalParamsVal<double, double>)",27186
8.037458,8.078167,4,1597,1,256,1,1,124,0.000000,16.250000,,,,,"Tesla V100-PCIE-32GB (0)","1","7","void cutlass::Kernel<cutlass::gemm::kernel::Gemm<cutlass::gemm::threadblock::MmaPipelined<cutlass::gemm::GemmShape<int=128, int=128, int=8>, cutlass::transform::threadblock::PredicatedTileIterator<cutlass::MatrixShape<int=128, int=8>, float, cutlass::layout::RowMajor, int=1, cutlass::transform::PitchLinearStripminedThreadMap<cutlass::layout::PitchLinearShape<int=8, int=128>, int=256, int=1>, int=1>, cutlass::transform::threadblock::RegularTileIterator<cutlass::MatrixShape<int=128, int=8>, float, cutlass::layout::ColumnMajor, int=1, cutlass::transform::TransposePitchLinearThreadMapSimt<cutlass::transform::PitchLinearStripminedThreadMap<cutlass::layout::PitchLinearShape<int=8, int=128>, int=256, int=1>>, int=4>, cutlass::transform::threadblock::PredicatedTileIterator<cutlass::MatrixShape<int=8, int=128>, float, cutlass::layout::RowMajor, int=0, cutlass::transform::PitchLinearStripminedThreadMap<cutlass::layout::PitchLinearShape<int=128, int=8>, int=256, int=1>, int=1>, cutlass::transform::threadblock::RegularTileIterator<cutlass::MatrixShape<int=8, int=128>, float, cutlass::layout::RowMajor, int=0, cutlass::transform::PitchLinearStripminedThreadMap<cutlass::layout::PitchLinearShape<int=128, int=8>, int=256, int=1>, int=4>, float, cutlass::layout::RowMajor, cutlass::gemm::threadblock::MmaPolicy<cutlass::gemm::warp::MmaSimt<cutlass::gemm::GemmShape<int=32, int=64, int=8>, float, cutlass::layout::ColumnMajor, float, cutlass::layout::RowMajor, float, cutlass::layout::RowMajor, cutlass::gemm::warp::MmaSimtPolicy<cutlass::MatrixShape<int=4, int=8>, cutlass::layout::RowMajorInterleaved<int=2>, cutlass::gemm::GemmShape<int=4, int=4, int=1>>, int=1, bool>, cutlass::MatrixShape<int=4, int=0>, cutlass::MatrixShape<int=0, int=0>, int=1>, cutlass::NumericArrayConverter<float, float, int=4, cutlass::FloatRoundStyle>, cutlass::NumericArrayConverter<float, float, int=4, cutlass::FloatRoundStyle>, bool>, cutlass::epilogue::threadblock::Epilogue<cutlass::gemm::GemmShape<int=128, int=128, int=8>, cutlass::gemm::warp::MmaSimt<cutlass::gemm::GemmShape<int=32, int=64, int=8>, float, cutlass::layout::ColumnMajor, float, cutlass::layout::RowMajor, float, cutlass::layout::RowMajor, cutlass::gemm::warp::MmaSimtPolicy<cutlass::MatrixShape<int=4, int=8>, cutlass::layout::RowMajorInterleaved<int=2>, cutlass::gemm::GemmShape<int=4, int=4, int=1>>, int=1, bool>, int=1, cutlass::epilogue::threadblock::PredicatedTileIterator<cutlass::epilogue::threadblock::OutputTileOptimalThreadMap<cutlass::epilogue::threadblock::OutputTileShape<int=128, int=1, int=4, int=4, int=1>, cutlass::epilogue::threadblock::OutputTileShape<int=1, int=4, int=2, int=1, int=8>, int=256, int=1, int=32>, float>, cutlass::epilogue::warp::FragmentIteratorSimt<cutlass::gemm::GemmShape<int=32, int=64, int=8>, cutlass::gemm::thread::Mma<cutlass::gemm::GemmShape<int=8, int=8, int=1>, float, cutlass::layout::ColumnMajor, float, cutlass::layout::RowMajor, float, cutlass::layout::RowMajor, cutlass::arch::OpMultiplyAdd, bool>, cutlass::layout::RowMajor, cutlass::gemm::warp::MmaSimtPolicy<cutlass::MatrixShape<int=4, int=8>, cutlass::layout::RowMajorInterleaved<int=2>, cutlass::gemm::GemmShape<int=4, int=4, int=1>>>, cutlass::epilogue::warp::TileIteratorSimt<cutlass::gemm::GemmShape<int=32, int=64, int=8>, cutlass::gemm::thread::Mma<cutlass::gemm::GemmShape<int=8, int=8, int=1>, float, cutlass::layout::ColumnMajor, float, cutlass::layout::RowMajor, float, cutlass::layout::RowMajor, cutlass::arch::OpMultiplyAdd, bool>, float, cutlass::layout::RowMajor, cutlass::gemm::warp::MmaSimtPolicy<cutlass::MatrixShape<int=4, int=8>, cutlass::layout::RowMajorInterleaved<int=2>, cutlass::gemm::GemmShape<int=4, int=4, int=1>>>, cutlass::epilogue::threadblock::SharedLoadIterator<cutlass::epilogue::threadblock::OutputTileOptimalThreadMap<cutlass::epilogue::threadblock::OutputTileShape<int=128, int=1, int=4, int=4, int=1>::CompactedThreadMap, cutlass::epilogue::threadblock::OutputTileShape<int=1, int=4, int=2, int=1, int=8>, int=256, int=1, int=32>, float, int=4>, cutlass::epilogue::thread::LinearCombination<float",27215
8.045545,0.001504,,,,,,,,,,112,71.018300,"Pageable","Device","Tesla V100-PCIE-32GB (0)","1","7","[CUDA memcpy HtoD]",27235
8.046192,0.019776,2048,1,1,384,1,1,16,0.000000,0.000000,,,,,"Tesla V100-PCIE-32GB (0)","1","7","void scal_kernel_val<double, double>(cublasScalParamsVal<double, double>)",27349
8.046651,8.076662,4,1597,1,256,1,1,124,0.000000,16.250000,,,,,"Tesla V100-PCIE-32GB (0)","1","7","void cutlass::Kernel<cutlass::gemm::kernel::Gemm<cutlass::gemm::threadblock::MmaPipelined<cutlass::gemm::GemmShape<int=128, int=128, int=8>, cutlass::transform::threadblock::PredicatedTileIterator<cutlass::MatrixShape<int=128, int=8>, float, cutlass::layout::RowMajor, int=1, cutlass::transform::PitchLinearStripminedThreadMap<cutlass::layout::PitchLinearShape<int=8, int=128>, int=256, int=1>, int=1>, cutlass::transform::threadblock::RegularTileIterator<cutlass::MatrixShape<int=128, int=8>, float, cutlass::layout::ColumnMajor, int=1, cutlass::transform::TransposePitchLinearThreadMapSimt<cutlass::transform::PitchLinearStripminedThreadMap<cutlass::layout::PitchLinearShape<int=8, int=128>, int=256, int=1>>, int=4>, cutlass::transform::threadblock::PredicatedTileIterator<cutlass::MatrixShape<int=8, int=128>, float, cutlass::layout::RowMajor, int=0, cutlass::transform::PitchLinearStripminedThreadMap<cutlass::layout::PitchLinearShape<int=128, int=8>, int=256, int=1>, int=1>, cutlass::transform::threadblock::RegularTileIterator<cutlass::MatrixShape<int=8, int=128>, float, cutlass::layout::RowMajor, int=0, cutlass::transform::PitchLinearStripminedThreadMap<cutlass::layout::PitchLinearShape<int=128, int=8>, int=256, int=1>, int=4>, float, cutlass::layout::RowMajor, cutlass::gemm::threadblock::MmaPolicy<cutlass::gemm::warp::MmaSimt<cutlass::gemm::GemmShape<int=32, int=64, int=8>, float, cutlass::layout::ColumnMajor, float, cutlass::layout::RowMajor, float, cutlass::layout::RowMajor, cutlass::gemm::warp::MmaSimtPolicy<cutlass::MatrixShape<int=4, int=8>, cutlass::layout::RowMajorInterleaved<int=2>, cutlass::gemm::GemmShape<int=4, int=4, int=1>>, int=1, bool>, cutlass::MatrixShape<int=4, int=0>, cutlass::MatrixShape<int=0, int=0>, int=1>, cutlass::NumericArrayConverter<float, float, int=4, cutlass::FloatRoundStyle>, cutlass::NumericArrayConverter<float, float, int=4, cutlass::FloatRoundStyle>, bool>, cutlass::epilogue::threadblock::Epilogue<cutlass::gemm::GemmShape<int=128, int=128, int=8>, cutlass::gemm::warp::MmaSimt<cutlass::gemm::GemmShape<int=32, int=64, int=8>, float, cutlass::layout::ColumnMajor, float, cutlass::layout::RowMajor, float, cutlass::layout::RowMajor, cutlass::gemm::warp::MmaSimtPolicy<cutlass::MatrixShape<int=4, int=8>, cutlass::layout::RowMajorInterleaved<int=2>, cutlass::gemm::GemmShape<int=4, int=4, int=1>>, int=1, bool>, int=1, cutlass::epilogue::threadblock::PredicatedTileIterator<cutlass::epilogue::threadblock::OutputTileOptimalThreadMap<cutlass::epilogue::threadblock::OutputTileShape<int=128, int=1, int=4, int=4, int=1>, cutlass::epilogue::threadblock::OutputTileShape<int=1, int=4, int=2, int=1, int=8>, int=256, int=1, int=32>, float>, cutlass::epilogue::warp::FragmentIteratorSimt<cutlass::gemm::GemmShape<int=32, int=64, int=8>, cutlass::gemm::thread::Mma<cutlass::gemm::GemmShape<int=8, int=8, int=1>, float, cutlass::layout::ColumnMajor, float, cutlass::layout::RowMajor, float, cutlass::layout::RowMajor, cutlass::arch::OpMultiplyAdd, bool>, cutlass::layout::RowMajor, cutlass::gemm::warp::MmaSimtPolicy<cutlass::MatrixShape<int=4, int=8>, cutlass::layout::RowMajorInterleaved<int=2>, cutlass::gemm::GemmShape<int=4, int=4, int=1>>>, cutlass::epilogue::warp::TileIteratorSimt<cutlass::gemm::GemmShape<int=32, int=64, int=8>, cutlass::gemm::thread::Mma<cutlass::gemm::GemmShape<int=8, int=8, int=1>, float, cutlass::layout::ColumnMajor, float, cutlass::layout::RowMajor, float, cutlass::layout::RowMajor, cutlass::arch::OpMultiplyAdd, bool>, float, cutlass::layout::RowMajor, cutlass::gemm::warp::MmaSimtPolicy<cutlass::MatrixShape<int=4, int=8>, cutlass::layout::RowMajorInterleaved<int=2>, cutlass::gemm::GemmShape<int=4, int=4, int=1>>>, cutlass::epilogue::threadblock::SharedLoadIterator<cutlass::epilogue::threadblock::OutputTileOptimalThreadMap<cutlass::epilogue::threadblock::OutputTileShape<int=128, int=1, int=4, int=4, int=1>::CompactedThreadMap, cutlass::epilogue::threadblock::OutputTileShape<int=1, int=4, int=2, int=1, int=8>, int=256, int=1, int=32>, float, int=4>, cutlass::epilogue::thread::LinearCombination<float",27378
8.054736,0.001504,,,,,,,,,,112,71.018300,"Pageable","Device","Tesla V100-PCIE-32GB (0)","1","7","[CUDA memcpy HtoD]",27398
8.056095,0.020223,2048,1,1,384,1,1,16,0.000000,0.000000,,,,,"Tesla V100-PCIE-32GB (0)","1","7","void scal_kernel_val<double, double>(cublasScalParamsVal<double, double>)",27512
8.056525,8.080086,4,1597,1,256,1,1,124,0.000000,16.250000,,,,,"Tesla V100-PCIE-32GB (0)","1","7","void cutlass::Kernel<cutlass::gemm::kernel::Gemm<cutlass::gemm::threadblock::MmaPipelined<cutlass::gemm::GemmShape<int=128, int=128, int=8>, cutlass::transform::threadblock::PredicatedTileIterator<cutlass::MatrixShape<int=128, int=8>, float, cutlass::layout::RowMajor, int=1, cutlass::transform::PitchLinearStripminedThreadMap<cutlass::layout::PitchLinearShape<int=8, int=128>, int=256, int=1>, int=1>, cutlass::transform::threadblock::RegularTileIterator<cutlass::MatrixShape<int=128, int=8>, float, cutlass::layout::ColumnMajor, int=1, cutlass::transform::TransposePitchLinearThreadMapSimt<cutlass::transform::PitchLinearStripminedThreadMap<cutlass::layout::PitchLinearShape<int=8, int=128>, int=256, int=1>>, int=4>, cutlass::transform::threadblock::PredicatedTileIterator<cutlass::MatrixShape<int=8, int=128>, float, cutlass::layout::RowMajor, int=0, cutlass::transform::PitchLinearStripminedThreadMap<cutlass::layout::PitchLinearShape<int=128, int=8>, int=256, int=1>, int=1>, cutlass::transform::threadblock::RegularTileIterator<cutlass::MatrixShape<int=8, int=128>, float, cutlass::layout::RowMajor, int=0, cutlass::transform::PitchLinearStripminedThreadMap<cutlass::layout::PitchLinearShape<int=128, int=8>, int=256, int=1>, int=4>, float, cutlass::layout::RowMajor, cutlass::gemm::threadblock::MmaPolicy<cutlass::gemm::warp::MmaSimt<cutlass::gemm::GemmShape<int=32, int=64, int=8>, float, cutlass::layout::ColumnMajor, float, cutlass::layout::RowMajor, float, cutlass::layout::RowMajor, cutlass::gemm::warp::MmaSimtPolicy<cutlass::MatrixShape<int=4, int=8>, cutlass::layout::RowMajorInterleaved<int=2>, cutlass::gemm::GemmShape<int=4, int=4, int=1>>, int=1, bool>, cutlass::MatrixShape<int=4, int=0>, cutlass::MatrixShape<int=0, int=0>, int=1>, cutlass::NumericArrayConverter<float, float, int=4, cutlass::FloatRoundStyle>, cutlass::NumericArrayConverter<float, float, int=4, cutlass::FloatRoundStyle>, bool>, cutlass::epilogue::threadblock::Epilogue<cutlass::gemm::GemmShape<int=128, int=128, int=8>, cutlass::gemm::warp::MmaSimt<cutlass::gemm::GemmShape<int=32, int=64, int=8>, float, cutlass::layout::ColumnMajor, float, cutlass::layout::RowMajor, float, cutlass::layout::RowMajor, cutlass::gemm::warp::MmaSimtPolicy<cutlass::MatrixShape<int=4, int=8>, cutlass::layout::RowMajorInterleaved<int=2>, cutlass::gemm::GemmShape<int=4, int=4, int=1>>, int=1, bool>, int=1, cutlass::epilogue::threadblock::PredicatedTileIterator<cutlass::epilogue::threadblock::OutputTileOptimalThreadMap<cutlass::epilogue::threadblock::OutputTileShape<int=128, int=1, int=4, int=4, int=1>, cutlass::epilogue::threadblock::OutputTileShape<int=1, int=4, int=2, int=1, int=8>, int=256, int=1, int=32>, float>, cutlass::epilogue::warp::FragmentIteratorSimt<cutlass::gemm::GemmShape<int=32, int=64, int=8>, cutlass::gemm::thread::Mma<cutlass::gemm::GemmShape<int=8, int=8, int=1>, float, cutlass::layout::ColumnMajor, float, cutlass::layout::RowMajor, float, cutlass::layout::RowMajor, cutlass::arch::OpMultiplyAdd, bool>, cutlass::layout::RowMajor, cutlass::gemm::warp::MmaSimtPolicy<cutlass::MatrixShape<int=4, int=8>, cutlass::layout::RowMajorInterleaved<int=2>, cutlass::gemm::GemmShape<int=4, int=4, int=1>>>, cutlass::epilogue::warp::TileIteratorSimt<cutlass::gemm::GemmShape<int=32, int=64, int=8>, cutlass::gemm::thread::Mma<cutlass::gemm::GemmShape<int=8, int=8, int=1>, float, cutlass::layout::ColumnMajor, float, cutlass::layout::RowMajor, float, cutlass::layout::RowMajor, cutlass::arch::OpMultiplyAdd, bool>, float, cutlass::layout::RowMajor, cutlass::gemm::warp::MmaSimtPolicy<cutlass::MatrixShape<int=4, int=8>, cutlass::layout::RowMajorInterleaved<int=2>, cutlass::gemm::GemmShape<int=4, int=4, int=1>>>, cutlass::epilogue::threadblock::SharedLoadIterator<cutlass::epilogue::threadblock::OutputTileOptimalThreadMap<cutlass::epilogue::threadblock::OutputTileShape<int=128, int=1, int=4, int=4, int=1>::CompactedThreadMap, cutlass::epilogue::threadblock::OutputTileShape<int=1, int=4, int=2, int=1, int=8>, int=256, int=1, int=32>, float, int=4>, cutlass::epilogue::thread::LinearCombination<float",27541
8.064615,0.001504,,,,,,,,,,112,71.018300,"Pageable","Device","Tesla V100-PCIE-32GB (0)","1","7","[CUDA memcpy HtoD]",27561
8.065253,0.020576,2048,1,1,384,1,1,16,0.000000,0.000000,,,,,"Tesla V100-PCIE-32GB (0)","1","7","void scal_kernel_val<double, double>(cublasScalParamsVal<double, double>)",27675
8.065679,8.077911,4,1597,1,256,1,1,124,0.000000,16.250000,,,,,"Tesla V100-PCIE-32GB (0)","1","7","void cutlass::Kernel<cutlass::gemm::kernel::Gemm<cutlass::gemm::threadblock::MmaPipelined<cutlass::gemm::GemmShape<int=128, int=128, int=8>, cutlass::transform::threadblock::PredicatedTileIterator<cutlass::MatrixShape<int=128, int=8>, float, cutlass::layout::RowMajor, int=1, cutlass::transform::PitchLinearStripminedThreadMap<cutlass::layout::PitchLinearShape<int=8, int=128>, int=256, int=1>, int=1>, cutlass::transform::threadblock::RegularTileIterator<cutlass::MatrixShape<int=128, int=8>, float, cutlass::layout::ColumnMajor, int=1, cutlass::transform::TransposePitchLinearThreadMapSimt<cutlass::transform::PitchLinearStripminedThreadMap<cutlass::layout::PitchLinearShape<int=8, int=128>, int=256, int=1>>, int=4>, cutlass::transform::threadblock::PredicatedTileIterator<cutlass::MatrixShape<int=8, int=128>, float, cutlass::layout::RowMajor, int=0, cutlass::transform::PitchLinearStripminedThreadMap<cutlass::layout::PitchLinearShape<int=128, int=8>, int=256, int=1>, int=1>, cutlass::transform::threadblock::RegularTileIterator<cutlass::MatrixShape<int=8, int=128>, float, cutlass::layout::RowMajor, int=0, cutlass::transform::PitchLinearStripminedThreadMap<cutlass::layout::PitchLinearShape<int=128, int=8>, int=256, int=1>, int=4>, float, cutlass::layout::RowMajor, cutlass::gemm::threadblock::MmaPolicy<cutlass::gemm::warp::MmaSimt<cutlass::gemm::GemmShape<int=32, int=64, int=8>, float, cutlass::layout::ColumnMajor, float, cutlass::layout::RowMajor, float, cutlass::layout::RowMajor, cutlass::gemm::warp::MmaSimtPolicy<cutlass::MatrixShape<int=4, int=8>, cutlass::layout::RowMajorInterleaved<int=2>, cutlass::gemm::GemmShape<int=4, int=4, int=1>>, int=1, bool>, cutlass::MatrixShape<int=4, int=0>, cutlass::MatrixShape<int=0, int=0>, int=1>, cutlass::NumericArrayConverter<float, float, int=4, cutlass::FloatRoundStyle>, cutlass::NumericArrayConverter<float, float, int=4, cutlass::FloatRoundStyle>, bool>, cutlass::epilogue::threadblock::Epilogue<cutlass::gemm::GemmShape<int=128, int=128, int=8>, cutlass::gemm::warp::MmaSimt<cutlass::gemm::GemmShape<int=32, int=64, int=8>, float, cutlass::layout::ColumnMajor, float, cutlass::layout::RowMajor, float, cutlass::layout::RowMajor, cutlass::gemm::warp::MmaSimtPolicy<cutlass::MatrixShape<int=4, int=8>, cutlass::layout::RowMajorInterleaved<int=2>, cutlass::gemm::GemmShape<int=4, int=4, int=1>>, int=1, bool>, int=1, cutlass::epilogue::threadblock::PredicatedTileIterator<cutlass::epilogue::threadblock::OutputTileOptimalThreadMap<cutlass::epilogue::threadblock::OutputTileShape<int=128, int=1, int=4, int=4, int=1>, cutlass::epilogue::threadblock::OutputTileShape<int=1, int=4, int=2, int=1, int=8>, int=256, int=1, int=32>, float>, cutlass::epilogue::warp::FragmentIteratorSimt<cutlass::gemm::GemmShape<int=32, int=64, int=8>, cutlass::gemm::thread::Mma<cutlass::gemm::GemmShape<int=8, int=8, int=1>, float, cutlass::layout::ColumnMajor, float, cutlass::layout::RowMajor, float, cutlass::layout::RowMajor, cutlass::arch::OpMultiplyAdd, bool>, cutlass::layout::RowMajor, cutlass::gemm::warp::MmaSimtPolicy<cutlass::MatrixShape<int=4, int=8>, cutlass::layout::RowMajorInterleaved<int=2>, cutlass::gemm::GemmShape<int=4, int=4, int=1>>>, cutlass::epilogue::warp::TileIteratorSimt<cutlass::gemm::GemmShape<int=32, int=64, int=8>, cutlass::gemm::thread::Mma<cutlass::gemm::GemmShape<int=8, int=8, int=1>, float, cutlass::layout::ColumnMajor, float, cutlass::layout::RowMajor, float, cutlass::layout::RowMajor, cutlass::arch::OpMultiplyAdd, bool>, float, cutlass::layout::RowMajor, cutlass::gemm::warp::MmaSimtPolicy<cutlass::MatrixShape<int=4, int=8>, cutlass::layout::RowMajorInterleaved<int=2>, cutlass::gemm::GemmShape<int=4, int=4, int=1>>>, cutlass::epilogue::threadblock::SharedLoadIterator<cutlass::epilogue::threadblock::OutputTileOptimalThreadMap<cutlass::epilogue::threadblock::OutputTileShape<int=128, int=1, int=4, int=4, int=1>::CompactedThreadMap, cutlass::epilogue::threadblock::OutputTileShape<int=1, int=4, int=2, int=1, int=8>, int=256, int=1, int=32>, float, int=4>, cutlass::epilogue::thread::LinearCombination<float",27704
8.073765,0.001504,,,,,,,,,,112,71.018300,"Pageable","Device","Tesla V100-PCIE-32GB (0)","1","7","[CUDA memcpy HtoD]",27724
8.074399,0.019552,2048,1,1,384,1,1,16,0.000000,0.000000,,,,,"Tesla V100-PCIE-32GB (0)","1","7","void scal_kernel_val<double, double>(cublasScalParamsVal<double, double>)",27838
8.074828,8.080662,4,1597,1,256,1,1,124,0.000000,16.250000,,,,,"Tesla V100-PCIE-32GB (0)","1","7","void cutlass::Kernel<cutlass::gemm::kernel::Gemm<cutlass::gemm::threadblock::MmaPipelined<cutlass::gemm::GemmShape<int=128, int=128, int=8>, cutlass::transform::threadblock::PredicatedTileIterator<cutlass::MatrixShape<int=128, int=8>, float, cutlass::layout::RowMajor, int=1, cutlass::transform::PitchLinearStripminedThreadMap<cutlass::layout::PitchLinearShape<int=8, int=128>, int=256, int=1>, int=1>, cutlass::transform::threadblock::RegularTileIterator<cutlass::MatrixShape<int=128, int=8>, float, cutlass::layout::ColumnMajor, int=1, cutlass::transform::TransposePitchLinearThreadMapSimt<cutlass::transform::PitchLinearStripminedThreadMap<cutlass::layout::PitchLinearShape<int=8, int=128>, int=256, int=1>>, int=4>, cutlass::transform::threadblock::PredicatedTileIterator<cutlass::MatrixShape<int=8, int=128>, float, cutlass::layout::RowMajor, int=0, cutlass::transform::PitchLinearStripminedThreadMap<cutlass::layout::PitchLinearShape<int=128, int=8>, int=256, int=1>, int=1>, cutlass::transform::threadblock::RegularTileIterator<cutlass::MatrixShape<int=8, int=128>, float, cutlass::layout::RowMajor, int=0, cutlass::transform::PitchLinearStripminedThreadMap<cutlass::layout::PitchLinearShape<int=128, int=8>, int=256, int=1>, int=4>, float, cutlass::layout::RowMajor, cutlass::gemm::threadblock::MmaPolicy<cutlass::gemm::warp::MmaSimt<cutlass::gemm::GemmShape<int=32, int=64, int=8>, float, cutlass::layout::ColumnMajor, float, cutlass::layout::RowMajor, float, cutlass::layout::RowMajor, cutlass::gemm::warp::MmaSimtPolicy<cutlass::MatrixShape<int=4, int=8>, cutlass::layout::RowMajorInterleaved<int=2>, cutlass::gemm::GemmShape<int=4, int=4, int=1>>, int=1, bool>, cutlass::MatrixShape<int=4, int=0>, cutlass::MatrixShape<int=0, int=0>, int=1>, cutlass::NumericArrayConverter<float, float, int=4, cutlass::FloatRoundStyle>, cutlass::NumericArrayConverter<float, float, int=4, cutlass::FloatRoundStyle>, bool>, cutlass::epilogue::threadblock::Epilogue<cutlass::gemm::GemmShape<int=128, int=128, int=8>, cutlass::gemm::warp::MmaSimt<cutlass::gemm::GemmShape<int=32, int=64, int=8>, float, cutlass::layout::ColumnMajor, float, cutlass::layout::RowMajor, float, cutlass::layout::RowMajor, cutlass::gemm::warp::MmaSimtPolicy<cutlass::MatrixShape<int=4, int=8>, cutlass::layout::RowMajorInterleaved<int=2>, cutlass::gemm::GemmShape<int=4, int=4, int=1>>, int=1, bool>, int=1, cutlass::epilogue::threadblock::PredicatedTileIterator<cutlass::epilogue::threadblock::OutputTileOptimalThreadMap<cutlass::epilogue::threadblock::OutputTileShape<int=128, int=1, int=4, int=4, int=1>, cutlass::epilogue::threadblock::OutputTileShape<int=1, int=4, int=2, int=1, int=8>, int=256, int=1, int=32>, float>, cutlass::epilogue::warp::FragmentIteratorSimt<cutlass::gemm::GemmShape<int=32, int=64, int=8>, cutlass::gemm::thread::Mma<cutlass::gemm::GemmShape<int=8, int=8, int=1>, float, cutlass::layout::ColumnMajor, float, cutlass::layout::RowMajor, float, cutlass::layout::RowMajor, cutlass::arch::OpMultiplyAdd, bool>, cutlass::layout::RowMajor, cutlass::gemm::warp::MmaSimtPolicy<cutlass::MatrixShape<int=4, int=8>, cutlass::layout::RowMajorInterleaved<int=2>, cutlass::gemm::GemmShape<int=4, int=4, int=1>>>, cutlass::epilogue::warp::TileIteratorSimt<cutlass::gemm::GemmShape<int=32, int=64, int=8>, cutlass::gemm::thread::Mma<cutlass::gemm::GemmShape<int=8, int=8, int=1>, float, cutlass::layout::ColumnMajor, float, cutlass::layout::RowMajor, float, cutlass::layout::RowMajor, cutlass::arch::OpMultiplyAdd, bool>, float, cutlass::layout::RowMajor, cutlass::gemm::warp::MmaSimtPolicy<cutlass::MatrixShape<int=4, int=8>, cutlass::layout::RowMajorInterleaved<int=2>, cutlass::gemm::GemmShape<int=4, int=4, int=1>>>, cutlass::epilogue::threadblock::SharedLoadIterator<cutlass::epilogue::threadblock::OutputTileOptimalThreadMap<cutlass::epilogue::threadblock::OutputTileShape<int=128, int=1, int=4, int=4, int=1>::CompactedThreadMap, cutlass::epilogue::threadblock::OutputTileShape<int=1, int=4, int=2, int=1, int=8>, int=256, int=1, int=32>, float, int=4>, cutlass::epilogue::thread::LinearCombination<float",27867
8.082918,0.001504,,,,,,,,,,112,71.018300,"Pageable","Device","Tesla V100-PCIE-32GB (0)","1","7","[CUDA memcpy HtoD]",27887
8.083551,0.019967,2048,1,1,384,1,1,16,0.000000,0.000000,,,,,"Tesla V100-PCIE-32GB (0)","1","7","void scal_kernel_val<double, double>(cublasScalParamsVal<double, double>)",28001
8.083985,8.075350,4,1597,1,256,1,1,124,0.000000,16.250000,,,,,"Tesla V100-PCIE-32GB (0)","1","7","void cutlass::Kernel<cutlass::gemm::kernel::Gemm<cutlass::gemm::threadblock::MmaPipelined<cutlass::gemm::GemmShape<int=128, int=128, int=8>, cutlass::transform::threadblock::PredicatedTileIterator<cutlass::MatrixShape<int=128, int=8>, float, cutlass::layout::RowMajor, int=1, cutlass::transform::PitchLinearStripminedThreadMap<cutlass::layout::PitchLinearShape<int=8, int=128>, int=256, int=1>, int=1>, cutlass::transform::threadblock::RegularTileIterator<cutlass::MatrixShape<int=128, int=8>, float, cutlass::layout::ColumnMajor, int=1, cutlass::transform::TransposePitchLinearThreadMapSimt<cutlass::transform::PitchLinearStripminedThreadMap<cutlass::layout::PitchLinearShape<int=8, int=128>, int=256, int=1>>, int=4>, cutlass::transform::threadblock::PredicatedTileIterator<cutlass::MatrixShape<int=8, int=128>, float, cutlass::layout::RowMajor, int=0, cutlass::transform::PitchLinearStripminedThreadMap<cutlass::layout::PitchLinearShape<int=128, int=8>, int=256, int=1>, int=1>, cutlass::transform::threadblock::RegularTileIterator<cutlass::MatrixShape<int=8, int=128>, float, cutlass::layout::RowMajor, int=0, cutlass::transform::PitchLinearStripminedThreadMap<cutlass::layout::PitchLinearShape<int=128, int=8>, int=256, int=1>, int=4>, float, cutlass::layout::RowMajor, cutlass::gemm::threadblock::MmaPolicy<cutlass::gemm::warp::MmaSimt<cutlass::gemm::GemmShape<int=32, int=64, int=8>, float, cutlass::layout::ColumnMajor, float, cutlass::layout::RowMajor, float, cutlass::layout::RowMajor, cutlass::gemm::warp::MmaSimtPolicy<cutlass::MatrixShape<int=4, int=8>, cutlass::layout::RowMajorInterleaved<int=2>, cutlass::gemm::GemmShape<int=4, int=4, int=1>>, int=1, bool>, cutlass::MatrixShape<int=4, int=0>, cutlass::MatrixShape<int=0, int=0>, int=1>, cutlass::NumericArrayConverter<float, float, int=4, cutlass::FloatRoundStyle>, cutlass::NumericArrayConverter<float, float, int=4, cutlass::FloatRoundStyle>, bool>, cutlass::epilogue::threadblock::Epilogue<cutlass::gemm::GemmShape<int=128, int=128, int=8>, cutlass::gemm::warp::MmaSimt<cutlass::gemm::GemmShape<int=32, int=64, int=8>, float, cutlass::layout::ColumnMajor, float, cutlass::layout::RowMajor, float, cutlass::layout::RowMajor, cutlass::gemm::warp::MmaSimtPolicy<cutlass::MatrixShape<int=4, int=8>, cutlass::layout::RowMajorInterleaved<int=2>, cutlass::gemm::GemmShape<int=4, int=4, int=1>>, int=1, bool>, int=1, cutlass::epilogue::threadblock::PredicatedTileIterator<cutlass::epilogue::threadblock::OutputTileOptimalThreadMap<cutlass::epilogue::threadblock::OutputTileShape<int=128, int=1, int=4, int=4, int=1>, cutlass::epilogue::threadblock::OutputTileShape<int=1, int=4, int=2, int=1, int=8>, int=256, int=1, int=32>, float>, cutlass::epilogue::warp::FragmentIteratorSimt<cutlass::gemm::GemmShape<int=32, int=64, int=8>, cutlass::gemm::thread::Mma<cutlass::gemm::GemmShape<int=8, int=8, int=1>, float, cutlass::layout::ColumnMajor, float, cutlass::layout::RowMajor, float, cutlass::layout::RowMajor, cutlass::arch::OpMultiplyAdd, bool>, cutlass::layout::RowMajor, cutlass::gemm::warp::MmaSimtPolicy<cutlass::MatrixShape<int=4, int=8>, cutlass::layout::RowMajorInterleaved<int=2>, cutlass::gemm::GemmShape<int=4, int=4, int=1>>>, cutlass::epilogue::warp::TileIteratorSimt<cutlass::gemm::GemmShape<int=32, int=64, int=8>, cutlass::gemm::thread::Mma<cutlass::gemm::GemmShape<int=8, int=8, int=1>, float, cutlass::layout::ColumnMajor, float, cutlass::layout::RowMajor, float, cutlass::layout::RowMajor, cutlass::arch::OpMultiplyAdd, bool>, float, cutlass::layout::RowMajor, cutlass::gemm::warp::MmaSimtPolicy<cutlass::MatrixShape<int=4, int=8>, cutlass::layout::RowMajorInterleaved<int=2>, cutlass::gemm::GemmShape<int=4, int=4, int=1>>>, cutlass::epilogue::threadblock::SharedLoadIterator<cutlass::epilogue::threadblock::OutputTileOptimalThreadMap<cutlass::epilogue::threadblock::OutputTileShape<int=128, int=1, int=4, int=4, int=1>::CompactedThreadMap, cutlass::epilogue::threadblock::OutputTileShape<int=1, int=4, int=2, int=1, int=8>, int=256, int=1, int=32>, float, int=4>, cutlass::epilogue::thread::LinearCombination<float",28030
8.092069,0.001504,,,,,,,,,,112,71.018300,"Pageable","Device","Tesla V100-PCIE-32GB (0)","1","7","[CUDA memcpy HtoD]",28050
8.092709,0.020064,2048,1,1,384,1,1,16,0.000000,0.000000,,,,,"Tesla V100-PCIE-32GB (0)","1","7","void scal_kernel_val<double, double>(cublasScalParamsVal<double, double>)",28164
8.093137,8.080055,4,1597,1,256,1,1,124,0.000000,16.250000,,,,,"Tesla V100-PCIE-32GB (0)","1","7","void cutlass::Kernel<cutlass::gemm::kernel::Gemm<cutlass::gemm::threadblock::MmaPipelined<cutlass::gemm::GemmShape<int=128, int=128, int=8>, cutlass::transform::threadblock::PredicatedTileIterator<cutlass::MatrixShape<int=128, int=8>, float, cutlass::layout::RowMajor, int=1, cutlass::transform::PitchLinearStripminedThreadMap<cutlass::layout::PitchLinearShape<int=8, int=128>, int=256, int=1>, int=1>, cutlass::transform::threadblock::RegularTileIterator<cutlass::MatrixShape<int=128, int=8>, float, cutlass::layout::ColumnMajor, int=1, cutlass::transform::TransposePitchLinearThreadMapSimt<cutlass::transform::PitchLinearStripminedThreadMap<cutlass::layout::PitchLinearShape<int=8, int=128>, int=256, int=1>>, int=4>, cutlass::transform::threadblock::PredicatedTileIterator<cutlass::MatrixShape<int=8, int=128>, float, cutlass::layout::RowMajor, int=0, cutlass::transform::PitchLinearStripminedThreadMap<cutlass::layout::PitchLinearShape<int=128, int=8>, int=256, int=1>, int=1>, cutlass::transform::threadblock::RegularTileIterator<cutlass::MatrixShape<int=8, int=128>, float, cutlass::layout::RowMajor, int=0, cutlass::transform::PitchLinearStripminedThreadMap<cutlass::layout::PitchLinearShape<int=128, int=8>, int=256, int=1>, int=4>, float, cutlass::layout::RowMajor, cutlass::gemm::threadblock::MmaPolicy<cutlass::gemm::warp::MmaSimt<cutlass::gemm::GemmShape<int=32, int=64, int=8>, float, cutlass::layout::ColumnMajor, float, cutlass::layout::RowMajor, float, cutlass::layout::RowMajor, cutlass::gemm::warp::MmaSimtPolicy<cutlass::MatrixShape<int=4, int=8>, cutlass::layout::RowMajorInterleaved<int=2>, cutlass::gemm::GemmShape<int=4, int=4, int=1>>, int=1, bool>, cutlass::MatrixShape<int=4, int=0>, cutlass::MatrixShape<int=0, int=0>, int=1>, cutlass::NumericArrayConverter<float, float, int=4, cutlass::FloatRoundStyle>, cutlass::NumericArrayConverter<float, float, int=4, cutlass::FloatRoundStyle>, bool>, cutlass::epilogue::threadblock::Epilogue<cutlass::gemm::GemmShape<int=128, int=128, int=8>, cutlass::gemm::warp::MmaSimt<cutlass::gemm::GemmShape<int=32, int=64, int=8>, float, cutlass::layout::ColumnMajor, float, cutlass::layout::RowMajor, float, cutlass::layout::RowMajor, cutlass::gemm::warp::MmaSimtPolicy<cutlass::MatrixShape<int=4, int=8>, cutlass::layout::RowMajorInterleaved<int=2>, cutlass::gemm::GemmShape<int=4, int=4, int=1>>, int=1, bool>, int=1, cutlass::epilogue::threadblock::PredicatedTileIterator<cutlass::epilogue::threadblock::OutputTileOptimalThreadMap<cutlass::epilogue::threadblock::OutputTileShape<int=128, int=1, int=4, int=4, int=1>, cutlass::epilogue::threadblock::OutputTileShape<int=1, int=4, int=2, int=1, int=8>, int=256, int=1, int=32>, float>, cutlass::epilogue::warp::FragmentIteratorSimt<cutlass::gemm::GemmShape<int=32, int=64, int=8>, cutlass::gemm::thread::Mma<cutlass::gemm::GemmShape<int=8, int=8, int=1>, float, cutlass::layout::ColumnMajor, float, cutlass::layout::RowMajor, float, cutlass::layout::RowMajor, cutlass::arch::OpMultiplyAdd, bool>, cutlass::layout::RowMajor, cutlass::gemm::warp::MmaSimtPolicy<cutlass::MatrixShape<int=4, int=8>, cutlass::layout::RowMajorInterleaved<int=2>, cutlass::gemm::GemmShape<int=4, int=4, int=1>>>, cutlass::epilogue::warp::TileIteratorSimt<cutlass::gemm::GemmShape<int=32, int=64, int=8>, cutlass::gemm::thread::Mma<cutlass::gemm::GemmShape<int=8, int=8, int=1>, float, cutlass::layout::ColumnMajor, float, cutlass::layout::RowMajor, float, cutlass::layout::RowMajor, cutlass::arch::OpMultiplyAdd, bool>, float, cutlass::layout::RowMajor, cutlass::gemm::warp::MmaSimtPolicy<cutlass::MatrixShape<int=4, int=8>, cutlass::layout::RowMajorInterleaved<int=2>, cutlass::gemm::GemmShape<int=4, int=4, int=1>>>, cutlass::epilogue::threadblock::SharedLoadIterator<cutlass::epilogue::threadblock::OutputTileOptimalThreadMap<cutlass::epilogue::threadblock::OutputTileShape<int=128, int=1, int=4, int=4, int=1>::CompactedThreadMap, cutlass::epilogue::threadblock::OutputTileShape<int=1, int=4, int=2, int=1, int=8>, int=256, int=1, int=32>, float, int=4>, cutlass::epilogue::thread::LinearCombination<float",28193
8.101226,0.001504,,,,,,,,,,112,71.018300,"Pageable","Device","Tesla V100-PCIE-32GB (0)","1","7","[CUDA memcpy HtoD]",28213
8.102022,0.020192,2048,1,1,384,1,1,16,0.000000,0.000000,,,,,"Tesla V100-PCIE-32GB (0)","1","7","void scal_kernel_val<double, double>(cublasScalParamsVal<double, double>)",28327
8.102695,8.079127,4,1597,1,256,1,1,124,0.000000,16.250000,,,,,"Tesla V100-PCIE-32GB (0)","1","7","void cutlass::Kernel<cutlass::gemm::kernel::Gemm<cutlass::gemm::threadblock::MmaPipelined<cutlass::gemm::GemmShape<int=128, int=128, int=8>, cutlass::transform::threadblock::PredicatedTileIterator<cutlass::MatrixShape<int=128, int=8>, float, cutlass::layout::RowMajor, int=1, cutlass::transform::PitchLinearStripminedThreadMap<cutlass::layout::PitchLinearShape<int=8, int=128>, int=256, int=1>, int=1>, cutlass::transform::threadblock::RegularTileIterator<cutlass::MatrixShape<int=128, int=8>, float, cutlass::layout::ColumnMajor, int=1, cutlass::transform::TransposePitchLinearThreadMapSimt<cutlass::transform::PitchLinearStripminedThreadMap<cutlass::layout::PitchLinearShape<int=8, int=128>, int=256, int=1>>, int=4>, cutlass::transform::threadblock::PredicatedTileIterator<cutlass::MatrixShape<int=8, int=128>, float, cutlass::layout::RowMajor, int=0, cutlass::transform::PitchLinearStripminedThreadMap<cutlass::layout::PitchLinearShape<int=128, int=8>, int=256, int=1>, int=1>, cutlass::transform::threadblock::RegularTileIterator<cutlass::MatrixShape<int=8, int=128>, float, cutlass::layout::RowMajor, int=0, cutlass::transform::PitchLinearStripminedThreadMap<cutlass::layout::PitchLinearShape<int=128, int=8>, int=256, int=1>, int=4>, float, cutlass::layout::RowMajor, cutlass::gemm::threadblock::MmaPolicy<cutlass::gemm::warp::MmaSimt<cutlass::gemm::GemmShape<int=32, int=64, int=8>, float, cutlass::layout::ColumnMajor, float, cutlass::layout::RowMajor, float, cutlass::layout::RowMajor, cutlass::gemm::warp::MmaSimtPolicy<cutlass::MatrixShape<int=4, int=8>, cutlass::layout::RowMajorInterleaved<int=2>, cutlass::gemm::GemmShape<int=4, int=4, int=1>>, int=1, bool>, cutlass::MatrixShape<int=4, int=0>, cutlass::MatrixShape<int=0, int=0>, int=1>, cutlass::NumericArrayConverter<float, float, int=4, cutlass::FloatRoundStyle>, cutlass::NumericArrayConverter<float, float, int=4, cutlass::FloatRoundStyle>, bool>, cutlass::epilogue::threadblock::Epilogue<cutlass::gemm::GemmShape<int=128, int=128, int=8>, cutlass::gemm::warp::MmaSimt<cutlass::gemm::GemmShape<int=32, int=64, int=8>, float, cutlass::layout::ColumnMajor, float, cutlass::layout::RowMajor, float, cutlass::layout::RowMajor, cutlass::gemm::warp::MmaSimtPolicy<cutlass::MatrixShape<int=4, int=8>, cutlass::layout::RowMajorInterleaved<int=2>, cutlass::gemm::GemmShape<int=4, int=4, int=1>>, int=1, bool>, int=1, cutlass::epilogue::threadblock::PredicatedTileIterator<cutlass::epilogue::threadblock::OutputTileOptimalThreadMap<cutlass::epilogue::threadblock::OutputTileShape<int=128, int=1, int=4, int=4, int=1>, cutlass::epilogue::threadblock::OutputTileShape<int=1, int=4, int=2, int=1, int=8>, int=256, int=1, int=32>, float>, cutlass::epilogue::warp::FragmentIteratorSimt<cutlass::gemm::GemmShape<int=32, int=64, int=8>, cutlass::gemm::thread::Mma<cutlass::gemm::GemmShape<int=8, int=8, int=1>, float, cutlass::layout::ColumnMajor, float, cutlass::layout::RowMajor, float, cutlass::layout::RowMajor, cutlass::arch::OpMultiplyAdd, bool>, cutlass::layout::RowMajor, cutlass::gemm::warp::MmaSimtPolicy<cutlass::MatrixShape<int=4, int=8>, cutlass::layout::RowMajorInterleaved<int=2>, cutlass::gemm::GemmShape<int=4, int=4, int=1>>>, cutlass::epilogue::warp::TileIteratorSimt<cutlass::gemm::GemmShape<int=32, int=64, int=8>, cutlass::gemm::thread::Mma<cutlass::gemm::GemmShape<int=8, int=8, int=1>, float, cutlass::layout::ColumnMajor, float, cutlass::layout::RowMajor, float, cutlass::layout::RowMajor, cutlass::arch::OpMultiplyAdd, bool>, float, cutlass::layout::RowMajor, cutlass::gemm::warp::MmaSimtPolicy<cutlass::MatrixShape<int=4, int=8>, cutlass::layout::RowMajorInterleaved<int=2>, cutlass::gemm::GemmShape<int=4, int=4, int=1>>>, cutlass::epilogue::threadblock::SharedLoadIterator<cutlass::epilogue::threadblock::OutputTileOptimalThreadMap<cutlass::epilogue::threadblock::OutputTileShape<int=128, int=1, int=4, int=4, int=1>::CompactedThreadMap, cutlass::epilogue::threadblock::OutputTileShape<int=1, int=4, int=2, int=1, int=8>, int=256, int=1, int=32>, float, int=4>, cutlass::epilogue::thread::LinearCombination<float",28356
8.110783,0.001504,,,,,,,,,,112,71.018300,"Pageable","Device","Tesla V100-PCIE-32GB (0)","1","7","[CUDA memcpy HtoD]",28376
8.114070,0.020352,2048,1,1,384,1,1,16,0.000000,0.000000,,,,,"Tesla V100-PCIE-32GB (0)","1","7","void scal_kernel_val<double, double>(cublasScalParamsVal<double, double>)",28490
8.114497,8.074774,4,1597,1,256,1,1,124,0.000000,16.250000,,,,,"Tesla V100-PCIE-32GB (0)","1","7","void cutlass::Kernel<cutlass::gemm::kernel::Gemm<cutlass::gemm::threadblock::MmaPipelined<cutlass::gemm::GemmShape<int=128, int=128, int=8>, cutlass::transform::threadblock::PredicatedTileIterator<cutlass::MatrixShape<int=128, int=8>, float, cutlass::layout::RowMajor, int=1, cutlass::transform::PitchLinearStripminedThreadMap<cutlass::layout::PitchLinearShape<int=8, int=128>, int=256, int=1>, int=1>, cutlass::transform::threadblock::RegularTileIterator<cutlass::MatrixShape<int=128, int=8>, float, cutlass::layout::ColumnMajor, int=1, cutlass::transform::TransposePitchLinearThreadMapSimt<cutlass::transform::PitchLinearStripminedThreadMap<cutlass::layout::PitchLinearShape<int=8, int=128>, int=256, int=1>>, int=4>, cutlass::transform::threadblock::PredicatedTileIterator<cutlass::MatrixShape<int=8, int=128>, float, cutlass::layout::RowMajor, int=0, cutlass::transform::PitchLinearStripminedThreadMap<cutlass::layout::PitchLinearShape<int=128, int=8>, int=256, int=1>, int=1>, cutlass::transform::threadblock::RegularTileIterator<cutlass::MatrixShape<int=8, int=128>, float, cutlass::layout::RowMajor, int=0, cutlass::transform::PitchLinearStripminedThreadMap<cutlass::layout::PitchLinearShape<int=128, int=8>, int=256, int=1>, int=4>, float, cutlass::layout::RowMajor, cutlass::gemm::threadblock::MmaPolicy<cutlass::gemm::warp::MmaSimt<cutlass::gemm::GemmShape<int=32, int=64, int=8>, float, cutlass::layout::ColumnMajor, float, cutlass::layout::RowMajor, float, cutlass::layout::RowMajor, cutlass::gemm::warp::MmaSimtPolicy<cutlass::MatrixShape<int=4, int=8>, cutlass::layout::RowMajorInterleaved<int=2>, cutlass::gemm::GemmShape<int=4, int=4, int=1>>, int=1, bool>, cutlass::MatrixShape<int=4, int=0>, cutlass::MatrixShape<int=0, int=0>, int=1>, cutlass::NumericArrayConverter<float, float, int=4, cutlass::FloatRoundStyle>, cutlass::NumericArrayConverter<float, float, int=4, cutlass::FloatRoundStyle>, bool>, cutlass::epilogue::threadblock::Epilogue<cutlass::gemm::GemmShape<int=128, int=128, int=8>, cutlass::gemm::warp::MmaSimt<cutlass::gemm::GemmShape<int=32, int=64, int=8>, float, cutlass::layout::ColumnMajor, float, cutlass::layout::RowMajor, float, cutlass::layout::RowMajor, cutlass::gemm::warp::MmaSimtPolicy<cutlass::MatrixShape<int=4, int=8>, cutlass::layout::RowMajorInterleaved<int=2>, cutlass::gemm::GemmShape<int=4, int=4, int=1>>, int=1, bool>, int=1, cutlass::epilogue::threadblock::PredicatedTileIterator<cutlass::epilogue::threadblock::OutputTileOptimalThreadMap<cutlass::epilogue::threadblock::OutputTileShape<int=128, int=1, int=4, int=4, int=1>, cutlass::epilogue::threadblock::OutputTileShape<int=1, int=4, int=2, int=1, int=8>, int=256, int=1, int=32>, float>, cutlass::epilogue::warp::FragmentIteratorSimt<cutlass::gemm::GemmShape<int=32, int=64, int=8>, cutlass::gemm::thread::Mma<cutlass::gemm::GemmShape<int=8, int=8, int=1>, float, cutlass::layout::ColumnMajor, float, cutlass::layout::RowMajor, float, cutlass::layout::RowMajor, cutlass::arch::OpMultiplyAdd, bool>, cutlass::layout::RowMajor, cutlass::gemm::warp::MmaSimtPolicy<cutlass::MatrixShape<int=4, int=8>, cutlass::layout::RowMajorInterleaved<int=2>, cutlass::gemm::GemmShape<int=4, int=4, int=1>>>, cutlass::epilogue::warp::TileIteratorSimt<cutlass::gemm::GemmShape<int=32, int=64, int=8>, cutlass::gemm::thread::Mma<cutlass::gemm::GemmShape<int=8, int=8, int=1>, float, cutlass::layout::ColumnMajor, float, cutlass::layout::RowMajor, float, cutlass::layout::RowMajor, cutlass::arch::OpMultiplyAdd, bool>, float, cutlass::layout::RowMajor, cutlass::gemm::warp::MmaSimtPolicy<cutlass::MatrixShape<int=4, int=8>, cutlass::layout::RowMajorInterleaved<int=2>, cutlass::gemm::GemmShape<int=4, int=4, int=1>>>, cutlass::epilogue::threadblock::SharedLoadIterator<cutlass::epilogue::threadblock::OutputTileOptimalThreadMap<cutlass::epilogue::threadblock::OutputTileShape<int=128, int=1, int=4, int=4, int=1>::CompactedThreadMap, cutlass::epilogue::threadblock::OutputTileShape<int=1, int=4, int=2, int=1, int=8>, int=256, int=1, int=32>, float, int=4>, cutlass::epilogue::thread::LinearCombination<float",28519
8.122584,0.001504,,,,,,,,,,112,71.018300,"Pageable","Device","Tesla V100-PCIE-32GB (0)","1","7","[CUDA memcpy HtoD]",28539
8.123223,0.019840,2048,1,1,384,1,1,16,0.000000,0.000000,,,,,"Tesla V100-PCIE-32GB (0)","1","7","void scal_kernel_val<double, double>(cublasScalParamsVal<double, double>)",28653
8.123648,8.078870,4,1597,1,256,1,1,124,0.000000,16.250000,,,,,"Tesla V100-PCIE-32GB (0)","1","7","void cutlass::Kernel<cutlass::gemm::kernel::Gemm<cutlass::gemm::threadblock::MmaPipelined<cutlass::gemm::GemmShape<int=128, int=128, int=8>, cutlass::transform::threadblock::PredicatedTileIterator<cutlass::MatrixShape<int=128, int=8>, float, cutlass::layout::RowMajor, int=1, cutlass::transform::PitchLinearStripminedThreadMap<cutlass::layout::PitchLinearShape<int=8, int=128>, int=256, int=1>, int=1>, cutlass::transform::threadblock::RegularTileIterator<cutlass::MatrixShape<int=128, int=8>, float, cutlass::layout::ColumnMajor, int=1, cutlass::transform::TransposePitchLinearThreadMapSimt<cutlass::transform::PitchLinearStripminedThreadMap<cutlass::layout::PitchLinearShape<int=8, int=128>, int=256, int=1>>, int=4>, cutlass::transform::threadblock::PredicatedTileIterator<cutlass::MatrixShape<int=8, int=128>, float, cutlass::layout::RowMajor, int=0, cutlass::transform::PitchLinearStripminedThreadMap<cutlass::layout::PitchLinearShape<int=128, int=8>, int=256, int=1>, int=1>, cutlass::transform::threadblock::RegularTileIterator<cutlass::MatrixShape<int=8, int=128>, float, cutlass::layout::RowMajor, int=0, cutlass::transform::PitchLinearStripminedThreadMap<cutlass::layout::PitchLinearShape<int=128, int=8>, int=256, int=1>, int=4>, float, cutlass::layout::RowMajor, cutlass::gemm::threadblock::MmaPolicy<cutlass::gemm::warp::MmaSimt<cutlass::gemm::GemmShape<int=32, int=64, int=8>, float, cutlass::layout::ColumnMajor, float, cutlass::layout::RowMajor, float, cutlass::layout::RowMajor, cutlass::gemm::warp::MmaSimtPolicy<cutlass::MatrixShape<int=4, int=8>, cutlass::layout::RowMajorInterleaved<int=2>, cutlass::gemm::GemmShape<int=4, int=4, int=1>>, int=1, bool>, cutlass::MatrixShape<int=4, int=0>, cutlass::MatrixShape<int=0, int=0>, int=1>, cutlass::NumericArrayConverter<float, float, int=4, cutlass::FloatRoundStyle>, cutlass::NumericArrayConverter<float, float, int=4, cutlass::FloatRoundStyle>, bool>, cutlass::epilogue::threadblock::Epilogue<cutlass::gemm::GemmShape<int=128, int=128, int=8>, cutlass::gemm::warp::MmaSimt<cutlass::gemm::GemmShape<int=32, int=64, int=8>, float, cutlass::layout::ColumnMajor, float, cutlass::layout::RowMajor, float, cutlass::layout::RowMajor, cutlass::gemm::warp::MmaSimtPolicy<cutlass::MatrixShape<int=4, int=8>, cutlass::layout::RowMajorInterleaved<int=2>, cutlass::gemm::GemmShape<int=4, int=4, int=1>>, int=1, bool>, int=1, cutlass::epilogue::threadblock::PredicatedTileIterator<cutlass::epilogue::threadblock::OutputTileOptimalThreadMap<cutlass::epilogue::threadblock::OutputTileShape<int=128, int=1, int=4, int=4, int=1>, cutlass::epilogue::threadblock::OutputTileShape<int=1, int=4, int=2, int=1, int=8>, int=256, int=1, int=32>, float>, cutlass::epilogue::warp::FragmentIteratorSimt<cutlass::gemm::GemmShape<int=32, int=64, int=8>, cutlass::gemm::thread::Mma<cutlass::gemm::GemmShape<int=8, int=8, int=1>, float, cutlass::layout::ColumnMajor, float, cutlass::layout::RowMajor, float, cutlass::layout::RowMajor, cutlass::arch::OpMultiplyAdd, bool>, cutlass::layout::RowMajor, cutlass::gemm::warp::MmaSimtPolicy<cutlass::MatrixShape<int=4, int=8>, cutlass::layout::RowMajorInterleaved<int=2>, cutlass::gemm::GemmShape<int=4, int=4, int=1>>>, cutlass::epilogue::warp::TileIteratorSimt<cutlass::gemm::GemmShape<int=32, int=64, int=8>, cutlass::gemm::thread::Mma<cutlass::gemm::GemmShape<int=8, int=8, int=1>, float, cutlass::layout::ColumnMajor, float, cutlass::layout::RowMajor, float, cutlass::layout::RowMajor, cutlass::arch::OpMultiplyAdd, bool>, float, cutlass::layout::RowMajor, cutlass::gemm::warp::MmaSimtPolicy<cutlass::MatrixShape<int=4, int=8>, cutlass::layout::RowMajorInterleaved<int=2>, cutlass::gemm::GemmShape<int=4, int=4, int=1>>>, cutlass::epilogue::threadblock::SharedLoadIterator<cutlass::epilogue::threadblock::OutputTileOptimalThreadMap<cutlass::epilogue::threadblock::OutputTileShape<int=128, int=1, int=4, int=4, int=1>::CompactedThreadMap, cutlass::epilogue::threadblock::OutputTileShape<int=1, int=4, int=2, int=1, int=8>, int=256, int=1, int=32>, float, int=4>, cutlass::epilogue::thread::LinearCombination<float",28682
8.131736,0.001504,,,,,,,,,,112,71.018300,"Pageable","Device","Tesla V100-PCIE-32GB (0)","1","7","[CUDA memcpy HtoD]",28702
8.132375,0.019872,2048,1,1,384,1,1,16,0.000000,0.000000,,,,,"Tesla V100-PCIE-32GB (0)","1","7","void scal_kernel_val<double, double>(cublasScalParamsVal<double, double>)",28816
8.132807,8.076087,4,1597,1,256,1,1,124,0.000000,16.250000,,,,,"Tesla V100-PCIE-32GB (0)","1","7","void cutlass::Kernel<cutlass::gemm::kernel::Gemm<cutlass::gemm::threadblock::MmaPipelined<cutlass::gemm::GemmShape<int=128, int=128, int=8>, cutlass::transform::threadblock::PredicatedTileIterator<cutlass::MatrixShape<int=128, int=8>, float, cutlass::layout::RowMajor, int=1, cutlass::transform::PitchLinearStripminedThreadMap<cutlass::layout::PitchLinearShape<int=8, int=128>, int=256, int=1>, int=1>, cutlass::transform::threadblock::RegularTileIterator<cutlass::MatrixShape<int=128, int=8>, float, cutlass::layout::ColumnMajor, int=1, cutlass::transform::TransposePitchLinearThreadMapSimt<cutlass::transform::PitchLinearStripminedThreadMap<cutlass::layout::PitchLinearShape<int=8, int=128>, int=256, int=1>>, int=4>, cutlass::transform::threadblock::PredicatedTileIterator<cutlass::MatrixShape<int=8, int=128>, float, cutlass::layout::RowMajor, int=0, cutlass::transform::PitchLinearStripminedThreadMap<cutlass::layout::PitchLinearShape<int=128, int=8>, int=256, int=1>, int=1>, cutlass::transform::threadblock::RegularTileIterator<cutlass::MatrixShape<int=8, int=128>, float, cutlass::layout::RowMajor, int=0, cutlass::transform::PitchLinearStripminedThreadMap<cutlass::layout::PitchLinearShape<int=128, int=8>, int=256, int=1>, int=4>, float, cutlass::layout::RowMajor, cutlass::gemm::threadblock::MmaPolicy<cutlass::gemm::warp::MmaSimt<cutlass::gemm::GemmShape<int=32, int=64, int=8>, float, cutlass::layout::ColumnMajor, float, cutlass::layout::RowMajor, float, cutlass::layout::RowMajor, cutlass::gemm::warp::MmaSimtPolicy<cutlass::MatrixShape<int=4, int=8>, cutlass::layout::RowMajorInterleaved<int=2>, cutlass::gemm::GemmShape<int=4, int=4, int=1>>, int=1, bool>, cutlass::MatrixShape<int=4, int=0>, cutlass::MatrixShape<int=0, int=0>, int=1>, cutlass::NumericArrayConverter<float, float, int=4, cutlass::FloatRoundStyle>, cutlass::NumericArrayConverter<float, float, int=4, cutlass::FloatRoundStyle>, bool>, cutlass::epilogue::threadblock::Epilogue<cutlass::gemm::GemmShape<int=128, int=128, int=8>, cutlass::gemm::warp::MmaSimt<cutlass::gemm::GemmShape<int=32, int=64, int=8>, float, cutlass::layout::ColumnMajor, float, cutlass::layout::RowMajor, float, cutlass::layout::RowMajor, cutlass::gemm::warp::MmaSimtPolicy<cutlass::MatrixShape<int=4, int=8>, cutlass::layout::RowMajorInterleaved<int=2>, cutlass::gemm::GemmShape<int=4, int=4, int=1>>, int=1, bool>, int=1, cutlass::epilogue::threadblock::PredicatedTileIterator<cutlass::epilogue::threadblock::OutputTileOptimalThreadMap<cutlass::epilogue::threadblock::OutputTileShape<int=128, int=1, int=4, int=4, int=1>, cutlass::epilogue::threadblock::OutputTileShape<int=1, int=4, int=2, int=1, int=8>, int=256, int=1, int=32>, float>, cutlass::epilogue::warp::FragmentIteratorSimt<cutlass::gemm::GemmShape<int=32, int=64, int=8>, cutlass::gemm::thread::Mma<cutlass::gemm::GemmShape<int=8, int=8, int=1>, float, cutlass::layout::ColumnMajor, float, cutlass::layout::RowMajor, float, cutlass::layout::RowMajor, cutlass::arch::OpMultiplyAdd, bool>, cutlass::layout::RowMajor, cutlass::gemm::warp::MmaSimtPolicy<cutlass::MatrixShape<int=4, int=8>, cutlass::layout::RowMajorInterleaved<int=2>, cutlass::gemm::GemmShape<int=4, int=4, int=1>>>, cutlass::epilogue::warp::TileIteratorSimt<cutlass::gemm::GemmShape<int=32, int=64, int=8>, cutlass::gemm::thread::Mma<cutlass::gemm::GemmShape<int=8, int=8, int=1>, float, cutlass::layout::ColumnMajor, float, cutlass::layout::RowMajor, float, cutlass::layout::RowMajor, cutlass::arch::OpMultiplyAdd, bool>, float, cutlass::layout::RowMajor, cutlass::gemm::warp::MmaSimtPolicy<cutlass::MatrixShape<int=4, int=8>, cutlass::layout::RowMajorInterleaved<int=2>, cutlass::gemm::GemmShape<int=4, int=4, int=1>>>, cutlass::epilogue::threadblock::SharedLoadIterator<cutlass::epilogue::threadblock::OutputTileOptimalThreadMap<cutlass::epilogue::threadblock::OutputTileShape<int=128, int=1, int=4, int=4, int=1>::CompactedThreadMap, cutlass::epilogue::threadblock::OutputTileShape<int=1, int=4, int=2, int=1, int=8>, int=256, int=1, int=32>, float, int=4>, cutlass::epilogue::thread::LinearCombination<float",28845
8.140892,0.001472,,,,,,,,,,112,72.562176,"Pageable","Device","Tesla V100-PCIE-32GB (0)","1","7","[CUDA memcpy HtoD]",28865
8.141524,0.019616,2048,1,1,384,1,1,16,0.000000,0.000000,,,,,"Tesla V100-PCIE-32GB (0)","1","7","void scal_kernel_val<double, double>(cublasScalParamsVal<double, double>)",28979
8.141957,8.078102,4,1597,1,256,1,1,124,0.000000,16.250000,,,,,"Tesla V100-PCIE-32GB (0)","1","7","void cutlass::Kernel<cutlass::gemm::kernel::Gemm<cutlass::gemm::threadblock::MmaPipelined<cutlass::gemm::GemmShape<int=128, int=128, int=8>, cutlass::transform::threadblock::PredicatedTileIterator<cutlass::MatrixShape<int=128, int=8>, float, cutlass::layout::RowMajor, int=1, cutlass::transform::PitchLinearStripminedThreadMap<cutlass::layout::PitchLinearShape<int=8, int=128>, int=256, int=1>, int=1>, cutlass::transform::threadblock::RegularTileIterator<cutlass::MatrixShape<int=128, int=8>, float, cutlass::layout::ColumnMajor, int=1, cutlass::transform::TransposePitchLinearThreadMapSimt<cutlass::transform::PitchLinearStripminedThreadMap<cutlass::layout::PitchLinearShape<int=8, int=128>, int=256, int=1>>, int=4>, cutlass::transform::threadblock::PredicatedTileIterator<cutlass::MatrixShape<int=8, int=128>, float, cutlass::layout::RowMajor, int=0, cutlass::transform::PitchLinearStripminedThreadMap<cutlass::layout::PitchLinearShape<int=128, int=8>, int=256, int=1>, int=1>, cutlass::transform::threadblock::RegularTileIterator<cutlass::MatrixShape<int=8, int=128>, float, cutlass::layout::RowMajor, int=0, cutlass::transform::PitchLinearStripminedThreadMap<cutlass::layout::PitchLinearShape<int=128, int=8>, int=256, int=1>, int=4>, float, cutlass::layout::RowMajor, cutlass::gemm::threadblock::MmaPolicy<cutlass::gemm::warp::MmaSimt<cutlass::gemm::GemmShape<int=32, int=64, int=8>, float, cutlass::layout::ColumnMajor, float, cutlass::layout::RowMajor, float, cutlass::layout::RowMajor, cutlass::gemm::warp::MmaSimtPolicy<cutlass::MatrixShape<int=4, int=8>, cutlass::layout::RowMajorInterleaved<int=2>, cutlass::gemm::GemmShape<int=4, int=4, int=1>>, int=1, bool>, cutlass::MatrixShape<int=4, int=0>, cutlass::MatrixShape<int=0, int=0>, int=1>, cutlass::NumericArrayConverter<float, float, int=4, cutlass::FloatRoundStyle>, cutlass::NumericArrayConverter<float, float, int=4, cutlass::FloatRoundStyle>, bool>, cutlass::epilogue::threadblock::Epilogue<cutlass::gemm::GemmShape<int=128, int=128, int=8>, cutlass::gemm::warp::MmaSimt<cutlass::gemm::GemmShape<int=32, int=64, int=8>, float, cutlass::layout::ColumnMajor, float, cutlass::layout::RowMajor, float, cutlass::layout::RowMajor, cutlass::gemm::warp::MmaSimtPolicy<cutlass::MatrixShape<int=4, int=8>, cutlass::layout::RowMajorInterleaved<int=2>, cutlass::gemm::GemmShape<int=4, int=4, int=1>>, int=1, bool>, int=1, cutlass::epilogue::threadblock::PredicatedTileIterator<cutlass::epilogue::threadblock::OutputTileOptimalThreadMap<cutlass::epilogue::threadblock::OutputTileShape<int=128, int=1, int=4, int=4, int=1>, cutlass::epilogue::threadblock::OutputTileShape<int=1, int=4, int=2, int=1, int=8>, int=256, int=1, int=32>, float>, cutlass::epilogue::warp::FragmentIteratorSimt<cutlass::gemm::GemmShape<int=32, int=64, int=8>, cutlass::gemm::thread::Mma<cutlass::gemm::GemmShape<int=8, int=8, int=1>, float, cutlass::layout::ColumnMajor, float, cutlass::layout::RowMajor, float, cutlass::layout::RowMajor, cutlass::arch::OpMultiplyAdd, bool>, cutlass::layout::RowMajor, cutlass::gemm::warp::MmaSimtPolicy<cutlass::MatrixShape<int=4, int=8>, cutlass::layout::RowMajorInterleaved<int=2>, cutlass::gemm::GemmShape<int=4, int=4, int=1>>>, cutlass::epilogue::warp::TileIteratorSimt<cutlass::gemm::GemmShape<int=32, int=64, int=8>, cutlass::gemm::thread::Mma<cutlass::gemm::GemmShape<int=8, int=8, int=1>, float, cutlass::layout::ColumnMajor, float, cutlass::layout::RowMajor, float, cutlass::layout::RowMajor, cutlass::arch::OpMultiplyAdd, bool>, float, cutlass::layout::RowMajor, cutlass::gemm::warp::MmaSimtPolicy<cutlass::MatrixShape<int=4, int=8>, cutlass::layout::RowMajorInterleaved<int=2>, cutlass::gemm::GemmShape<int=4, int=4, int=1>>>, cutlass::epilogue::threadblock::SharedLoadIterator<cutlass::epilogue::threadblock::OutputTileOptimalThreadMap<cutlass::epilogue::threadblock::OutputTileShape<int=128, int=1, int=4, int=4, int=1>::CompactedThreadMap, cutlass::epilogue::threadblock::OutputTileShape<int=1, int=4, int=2, int=1, int=8>, int=256, int=1, int=32>, float, int=4>, cutlass::epilogue::thread::LinearCombination<float",29008
8.150043,0.001504,,,,,,,,,,112,71.018300,"Pageable","Device","Tesla V100-PCIE-32GB (0)","1","7","[CUDA memcpy HtoD]",29028
8.150685,0.019872,2048,1,1,384,1,1,16,0.000000,0.000000,,,,,"Tesla V100-PCIE-32GB (0)","1","7","void scal_kernel_val<double, double>(cublasScalParamsVal<double, double>)",29142
8.151118,8.077495,4,1597,1,256,1,1,124,0.000000,16.250000,,,,,"Tesla V100-PCIE-32GB (0)","1","7","void cutlass::Kernel<cutlass::gemm::kernel::Gemm<cutlass::gemm::threadblock::MmaPipelined<cutlass::gemm::GemmShape<int=128, int=128, int=8>, cutlass::transform::threadblock::PredicatedTileIterator<cutlass::MatrixShape<int=128, int=8>, float, cutlass::layout::RowMajor, int=1, cutlass::transform::PitchLinearStripminedThreadMap<cutlass::layout::PitchLinearShape<int=8, int=128>, int=256, int=1>, int=1>, cutlass::transform::threadblock::RegularTileIterator<cutlass::MatrixShape<int=128, int=8>, float, cutlass::layout::ColumnMajor, int=1, cutlass::transform::TransposePitchLinearThreadMapSimt<cutlass::transform::PitchLinearStripminedThreadMap<cutlass::layout::PitchLinearShape<int=8, int=128>, int=256, int=1>>, int=4>, cutlass::transform::threadblock::PredicatedTileIterator<cutlass::MatrixShape<int=8, int=128>, float, cutlass::layout::RowMajor, int=0, cutlass::transform::PitchLinearStripminedThreadMap<cutlass::layout::PitchLinearShape<int=128, int=8>, int=256, int=1>, int=1>, cutlass::transform::threadblock::RegularTileIterator<cutlass::MatrixShape<int=8, int=128>, float, cutlass::layout::RowMajor, int=0, cutlass::transform::PitchLinearStripminedThreadMap<cutlass::layout::PitchLinearShape<int=128, int=8>, int=256, int=1>, int=4>, float, cutlass::layout::RowMajor, cutlass::gemm::threadblock::MmaPolicy<cutlass::gemm::warp::MmaSimt<cutlass::gemm::GemmShape<int=32, int=64, int=8>, float, cutlass::layout::ColumnMajor, float, cutlass::layout::RowMajor, float, cutlass::layout::RowMajor, cutlass::gemm::warp::MmaSimtPolicy<cutlass::MatrixShape<int=4, int=8>, cutlass::layout::RowMajorInterleaved<int=2>, cutlass::gemm::GemmShape<int=4, int=4, int=1>>, int=1, bool>, cutlass::MatrixShape<int=4, int=0>, cutlass::MatrixShape<int=0, int=0>, int=1>, cutlass::NumericArrayConverter<float, float, int=4, cutlass::FloatRoundStyle>, cutlass::NumericArrayConverter<float, float, int=4, cutlass::FloatRoundStyle>, bool>, cutlass::epilogue::threadblock::Epilogue<cutlass::gemm::GemmShape<int=128, int=128, int=8>, cutlass::gemm::warp::MmaSimt<cutlass::gemm::GemmShape<int=32, int=64, int=8>, float, cutlass::layout::ColumnMajor, float, cutlass::layout::RowMajor, float, cutlass::layout::RowMajor, cutlass::gemm::warp::MmaSimtPolicy<cutlass::MatrixShape<int=4, int=8>, cutlass::layout::RowMajorInterleaved<int=2>, cutlass::gemm::GemmShape<int=4, int=4, int=1>>, int=1, bool>, int=1, cutlass::epilogue::threadblock::PredicatedTileIterator<cutlass::epilogue::threadblock::OutputTileOptimalThreadMap<cutlass::epilogue::threadblock::OutputTileShape<int=128, int=1, int=4, int=4, int=1>, cutlass::epilogue::threadblock::OutputTileShape<int=1, int=4, int=2, int=1, int=8>, int=256, int=1, int=32>, float>, cutlass::epilogue::warp::FragmentIteratorSimt<cutlass::gemm::GemmShape<int=32, int=64, int=8>, cutlass::gemm::thread::Mma<cutlass::gemm::GemmShape<int=8, int=8, int=1>, float, cutlass::layout::ColumnMajor, float, cutlass::layout::RowMajor, float, cutlass::layout::RowMajor, cutlass::arch::OpMultiplyAdd, bool>, cutlass::layout::RowMajor, cutlass::gemm::warp::MmaSimtPolicy<cutlass::MatrixShape<int=4, int=8>, cutlass::layout::RowMajorInterleaved<int=2>, cutlass::gemm::GemmShape<int=4, int=4, int=1>>>, cutlass::epilogue::warp::TileIteratorSimt<cutlass::gemm::GemmShape<int=32, int=64, int=8>, cutlass::gemm::thread::Mma<cutlass::gemm::GemmShape<int=8, int=8, int=1>, float, cutlass::layout::ColumnMajor, float, cutlass::layout::RowMajor, float, cutlass::layout::RowMajor, cutlass::arch::OpMultiplyAdd, bool>, float, cutlass::layout::RowMajor, cutlass::gemm::warp::MmaSimtPolicy<cutlass::MatrixShape<int=4, int=8>, cutlass::layout::RowMajorInterleaved<int=2>, cutlass::gemm::GemmShape<int=4, int=4, int=1>>>, cutlass::epilogue::threadblock::SharedLoadIterator<cutlass::epilogue::threadblock::OutputTileOptimalThreadMap<cutlass::epilogue::threadblock::OutputTileShape<int=128, int=1, int=4, int=4, int=1>::CompactedThreadMap, cutlass::epilogue::threadblock::OutputTileShape<int=1, int=4, int=2, int=1, int=8>, int=256, int=1, int=32>, float, int=4>, cutlass::epilogue::thread::LinearCombination<float",29171
8.159204,0.001504,,,,,,,,,,112,71.018300,"Pageable","Device","Tesla V100-PCIE-32GB (0)","1","7","[CUDA memcpy HtoD]",29191
8.159843,0.019936,2048,1,1,384,1,1,16,0.000000,0.000000,,,,,"Tesla V100-PCIE-32GB (0)","1","7","void scal_kernel_val<double, double>(cublasScalParamsVal<double, double>)",29305
8.160268,8.080950,4,1597,1,256,1,1,124,0.000000,16.250000,,,,,"Tesla V100-PCIE-32GB (0)","1","7","void cutlass::Kernel<cutlass::gemm::kernel::Gemm<cutlass::gemm::threadblock::MmaPipelined<cutlass::gemm::GemmShape<int=128, int=128, int=8>, cutlass::transform::threadblock::PredicatedTileIterator<cutlass::MatrixShape<int=128, int=8>, float, cutlass::layout::RowMajor, int=1, cutlass::transform::PitchLinearStripminedThreadMap<cutlass::layout::PitchLinearShape<int=8, int=128>, int=256, int=1>, int=1>, cutlass::transform::threadblock::RegularTileIterator<cutlass::MatrixShape<int=128, int=8>, float, cutlass::layout::ColumnMajor, int=1, cutlass::transform::TransposePitchLinearThreadMapSimt<cutlass::transform::PitchLinearStripminedThreadMap<cutlass::layout::PitchLinearShape<int=8, int=128>, int=256, int=1>>, int=4>, cutlass::transform::threadblock::PredicatedTileIterator<cutlass::MatrixShape<int=8, int=128>, float, cutlass::layout::RowMajor, int=0, cutlass::transform::PitchLinearStripminedThreadMap<cutlass::layout::PitchLinearShape<int=128, int=8>, int=256, int=1>, int=1>, cutlass::transform::threadblock::RegularTileIterator<cutlass::MatrixShape<int=8, int=128>, float, cutlass::layout::RowMajor, int=0, cutlass::transform::PitchLinearStripminedThreadMap<cutlass::layout::PitchLinearShape<int=128, int=8>, int=256, int=1>, int=4>, float, cutlass::layout::RowMajor, cutlass::gemm::threadblock::MmaPolicy<cutlass::gemm::warp::MmaSimt<cutlass::gemm::GemmShape<int=32, int=64, int=8>, float, cutlass::layout::ColumnMajor, float, cutlass::layout::RowMajor, float, cutlass::layout::RowMajor, cutlass::gemm::warp::MmaSimtPolicy<cutlass::MatrixShape<int=4, int=8>, cutlass::layout::RowMajorInterleaved<int=2>, cutlass::gemm::GemmShape<int=4, int=4, int=1>>, int=1, bool>, cutlass::MatrixShape<int=4, int=0>, cutlass::MatrixShape<int=0, int=0>, int=1>, cutlass::NumericArrayConverter<float, float, int=4, cutlass::FloatRoundStyle>, cutlass::NumericArrayConverter<float, float, int=4, cutlass::FloatRoundStyle>, bool>, cutlass::epilogue::threadblock::Epilogue<cutlass::gemm::GemmShape<int=128, int=128, int=8>, cutlass::gemm::warp::MmaSimt<cutlass::gemm::GemmShape<int=32, int=64, int=8>, float, cutlass::layout::ColumnMajor, float, cutlass::layout::RowMajor, float, cutlass::layout::RowMajor, cutlass::gemm::warp::MmaSimtPolicy<cutlass::MatrixShape<int=4, int=8>, cutlass::layout::RowMajorInterleaved<int=2>, cutlass::gemm::GemmShape<int=4, int=4, int=1>>, int=1, bool>, int=1, cutlass::epilogue::threadblock::PredicatedTileIterator<cutlass::epilogue::threadblock::OutputTileOptimalThreadMap<cutlass::epilogue::threadblock::OutputTileShape<int=128, int=1, int=4, int=4, int=1>, cutlass::epilogue::threadblock::OutputTileShape<int=1, int=4, int=2, int=1, int=8>, int=256, int=1, int=32>, float>, cutlass::epilogue::warp::FragmentIteratorSimt<cutlass::gemm::GemmShape<int=32, int=64, int=8>, cutlass::gemm::thread::Mma<cutlass::gemm::GemmShape<int=8, int=8, int=1>, float, cutlass::layout::ColumnMajor, float, cutlass::layout::RowMajor, float, cutlass::layout::RowMajor, cutlass::arch::OpMultiplyAdd, bool>, cutlass::layout::RowMajor, cutlass::gemm::warp::MmaSimtPolicy<cutlass::MatrixShape<int=4, int=8>, cutlass::layout::RowMajorInterleaved<int=2>, cutlass::gemm::GemmShape<int=4, int=4, int=1>>>, cutlass::epilogue::warp::TileIteratorSimt<cutlass::gemm::GemmShape<int=32, int=64, int=8>, cutlass::gemm::thread::Mma<cutlass::gemm::GemmShape<int=8, int=8, int=1>, float, cutlass::layout::ColumnMajor, float, cutlass::layout::RowMajor, float, cutlass::layout::RowMajor, cutlass::arch::OpMultiplyAdd, bool>, float, cutlass::layout::RowMajor, cutlass::gemm::warp::MmaSimtPolicy<cutlass::MatrixShape<int=4, int=8>, cutlass::layout::RowMajorInterleaved<int=2>, cutlass::gemm::GemmShape<int=4, int=4, int=1>>>, cutlass::epilogue::threadblock::SharedLoadIterator<cutlass::epilogue::threadblock::OutputTileOptimalThreadMap<cutlass::epilogue::threadblock::OutputTileShape<int=128, int=1, int=4, int=4, int=1>::CompactedThreadMap, cutlass::epilogue::threadblock::OutputTileShape<int=1, int=4, int=2, int=1, int=8>, int=256, int=1, int=32>, float, int=4>, cutlass::epilogue::thread::LinearCombination<float",29334
8.168359,0.001472,,,,,,,,,,112,72.562176,"Pageable","Device","Tesla V100-PCIE-32GB (0)","1","7","[CUDA memcpy HtoD]",29354
8.169004,0.020159,2048,1,1,384,1,1,16,0.000000,0.000000,,,,,"Tesla V100-PCIE-32GB (0)","1","7","void scal_kernel_val<double, double>(cublasScalParamsVal<double, double>)",29468
8.169440,8.077814,4,1597,1,256,1,1,124,0.000000,16.250000,,,,,"Tesla V100-PCIE-32GB (0)","1","7","void cutlass::Kernel<cutlass::gemm::kernel::Gemm<cutlass::gemm::threadblock::MmaPipelined<cutlass::gemm::GemmShape<int=128, int=128, int=8>, cutlass::transform::threadblock::PredicatedTileIterator<cutlass::MatrixShape<int=128, int=8>, float, cutlass::layout::RowMajor, int=1, cutlass::transform::PitchLinearStripminedThreadMap<cutlass::layout::PitchLinearShape<int=8, int=128>, int=256, int=1>, int=1>, cutlass::transform::threadblock::RegularTileIterator<cutlass::MatrixShape<int=128, int=8>, float, cutlass::layout::ColumnMajor, int=1, cutlass::transform::TransposePitchLinearThreadMapSimt<cutlass::transform::PitchLinearStripminedThreadMap<cutlass::layout::PitchLinearShape<int=8, int=128>, int=256, int=1>>, int=4>, cutlass::transform::threadblock::PredicatedTileIterator<cutlass::MatrixShape<int=8, int=128>, float, cutlass::layout::RowMajor, int=0, cutlass::transform::PitchLinearStripminedThreadMap<cutlass::layout::PitchLinearShape<int=128, int=8>, int=256, int=1>, int=1>, cutlass::transform::threadblock::RegularTileIterator<cutlass::MatrixShape<int=8, int=128>, float, cutlass::layout::RowMajor, int=0, cutlass::transform::PitchLinearStripminedThreadMap<cutlass::layout::PitchLinearShape<int=128, int=8>, int=256, int=1>, int=4>, float, cutlass::layout::RowMajor, cutlass::gemm::threadblock::MmaPolicy<cutlass::gemm::warp::MmaSimt<cutlass::gemm::GemmShape<int=32, int=64, int=8>, float, cutlass::layout::ColumnMajor, float, cutlass::layout::RowMajor, float, cutlass::layout::RowMajor, cutlass::gemm::warp::MmaSimtPolicy<cutlass::MatrixShape<int=4, int=8>, cutlass::layout::RowMajorInterleaved<int=2>, cutlass::gemm::GemmShape<int=4, int=4, int=1>>, int=1, bool>, cutlass::MatrixShape<int=4, int=0>, cutlass::MatrixShape<int=0, int=0>, int=1>, cutlass::NumericArrayConverter<float, float, int=4, cutlass::FloatRoundStyle>, cutlass::NumericArrayConverter<float, float, int=4, cutlass::FloatRoundStyle>, bool>, cutlass::epilogue::threadblock::Epilogue<cutlass::gemm::GemmShape<int=128, int=128, int=8>, cutlass::gemm::warp::MmaSimt<cutlass::gemm::GemmShape<int=32, int=64, int=8>, float, cutlass::layout::ColumnMajor, float, cutlass::layout::RowMajor, float, cutlass::layout::RowMajor, cutlass::gemm::warp::MmaSimtPolicy<cutlass::MatrixShape<int=4, int=8>, cutlass::layout::RowMajorInterleaved<int=2>, cutlass::gemm::GemmShape<int=4, int=4, int=1>>, int=1, bool>, int=1, cutlass::epilogue::threadblock::PredicatedTileIterator<cutlass::epilogue::threadblock::OutputTileOptimalThreadMap<cutlass::epilogue::threadblock::OutputTileShape<int=128, int=1, int=4, int=4, int=1>, cutlass::epilogue::threadblock::OutputTileShape<int=1, int=4, int=2, int=1, int=8>, int=256, int=1, int=32>, float>, cutlass::epilogue::warp::FragmentIteratorSimt<cutlass::gemm::GemmShape<int=32, int=64, int=8>, cutlass::gemm::thread::Mma<cutlass::gemm::GemmShape<int=8, int=8, int=1>, float, cutlass::layout::ColumnMajor, float, cutlass::layout::RowMajor, float, cutlass::layout::RowMajor, cutlass::arch::OpMultiplyAdd, bool>, cutlass::layout::RowMajor, cutlass::gemm::warp::MmaSimtPolicy<cutlass::MatrixShape<int=4, int=8>, cutlass::layout::RowMajorInterleaved<int=2>, cutlass::gemm::GemmShape<int=4, int=4, int=1>>>, cutlass::epilogue::warp::TileIteratorSimt<cutlass::gemm::GemmShape<int=32, int=64, int=8>, cutlass::gemm::thread::Mma<cutlass::gemm::GemmShape<int=8, int=8, int=1>, float, cutlass::layout::ColumnMajor, float, cutlass::layout::RowMajor, float, cutlass::layout::RowMajor, cutlass::arch::OpMultiplyAdd, bool>, float, cutlass::layout::RowMajor, cutlass::gemm::warp::MmaSimtPolicy<cutlass::MatrixShape<int=4, int=8>, cutlass::layout::RowMajorInterleaved<int=2>, cutlass::gemm::GemmShape<int=4, int=4, int=1>>>, cutlass::epilogue::threadblock::SharedLoadIterator<cutlass::epilogue::threadblock::OutputTileOptimalThreadMap<cutlass::epilogue::threadblock::OutputTileShape<int=128, int=1, int=4, int=4, int=1>::CompactedThreadMap, cutlass::epilogue::threadblock::OutputTileShape<int=1, int=4, int=2, int=1, int=8>, int=256, int=1, int=32>, float, int=4>, cutlass::epilogue::thread::LinearCombination<float",29497
8.177528,0.001472,,,,,,,,,,112,72.562176,"Pageable","Device","Tesla V100-PCIE-32GB (0)","1","7","[CUDA memcpy HtoD]",29517
8.178207,0.020320,2048,1,1,384,1,1,16,0.000000,0.000000,,,,,"Tesla V100-PCIE-32GB (0)","1","7","void scal_kernel_val<double, double>(cublasScalParamsVal<double, double>)",29631
8.178635,8.081206,4,1597,1,256,1,1,124,0.000000,16.250000,,,,,"Tesla V100-PCIE-32GB (0)","1","7","void cutlass::Kernel<cutlass::gemm::kernel::Gemm<cutlass::gemm::threadblock::MmaPipelined<cutlass::gemm::GemmShape<int=128, int=128, int=8>, cutlass::transform::threadblock::PredicatedTileIterator<cutlass::MatrixShape<int=128, int=8>, float, cutlass::layout::RowMajor, int=1, cutlass::transform::PitchLinearStripminedThreadMap<cutlass::layout::PitchLinearShape<int=8, int=128>, int=256, int=1>, int=1>, cutlass::transform::threadblock::RegularTileIterator<cutlass::MatrixShape<int=128, int=8>, float, cutlass::layout::ColumnMajor, int=1, cutlass::transform::TransposePitchLinearThreadMapSimt<cutlass::transform::PitchLinearStripminedThreadMap<cutlass::layout::PitchLinearShape<int=8, int=128>, int=256, int=1>>, int=4>, cutlass::transform::threadblock::PredicatedTileIterator<cutlass::MatrixShape<int=8, int=128>, float, cutlass::layout::RowMajor, int=0, cutlass::transform::PitchLinearStripminedThreadMap<cutlass::layout::PitchLinearShape<int=128, int=8>, int=256, int=1>, int=1>, cutlass::transform::threadblock::RegularTileIterator<cutlass::MatrixShape<int=8, int=128>, float, cutlass::layout::RowMajor, int=0, cutlass::transform::PitchLinearStripminedThreadMap<cutlass::layout::PitchLinearShape<int=128, int=8>, int=256, int=1>, int=4>, float, cutlass::layout::RowMajor, cutlass::gemm::threadblock::MmaPolicy<cutlass::gemm::warp::MmaSimt<cutlass::gemm::GemmShape<int=32, int=64, int=8>, float, cutlass::layout::ColumnMajor, float, cutlass::layout::RowMajor, float, cutlass::layout::RowMajor, cutlass::gemm::warp::MmaSimtPolicy<cutlass::MatrixShape<int=4, int=8>, cutlass::layout::RowMajorInterleaved<int=2>, cutlass::gemm::GemmShape<int=4, int=4, int=1>>, int=1, bool>, cutlass::MatrixShape<int=4, int=0>, cutlass::MatrixShape<int=0, int=0>, int=1>, cutlass::NumericArrayConverter<float, float, int=4, cutlass::FloatRoundStyle>, cutlass::NumericArrayConverter<float, float, int=4, cutlass::FloatRoundStyle>, bool>, cutlass::epilogue::threadblock::Epilogue<cutlass::gemm::GemmShape<int=128, int=128, int=8>, cutlass::gemm::warp::MmaSimt<cutlass::gemm::GemmShape<int=32, int=64, int=8>, float, cutlass::layout::ColumnMajor, float, cutlass::layout::RowMajor, float, cutlass::layout::RowMajor, cutlass::gemm::warp::MmaSimtPolicy<cutlass::MatrixShape<int=4, int=8>, cutlass::layout::RowMajorInterleaved<int=2>, cutlass::gemm::GemmShape<int=4, int=4, int=1>>, int=1, bool>, int=1, cutlass::epilogue::threadblock::PredicatedTileIterator<cutlass::epilogue::threadblock::OutputTileOptimalThreadMap<cutlass::epilogue::threadblock::OutputTileShape<int=128, int=1, int=4, int=4, int=1>, cutlass::epilogue::threadblock::OutputTileShape<int=1, int=4, int=2, int=1, int=8>, int=256, int=1, int=32>, float>, cutlass::epilogue::warp::FragmentIteratorSimt<cutlass::gemm::GemmShape<int=32, int=64, int=8>, cutlass::gemm::thread::Mma<cutlass::gemm::GemmShape<int=8, int=8, int=1>, float, cutlass::layout::ColumnMajor, float, cutlass::layout::RowMajor, float, cutlass::layout::RowMajor, cutlass::arch::OpMultiplyAdd, bool>, cutlass::layout::RowMajor, cutlass::gemm::warp::MmaSimtPolicy<cutlass::MatrixShape<int=4, int=8>, cutlass::layout::RowMajorInterleaved<int=2>, cutlass::gemm::GemmShape<int=4, int=4, int=1>>>, cutlass::epilogue::warp::TileIteratorSimt<cutlass::gemm::GemmShape<int=32, int=64, int=8>, cutlass::gemm::thread::Mma<cutlass::gemm::GemmShape<int=8, int=8, int=1>, float, cutlass::layout::ColumnMajor, float, cutlass::layout::RowMajor, float, cutlass::layout::RowMajor, cutlass::arch::OpMultiplyAdd, bool>, float, cutlass::layout::RowMajor, cutlass::gemm::warp::MmaSimtPolicy<cutlass::MatrixShape<int=4, int=8>, cutlass::layout::RowMajorInterleaved<int=2>, cutlass::gemm::GemmShape<int=4, int=4, int=1>>>, cutlass::epilogue::threadblock::SharedLoadIterator<cutlass::epilogue::threadblock::OutputTileOptimalThreadMap<cutlass::epilogue::threadblock::OutputTileShape<int=128, int=1, int=4, int=4, int=1>::CompactedThreadMap, cutlass::epilogue::threadblock::OutputTileShape<int=1, int=4, int=2, int=1, int=8>, int=256, int=1, int=32>, float, int=4>, cutlass::epilogue::thread::LinearCombination<float",29660
8.186725,0.001504,,,,,,,,,,112,71.018300,"Pageable","Device","Tesla V100-PCIE-32GB (0)","1","7","[CUDA memcpy HtoD]",29680
8.187371,0.019680,2048,1,1,384,1,1,16,0.000000,0.000000,,,,,"Tesla V100-PCIE-32GB (0)","1","7","void scal_kernel_val<double, double>(cublasScalParamsVal<double, double>)",29794
8.187820,8.077751,4,1597,1,256,1,1,124,0.000000,16.250000,,,,,"Tesla V100-PCIE-32GB (0)","1","7","void cutlass::Kernel<cutlass::gemm::kernel::Gemm<cutlass::gemm::threadblock::MmaPipelined<cutlass::gemm::GemmShape<int=128, int=128, int=8>, cutlass::transform::threadblock::PredicatedTileIterator<cutlass::MatrixShape<int=128, int=8>, float, cutlass::layout::RowMajor, int=1, cutlass::transform::PitchLinearStripminedThreadMap<cutlass::layout::PitchLinearShape<int=8, int=128>, int=256, int=1>, int=1>, cutlass::transform::threadblock::RegularTileIterator<cutlass::MatrixShape<int=128, int=8>, float, cutlass::layout::ColumnMajor, int=1, cutlass::transform::TransposePitchLinearThreadMapSimt<cutlass::transform::PitchLinearStripminedThreadMap<cutlass::layout::PitchLinearShape<int=8, int=128>, int=256, int=1>>, int=4>, cutlass::transform::threadblock::PredicatedTileIterator<cutlass::MatrixShape<int=8, int=128>, float, cutlass::layout::RowMajor, int=0, cutlass::transform::PitchLinearStripminedThreadMap<cutlass::layout::PitchLinearShape<int=128, int=8>, int=256, int=1>, int=1>, cutlass::transform::threadblock::RegularTileIterator<cutlass::MatrixShape<int=8, int=128>, float, cutlass::layout::RowMajor, int=0, cutlass::transform::PitchLinearStripminedThreadMap<cutlass::layout::PitchLinearShape<int=128, int=8>, int=256, int=1>, int=4>, float, cutlass::layout::RowMajor, cutlass::gemm::threadblock::MmaPolicy<cutlass::gemm::warp::MmaSimt<cutlass::gemm::GemmShape<int=32, int=64, int=8>, float, cutlass::layout::ColumnMajor, float, cutlass::layout::RowMajor, float, cutlass::layout::RowMajor, cutlass::gemm::warp::MmaSimtPolicy<cutlass::MatrixShape<int=4, int=8>, cutlass::layout::RowMajorInterleaved<int=2>, cutlass::gemm::GemmShape<int=4, int=4, int=1>>, int=1, bool>, cutlass::MatrixShape<int=4, int=0>, cutlass::MatrixShape<int=0, int=0>, int=1>, cutlass::NumericArrayConverter<float, float, int=4, cutlass::FloatRoundStyle>, cutlass::NumericArrayConverter<float, float, int=4, cutlass::FloatRoundStyle>, bool>, cutlass::epilogue::threadblock::Epilogue<cutlass::gemm::GemmShape<int=128, int=128, int=8>, cutlass::gemm::warp::MmaSimt<cutlass::gemm::GemmShape<int=32, int=64, int=8>, float, cutlass::layout::ColumnMajor, float, cutlass::layout::RowMajor, float, cutlass::layout::RowMajor, cutlass::gemm::warp::MmaSimtPolicy<cutlass::MatrixShape<int=4, int=8>, cutlass::layout::RowMajorInterleaved<int=2>, cutlass::gemm::GemmShape<int=4, int=4, int=1>>, int=1, bool>, int=1, cutlass::epilogue::threadblock::PredicatedTileIterator<cutlass::epilogue::threadblock::OutputTileOptimalThreadMap<cutlass::epilogue::threadblock::OutputTileShape<int=128, int=1, int=4, int=4, int=1>, cutlass::epilogue::threadblock::OutputTileShape<int=1, int=4, int=2, int=1, int=8>, int=256, int=1, int=32>, float>, cutlass::epilogue::warp::FragmentIteratorSimt<cutlass::gemm::GemmShape<int=32, int=64, int=8>, cutlass::gemm::thread::Mma<cutlass::gemm::GemmShape<int=8, int=8, int=1>, float, cutlass::layout::ColumnMajor, float, cutlass::layout::RowMajor, float, cutlass::layout::RowMajor, cutlass::arch::OpMultiplyAdd, bool>, cutlass::layout::RowMajor, cutlass::gemm::warp::MmaSimtPolicy<cutlass::MatrixShape<int=4, int=8>, cutlass::layout::RowMajorInterleaved<int=2>, cutlass::gemm::GemmShape<int=4, int=4, int=1>>>, cutlass::epilogue::warp::TileIteratorSimt<cutlass::gemm::GemmShape<int=32, int=64, int=8>, cutlass::gemm::thread::Mma<cutlass::gemm::GemmShape<int=8, int=8, int=1>, float, cutlass::layout::ColumnMajor, float, cutlass::layout::RowMajor, float, cutlass::layout::RowMajor, cutlass::arch::OpMultiplyAdd, bool>, float, cutlass::layout::RowMajor, cutlass::gemm::warp::MmaSimtPolicy<cutlass::MatrixShape<int=4, int=8>, cutlass::layout::RowMajorInterleaved<int=2>, cutlass::gemm::GemmShape<int=4, int=4, int=1>>>, cutlass::epilogue::threadblock::SharedLoadIterator<cutlass::epilogue::threadblock::OutputTileOptimalThreadMap<cutlass::epilogue::threadblock::OutputTileShape<int=128, int=1, int=4, int=4, int=1>::CompactedThreadMap, cutlass::epilogue::threadblock::OutputTileShape<int=1, int=4, int=2, int=1, int=8>, int=256, int=1, int=32>, float, int=4>, cutlass::epilogue::thread::LinearCombination<float",29823
8.195907,0.001504,,,,,,,,,,112,71.018300,"Pageable","Device","Tesla V100-PCIE-32GB (0)","1","7","[CUDA memcpy HtoD]",29843
8.197915,0.020128,2048,1,1,384,1,1,16,0.000000,0.000000,,,,,"Tesla V100-PCIE-32GB (0)","1","7","void scal_kernel_val<double, double>(cublasScalParamsVal<double, double>)",29957
8.198343,8.079415,4,1597,1,256,1,1,124,0.000000,16.250000,,,,,"Tesla V100-PCIE-32GB (0)","1","7","void cutlass::Kernel<cutlass::gemm::kernel::Gemm<cutlass::gemm::threadblock::MmaPipelined<cutlass::gemm::GemmShape<int=128, int=128, int=8>, cutlass::transform::threadblock::PredicatedTileIterator<cutlass::MatrixShape<int=128, int=8>, float, cutlass::layout::RowMajor, int=1, cutlass::transform::PitchLinearStripminedThreadMap<cutlass::layout::PitchLinearShape<int=8, int=128>, int=256, int=1>, int=1>, cutlass::transform::threadblock::RegularTileIterator<cutlass::MatrixShape<int=128, int=8>, float, cutlass::layout::ColumnMajor, int=1, cutlass::transform::TransposePitchLinearThreadMapSimt<cutlass::transform::PitchLinearStripminedThreadMap<cutlass::layout::PitchLinearShape<int=8, int=128>, int=256, int=1>>, int=4>, cutlass::transform::threadblock::PredicatedTileIterator<cutlass::MatrixShape<int=8, int=128>, float, cutlass::layout::RowMajor, int=0, cutlass::transform::PitchLinearStripminedThreadMap<cutlass::layout::PitchLinearShape<int=128, int=8>, int=256, int=1>, int=1>, cutlass::transform::threadblock::RegularTileIterator<cutlass::MatrixShape<int=8, int=128>, float, cutlass::layout::RowMajor, int=0, cutlass::transform::PitchLinearStripminedThreadMap<cutlass::layout::PitchLinearShape<int=128, int=8>, int=256, int=1>, int=4>, float, cutlass::layout::RowMajor, cutlass::gemm::threadblock::MmaPolicy<cutlass::gemm::warp::MmaSimt<cutlass::gemm::GemmShape<int=32, int=64, int=8>, float, cutlass::layout::ColumnMajor, float, cutlass::layout::RowMajor, float, cutlass::layout::RowMajor, cutlass::gemm::warp::MmaSimtPolicy<cutlass::MatrixShape<int=4, int=8>, cutlass::layout::RowMajorInterleaved<int=2>, cutlass::gemm::GemmShape<int=4, int=4, int=1>>, int=1, bool>, cutlass::MatrixShape<int=4, int=0>, cutlass::MatrixShape<int=0, int=0>, int=1>, cutlass::NumericArrayConverter<float, float, int=4, cutlass::FloatRoundStyle>, cutlass::NumericArrayConverter<float, float, int=4, cutlass::FloatRoundStyle>, bool>, cutlass::epilogue::threadblock::Epilogue<cutlass::gemm::GemmShape<int=128, int=128, int=8>, cutlass::gemm::warp::MmaSimt<cutlass::gemm::GemmShape<int=32, int=64, int=8>, float, cutlass::layout::ColumnMajor, float, cutlass::layout::RowMajor, float, cutlass::layout::RowMajor, cutlass::gemm::warp::MmaSimtPolicy<cutlass::MatrixShape<int=4, int=8>, cutlass::layout::RowMajorInterleaved<int=2>, cutlass::gemm::GemmShape<int=4, int=4, int=1>>, int=1, bool>, int=1, cutlass::epilogue::threadblock::PredicatedTileIterator<cutlass::epilogue::threadblock::OutputTileOptimalThreadMap<cutlass::epilogue::threadblock::OutputTileShape<int=128, int=1, int=4, int=4, int=1>, cutlass::epilogue::threadblock::OutputTileShape<int=1, int=4, int=2, int=1, int=8>, int=256, int=1, int=32>, float>, cutlass::epilogue::warp::FragmentIteratorSimt<cutlass::gemm::GemmShape<int=32, int=64, int=8>, cutlass::gemm::thread::Mma<cutlass::gemm::GemmShape<int=8, int=8, int=1>, float, cutlass::layout::ColumnMajor, float, cutlass::layout::RowMajor, float, cutlass::layout::RowMajor, cutlass::arch::OpMultiplyAdd, bool>, cutlass::layout::RowMajor, cutlass::gemm::warp::MmaSimtPolicy<cutlass::MatrixShape<int=4, int=8>, cutlass::layout::RowMajorInterleaved<int=2>, cutlass::gemm::GemmShape<int=4, int=4, int=1>>>, cutlass::epilogue::warp::TileIteratorSimt<cutlass::gemm::GemmShape<int=32, int=64, int=8>, cutlass::gemm::thread::Mma<cutlass::gemm::GemmShape<int=8, int=8, int=1>, float, cutlass::layout::ColumnMajor, float, cutlass::layout::RowMajor, float, cutlass::layout::RowMajor, cutlass::arch::OpMultiplyAdd, bool>, float, cutlass::layout::RowMajor, cutlass::gemm::warp::MmaSimtPolicy<cutlass::MatrixShape<int=4, int=8>, cutlass::layout::RowMajorInterleaved<int=2>, cutlass::gemm::GemmShape<int=4, int=4, int=1>>>, cutlass::epilogue::threadblock::SharedLoadIterator<cutlass::epilogue::threadblock::OutputTileOptimalThreadMap<cutlass::epilogue::threadblock::OutputTileShape<int=128, int=1, int=4, int=4, int=1>::CompactedThreadMap, cutlass::epilogue::threadblock::OutputTileShape<int=1, int=4, int=2, int=1, int=8>, int=256, int=1, int=32>, float, int=4>, cutlass::epilogue::thread::LinearCombination<float",29986
8.206431,0.001504,,,,,,,,,,112,71.018300,"Pageable","Device","Tesla V100-PCIE-32GB (0)","1","7","[CUDA memcpy HtoD]",30006
8.207082,0.019680,2048,1,1,384,1,1,16,0.000000,0.000000,,,,,"Tesla V100-PCIE-32GB (0)","1","7","void scal_kernel_val<double, double>(cublasScalParamsVal<double, double>)",30120
8.207528,8.076470,4,1597,1,256,1,1,124,0.000000,16.250000,,,,,"Tesla V100-PCIE-32GB (0)","1","7","void cutlass::Kernel<cutlass::gemm::kernel::Gemm<cutlass::gemm::threadblock::MmaPipelined<cutlass::gemm::GemmShape<int=128, int=128, int=8>, cutlass::transform::threadblock::PredicatedTileIterator<cutlass::MatrixShape<int=128, int=8>, float, cutlass::layout::RowMajor, int=1, cutlass::transform::PitchLinearStripminedThreadMap<cutlass::layout::PitchLinearShape<int=8, int=128>, int=256, int=1>, int=1>, cutlass::transform::threadblock::RegularTileIterator<cutlass::MatrixShape<int=128, int=8>, float, cutlass::layout::ColumnMajor, int=1, cutlass::transform::TransposePitchLinearThreadMapSimt<cutlass::transform::PitchLinearStripminedThreadMap<cutlass::layout::PitchLinearShape<int=8, int=128>, int=256, int=1>>, int=4>, cutlass::transform::threadblock::PredicatedTileIterator<cutlass::MatrixShape<int=8, int=128>, float, cutlass::layout::RowMajor, int=0, cutlass::transform::PitchLinearStripminedThreadMap<cutlass::layout::PitchLinearShape<int=128, int=8>, int=256, int=1>, int=1>, cutlass::transform::threadblock::RegularTileIterator<cutlass::MatrixShape<int=8, int=128>, float, cutlass::layout::RowMajor, int=0, cutlass::transform::PitchLinearStripminedThreadMap<cutlass::layout::PitchLinearShape<int=128, int=8>, int=256, int=1>, int=4>, float, cutlass::layout::RowMajor, cutlass::gemm::threadblock::MmaPolicy<cutlass::gemm::warp::MmaSimt<cutlass::gemm::GemmShape<int=32, int=64, int=8>, float, cutlass::layout::ColumnMajor, float, cutlass::layout::RowMajor, float, cutlass::layout::RowMajor, cutlass::gemm::warp::MmaSimtPolicy<cutlass::MatrixShape<int=4, int=8>, cutlass::layout::RowMajorInterleaved<int=2>, cutlass::gemm::GemmShape<int=4, int=4, int=1>>, int=1, bool>, cutlass::MatrixShape<int=4, int=0>, cutlass::MatrixShape<int=0, int=0>, int=1>, cutlass::NumericArrayConverter<float, float, int=4, cutlass::FloatRoundStyle>, cutlass::NumericArrayConverter<float, float, int=4, cutlass::FloatRoundStyle>, bool>, cutlass::epilogue::threadblock::Epilogue<cutlass::gemm::GemmShape<int=128, int=128, int=8>, cutlass::gemm::warp::MmaSimt<cutlass::gemm::GemmShape<int=32, int=64, int=8>, float, cutlass::layout::ColumnMajor, float, cutlass::layout::RowMajor, float, cutlass::layout::RowMajor, cutlass::gemm::warp::MmaSimtPolicy<cutlass::MatrixShape<int=4, int=8>, cutlass::layout::RowMajorInterleaved<int=2>, cutlass::gemm::GemmShape<int=4, int=4, int=1>>, int=1, bool>, int=1, cutlass::epilogue::threadblock::PredicatedTileIterator<cutlass::epilogue::threadblock::OutputTileOptimalThreadMap<cutlass::epilogue::threadblock::OutputTileShape<int=128, int=1, int=4, int=4, int=1>, cutlass::epilogue::threadblock::OutputTileShape<int=1, int=4, int=2, int=1, int=8>, int=256, int=1, int=32>, float>, cutlass::epilogue::warp::FragmentIteratorSimt<cutlass::gemm::GemmShape<int=32, int=64, int=8>, cutlass::gemm::thread::Mma<cutlass::gemm::GemmShape<int=8, int=8, int=1>, float, cutlass::layout::ColumnMajor, float, cutlass::layout::RowMajor, float, cutlass::layout::RowMajor, cutlass::arch::OpMultiplyAdd, bool>, cutlass::layout::RowMajor, cutlass::gemm::warp::MmaSimtPolicy<cutlass::MatrixShape<int=4, int=8>, cutlass::layout::RowMajorInterleaved<int=2>, cutlass::gemm::GemmShape<int=4, int=4, int=1>>>, cutlass::epilogue::warp::TileIteratorSimt<cutlass::gemm::GemmShape<int=32, int=64, int=8>, cutlass::gemm::thread::Mma<cutlass::gemm::GemmShape<int=8, int=8, int=1>, float, cutlass::layout::ColumnMajor, float, cutlass::layout::RowMajor, float, cutlass::layout::RowMajor, cutlass::arch::OpMultiplyAdd, bool>, float, cutlass::layout::RowMajor, cutlass::gemm::warp::MmaSimtPolicy<cutlass::MatrixShape<int=4, int=8>, cutlass::layout::RowMajorInterleaved<int=2>, cutlass::gemm::GemmShape<int=4, int=4, int=1>>>, cutlass::epilogue::threadblock::SharedLoadIterator<cutlass::epilogue::threadblock::OutputTileOptimalThreadMap<cutlass::epilogue::threadblock::OutputTileShape<int=128, int=1, int=4, int=4, int=1>::CompactedThreadMap, cutlass::epilogue::threadblock::OutputTileShape<int=1, int=4, int=2, int=1, int=8>, int=256, int=1, int=32>, float, int=4>, cutlass::epilogue::thread::LinearCombination<float",30149
8.215615,0.001472,,,,,,,,,,112,72.562176,"Pageable","Device","Tesla V100-PCIE-32GB (0)","1","7","[CUDA memcpy HtoD]",30169
8.216256,0.020032,2048,1,1,384,1,1,16,0.000000,0.000000,,,,,"Tesla V100-PCIE-32GB (0)","1","7","void scal_kernel_val<double, double>(cublasScalParamsVal<double, double>)",30283
8.216682,8.078423,4,1597,1,256,1,1,124,0.000000,16.250000,,,,,"Tesla V100-PCIE-32GB (0)","1","7","void cutlass::Kernel<cutlass::gemm::kernel::Gemm<cutlass::gemm::threadblock::MmaPipelined<cutlass::gemm::GemmShape<int=128, int=128, int=8>, cutlass::transform::threadblock::PredicatedTileIterator<cutlass::MatrixShape<int=128, int=8>, float, cutlass::layout::RowMajor, int=1, cutlass::transform::PitchLinearStripminedThreadMap<cutlass::layout::PitchLinearShape<int=8, int=128>, int=256, int=1>, int=1>, cutlass::transform::threadblock::RegularTileIterator<cutlass::MatrixShape<int=128, int=8>, float, cutlass::layout::ColumnMajor, int=1, cutlass::transform::TransposePitchLinearThreadMapSimt<cutlass::transform::PitchLinearStripminedThreadMap<cutlass::layout::PitchLinearShape<int=8, int=128>, int=256, int=1>>, int=4>, cutlass::transform::threadblock::PredicatedTileIterator<cutlass::MatrixShape<int=8, int=128>, float, cutlass::layout::RowMajor, int=0, cutlass::transform::PitchLinearStripminedThreadMap<cutlass::layout::PitchLinearShape<int=128, int=8>, int=256, int=1>, int=1>, cutlass::transform::threadblock::RegularTileIterator<cutlass::MatrixShape<int=8, int=128>, float, cutlass::layout::RowMajor, int=0, cutlass::transform::PitchLinearStripminedThreadMap<cutlass::layout::PitchLinearShape<int=128, int=8>, int=256, int=1>, int=4>, float, cutlass::layout::RowMajor, cutlass::gemm::threadblock::MmaPolicy<cutlass::gemm::warp::MmaSimt<cutlass::gemm::GemmShape<int=32, int=64, int=8>, float, cutlass::layout::ColumnMajor, float, cutlass::layout::RowMajor, float, cutlass::layout::RowMajor, cutlass::gemm::warp::MmaSimtPolicy<cutlass::MatrixShape<int=4, int=8>, cutlass::layout::RowMajorInterleaved<int=2>, cutlass::gemm::GemmShape<int=4, int=4, int=1>>, int=1, bool>, cutlass::MatrixShape<int=4, int=0>, cutlass::MatrixShape<int=0, int=0>, int=1>, cutlass::NumericArrayConverter<float, float, int=4, cutlass::FloatRoundStyle>, cutlass::NumericArrayConverter<float, float, int=4, cutlass::FloatRoundStyle>, bool>, cutlass::epilogue::threadblock::Epilogue<cutlass::gemm::GemmShape<int=128, int=128, int=8>, cutlass::gemm::warp::MmaSimt<cutlass::gemm::GemmShape<int=32, int=64, int=8>, float, cutlass::layout::ColumnMajor, float, cutlass::layout::RowMajor, float, cutlass::layout::RowMajor, cutlass::gemm::warp::MmaSimtPolicy<cutlass::MatrixShape<int=4, int=8>, cutlass::layout::RowMajorInterleaved<int=2>, cutlass::gemm::GemmShape<int=4, int=4, int=1>>, int=1, bool>, int=1, cutlass::epilogue::threadblock::PredicatedTileIterator<cutlass::epilogue::threadblock::OutputTileOptimalThreadMap<cutlass::epilogue::threadblock::OutputTileShape<int=128, int=1, int=4, int=4, int=1>, cutlass::epilogue::threadblock::OutputTileShape<int=1, int=4, int=2, int=1, int=8>, int=256, int=1, int=32>, float>, cutlass::epilogue::warp::FragmentIteratorSimt<cutlass::gemm::GemmShape<int=32, int=64, int=8>, cutlass::gemm::thread::Mma<cutlass::gemm::GemmShape<int=8, int=8, int=1>, float, cutlass::layout::ColumnMajor, float, cutlass::layout::RowMajor, float, cutlass::layout::RowMajor, cutlass::arch::OpMultiplyAdd, bool>, cutlass::layout::RowMajor, cutlass::gemm::warp::MmaSimtPolicy<cutlass::MatrixShape<int=4, int=8>, cutlass::layout::RowMajorInterleaved<int=2>, cutlass::gemm::GemmShape<int=4, int=4, int=1>>>, cutlass::epilogue::warp::TileIteratorSimt<cutlass::gemm::GemmShape<int=32, int=64, int=8>, cutlass::gemm::thread::Mma<cutlass::gemm::GemmShape<int=8, int=8, int=1>, float, cutlass::layout::ColumnMajor, float, cutlass::layout::RowMajor, float, cutlass::layout::RowMajor, cutlass::arch::OpMultiplyAdd, bool>, float, cutlass::layout::RowMajor, cutlass::gemm::warp::MmaSimtPolicy<cutlass::MatrixShape<int=4, int=8>, cutlass::layout::RowMajorInterleaved<int=2>, cutlass::gemm::GemmShape<int=4, int=4, int=1>>>, cutlass::epilogue::threadblock::SharedLoadIterator<cutlass::epilogue::threadblock::OutputTileOptimalThreadMap<cutlass::epilogue::threadblock::OutputTileShape<int=128, int=1, int=4, int=4, int=1>::CompactedThreadMap, cutlass::epilogue::threadblock::OutputTileShape<int=1, int=4, int=2, int=1, int=8>, int=256, int=1, int=32>, float, int=4>, cutlass::epilogue::thread::LinearCombination<float",30312
8.224769,0.001504,,,,,,,,,,112,71.018300,"Pageable","Device","Tesla V100-PCIE-32GB (0)","1","7","[CUDA memcpy HtoD]",30332
8.225406,0.019616,2048,1,1,384,1,1,16,0.000000,0.000000,,,,,"Tesla V100-PCIE-32GB (0)","1","7","void scal_kernel_val<double, double>(cublasScalParamsVal<double, double>)",30446
8.225839,8.075894,4,1597,1,256,1,1,124,0.000000,16.250000,,,,,"Tesla V100-PCIE-32GB (0)","1","7","void cutlass::Kernel<cutlass::gemm::kernel::Gemm<cutlass::gemm::threadblock::MmaPipelined<cutlass::gemm::GemmShape<int=128, int=128, int=8>, cutlass::transform::threadblock::PredicatedTileIterator<cutlass::MatrixShape<int=128, int=8>, float, cutlass::layout::RowMajor, int=1, cutlass::transform::PitchLinearStripminedThreadMap<cutlass::layout::PitchLinearShape<int=8, int=128>, int=256, int=1>, int=1>, cutlass::transform::threadblock::RegularTileIterator<cutlass::MatrixShape<int=128, int=8>, float, cutlass::layout::ColumnMajor, int=1, cutlass::transform::TransposePitchLinearThreadMapSimt<cutlass::transform::PitchLinearStripminedThreadMap<cutlass::layout::PitchLinearShape<int=8, int=128>, int=256, int=1>>, int=4>, cutlass::transform::threadblock::PredicatedTileIterator<cutlass::MatrixShape<int=8, int=128>, float, cutlass::layout::RowMajor, int=0, cutlass::transform::PitchLinearStripminedThreadMap<cutlass::layout::PitchLinearShape<int=128, int=8>, int=256, int=1>, int=1>, cutlass::transform::threadblock::RegularTileIterator<cutlass::MatrixShape<int=8, int=128>, float, cutlass::layout::RowMajor, int=0, cutlass::transform::PitchLinearStripminedThreadMap<cutlass::layout::PitchLinearShape<int=128, int=8>, int=256, int=1>, int=4>, float, cutlass::layout::RowMajor, cutlass::gemm::threadblock::MmaPolicy<cutlass::gemm::warp::MmaSimt<cutlass::gemm::GemmShape<int=32, int=64, int=8>, float, cutlass::layout::ColumnMajor, float, cutlass::layout::RowMajor, float, cutlass::layout::RowMajor, cutlass::gemm::warp::MmaSimtPolicy<cutlass::MatrixShape<int=4, int=8>, cutlass::layout::RowMajorInterleaved<int=2>, cutlass::gemm::GemmShape<int=4, int=4, int=1>>, int=1, bool>, cutlass::MatrixShape<int=4, int=0>, cutlass::MatrixShape<int=0, int=0>, int=1>, cutlass::NumericArrayConverter<float, float, int=4, cutlass::FloatRoundStyle>, cutlass::NumericArrayConverter<float, float, int=4, cutlass::FloatRoundStyle>, bool>, cutlass::epilogue::threadblock::Epilogue<cutlass::gemm::GemmShape<int=128, int=128, int=8>, cutlass::gemm::warp::MmaSimt<cutlass::gemm::GemmShape<int=32, int=64, int=8>, float, cutlass::layout::ColumnMajor, float, cutlass::layout::RowMajor, float, cutlass::layout::RowMajor, cutlass::gemm::warp::MmaSimtPolicy<cutlass::MatrixShape<int=4, int=8>, cutlass::layout::RowMajorInterleaved<int=2>, cutlass::gemm::GemmShape<int=4, int=4, int=1>>, int=1, bool>, int=1, cutlass::epilogue::threadblock::PredicatedTileIterator<cutlass::epilogue::threadblock::OutputTileOptimalThreadMap<cutlass::epilogue::threadblock::OutputTileShape<int=128, int=1, int=4, int=4, int=1>, cutlass::epilogue::threadblock::OutputTileShape<int=1, int=4, int=2, int=1, int=8>, int=256, int=1, int=32>, float>, cutlass::epilogue::warp::FragmentIteratorSimt<cutlass::gemm::GemmShape<int=32, int=64, int=8>, cutlass::gemm::thread::Mma<cutlass::gemm::GemmShape<int=8, int=8, int=1>, float, cutlass::layout::ColumnMajor, float, cutlass::layout::RowMajor, float, cutlass::layout::RowMajor, cutlass::arch::OpMultiplyAdd, bool>, cutlass::layout::RowMajor, cutlass::gemm::warp::MmaSimtPolicy<cutlass::MatrixShape<int=4, int=8>, cutlass::layout::RowMajorInterleaved<int=2>, cutlass::gemm::GemmShape<int=4, int=4, int=1>>>, cutlass::epilogue::warp::TileIteratorSimt<cutlass::gemm::GemmShape<int=32, int=64, int=8>, cutlass::gemm::thread::Mma<cutlass::gemm::GemmShape<int=8, int=8, int=1>, float, cutlass::layout::ColumnMajor, float, cutlass::layout::RowMajor, float, cutlass::layout::RowMajor, cutlass::arch::OpMultiplyAdd, bool>, float, cutlass::layout::RowMajor, cutlass::gemm::warp::MmaSimtPolicy<cutlass::MatrixShape<int=4, int=8>, cutlass::layout::RowMajorInterleaved<int=2>, cutlass::gemm::GemmShape<int=4, int=4, int=1>>>, cutlass::epilogue::threadblock::SharedLoadIterator<cutlass::epilogue::threadblock::OutputTileOptimalThreadMap<cutlass::epilogue::threadblock::OutputTileShape<int=128, int=1, int=4, int=4, int=1>::CompactedThreadMap, cutlass::epilogue::threadblock::OutputTileShape<int=1, int=4, int=2, int=1, int=8>, int=256, int=1, int=32>, float, int=4>, cutlass::epilogue::thread::LinearCombination<float",30475
8.233923,0.001504,,,,,,,,,,112,71.018300,"Pageable","Device","Tesla V100-PCIE-32GB (0)","1","7","[CUDA memcpy HtoD]",30495
8.234589,0.019872,2048,1,1,384,1,1,16,0.000000,0.000000,,,,,"Tesla V100-PCIE-32GB (0)","1","7","void scal_kernel_val<double, double>(cublasScalParamsVal<double, double>)",30609
8.235022,8.076311,4,1597,1,256,1,1,124,0.000000,16.250000,,,,,"Tesla V100-PCIE-32GB (0)","1","7","void cutlass::Kernel<cutlass::gemm::kernel::Gemm<cutlass::gemm::threadblock::MmaPipelined<cutlass::gemm::GemmShape<int=128, int=128, int=8>, cutlass::transform::threadblock::PredicatedTileIterator<cutlass::MatrixShape<int=128, int=8>, float, cutlass::layout::RowMajor, int=1, cutlass::transform::PitchLinearStripminedThreadMap<cutlass::layout::PitchLinearShape<int=8, int=128>, int=256, int=1>, int=1>, cutlass::transform::threadblock::RegularTileIterator<cutlass::MatrixShape<int=128, int=8>, float, cutlass::layout::ColumnMajor, int=1, cutlass::transform::TransposePitchLinearThreadMapSimt<cutlass::transform::PitchLinearStripminedThreadMap<cutlass::layout::PitchLinearShape<int=8, int=128>, int=256, int=1>>, int=4>, cutlass::transform::threadblock::PredicatedTileIterator<cutlass::MatrixShape<int=8, int=128>, float, cutlass::layout::RowMajor, int=0, cutlass::transform::PitchLinearStripminedThreadMap<cutlass::layout::PitchLinearShape<int=128, int=8>, int=256, int=1>, int=1>, cutlass::transform::threadblock::RegularTileIterator<cutlass::MatrixShape<int=8, int=128>, float, cutlass::layout::RowMajor, int=0, cutlass::transform::PitchLinearStripminedThreadMap<cutlass::layout::PitchLinearShape<int=128, int=8>, int=256, int=1>, int=4>, float, cutlass::layout::RowMajor, cutlass::gemm::threadblock::MmaPolicy<cutlass::gemm::warp::MmaSimt<cutlass::gemm::GemmShape<int=32, int=64, int=8>, float, cutlass::layout::ColumnMajor, float, cutlass::layout::RowMajor, float, cutlass::layout::RowMajor, cutlass::gemm::warp::MmaSimtPolicy<cutlass::MatrixShape<int=4, int=8>, cutlass::layout::RowMajorInterleaved<int=2>, cutlass::gemm::GemmShape<int=4, int=4, int=1>>, int=1, bool>, cutlass::MatrixShape<int=4, int=0>, cutlass::MatrixShape<int=0, int=0>, int=1>, cutlass::NumericArrayConverter<float, float, int=4, cutlass::FloatRoundStyle>, cutlass::NumericArrayConverter<float, float, int=4, cutlass::FloatRoundStyle>, bool>, cutlass::epilogue::threadblock::Epilogue<cutlass::gemm::GemmShape<int=128, int=128, int=8>, cutlass::gemm::warp::MmaSimt<cutlass::gemm::GemmShape<int=32, int=64, int=8>, float, cutlass::layout::ColumnMajor, float, cutlass::layout::RowMajor, float, cutlass::layout::RowMajor, cutlass::gemm::warp::MmaSimtPolicy<cutlass::MatrixShape<int=4, int=8>, cutlass::layout::RowMajorInterleaved<int=2>, cutlass::gemm::GemmShape<int=4, int=4, int=1>>, int=1, bool>, int=1, cutlass::epilogue::threadblock::PredicatedTileIterator<cutlass::epilogue::threadblock::OutputTileOptimalThreadMap<cutlass::epilogue::threadblock::OutputTileShape<int=128, int=1, int=4, int=4, int=1>, cutlass::epilogue::threadblock::OutputTileShape<int=1, int=4, int=2, int=1, int=8>, int=256, int=1, int=32>, float>, cutlass::epilogue::warp::FragmentIteratorSimt<cutlass::gemm::GemmShape<int=32, int=64, int=8>, cutlass::gemm::thread::Mma<cutlass::gemm::GemmShape<int=8, int=8, int=1>, float, cutlass::layout::ColumnMajor, float, cutlass::layout::RowMajor, float, cutlass::layout::RowMajor, cutlass::arch::OpMultiplyAdd, bool>, cutlass::layout::RowMajor, cutlass::gemm::warp::MmaSimtPolicy<cutlass::MatrixShape<int=4, int=8>, cutlass::layout::RowMajorInterleaved<int=2>, cutlass::gemm::GemmShape<int=4, int=4, int=1>>>, cutlass::epilogue::warp::TileIteratorSimt<cutlass::gemm::GemmShape<int=32, int=64, int=8>, cutlass::gemm::thread::Mma<cutlass::gemm::GemmShape<int=8, int=8, int=1>, float, cutlass::layout::ColumnMajor, float, cutlass::layout::RowMajor, float, cutlass::layout::RowMajor, cutlass::arch::OpMultiplyAdd, bool>, float, cutlass::layout::RowMajor, cutlass::gemm::warp::MmaSimtPolicy<cutlass::MatrixShape<int=4, int=8>, cutlass::layout::RowMajorInterleaved<int=2>, cutlass::gemm::GemmShape<int=4, int=4, int=1>>>, cutlass::epilogue::threadblock::SharedLoadIterator<cutlass::epilogue::threadblock::OutputTileOptimalThreadMap<cutlass::epilogue::threadblock::OutputTileShape<int=128, int=1, int=4, int=4, int=1>::CompactedThreadMap, cutlass::epilogue::threadblock::OutputTileShape<int=1, int=4, int=2, int=1, int=8>, int=256, int=1, int=32>, float, int=4>, cutlass::epilogue::thread::LinearCombination<float",30638
8.243107,0.001472,,,,,,,,,,112,72.562176,"Pageable","Device","Tesla V100-PCIE-32GB (0)","1","7","[CUDA memcpy HtoD]",30658
8.243752,0.019808,2048,1,1,384,1,1,16,0.000000,0.000000,,,,,"Tesla V100-PCIE-32GB (0)","1","7","void scal_kernel_val<double, double>(cublasScalParamsVal<double, double>)",30772
8.244180,8.078166,4,1597,1,256,1,1,124,0.000000,16.250000,,,,,"Tesla V100-PCIE-32GB (0)","1","7","void cutlass::Kernel<cutlass::gemm::kernel::Gemm<cutlass::gemm::threadblock::MmaPipelined<cutlass::gemm::GemmShape<int=128, int=128, int=8>, cutlass::transform::threadblock::PredicatedTileIterator<cutlass::MatrixShape<int=128, int=8>, float, cutlass::layout::RowMajor, int=1, cutlass::transform::PitchLinearStripminedThreadMap<cutlass::layout::PitchLinearShape<int=8, int=128>, int=256, int=1>, int=1>, cutlass::transform::threadblock::RegularTileIterator<cutlass::MatrixShape<int=128, int=8>, float, cutlass::layout::ColumnMajor, int=1, cutlass::transform::TransposePitchLinearThreadMapSimt<cutlass::transform::PitchLinearStripminedThreadMap<cutlass::layout::PitchLinearShape<int=8, int=128>, int=256, int=1>>, int=4>, cutlass::transform::threadblock::PredicatedTileIterator<cutlass::MatrixShape<int=8, int=128>, float, cutlass::layout::RowMajor, int=0, cutlass::transform::PitchLinearStripminedThreadMap<cutlass::layout::PitchLinearShape<int=128, int=8>, int=256, int=1>, int=1>, cutlass::transform::threadblock::RegularTileIterator<cutlass::MatrixShape<int=8, int=128>, float, cutlass::layout::RowMajor, int=0, cutlass::transform::PitchLinearStripminedThreadMap<cutlass::layout::PitchLinearShape<int=128, int=8>, int=256, int=1>, int=4>, float, cutlass::layout::RowMajor, cutlass::gemm::threadblock::MmaPolicy<cutlass::gemm::warp::MmaSimt<cutlass::gemm::GemmShape<int=32, int=64, int=8>, float, cutlass::layout::ColumnMajor, float, cutlass::layout::RowMajor, float, cutlass::layout::RowMajor, cutlass::gemm::warp::MmaSimtPolicy<cutlass::MatrixShape<int=4, int=8>, cutlass::layout::RowMajorInterleaved<int=2>, cutlass::gemm::GemmShape<int=4, int=4, int=1>>, int=1, bool>, cutlass::MatrixShape<int=4, int=0>, cutlass::MatrixShape<int=0, int=0>, int=1>, cutlass::NumericArrayConverter<float, float, int=4, cutlass::FloatRoundStyle>, cutlass::NumericArrayConverter<float, float, int=4, cutlass::FloatRoundStyle>, bool>, cutlass::epilogue::threadblock::Epilogue<cutlass::gemm::GemmShape<int=128, int=128, int=8>, cutlass::gemm::warp::MmaSimt<cutlass::gemm::GemmShape<int=32, int=64, int=8>, float, cutlass::layout::ColumnMajor, float, cutlass::layout::RowMajor, float, cutlass::layout::RowMajor, cutlass::gemm::warp::MmaSimtPolicy<cutlass::MatrixShape<int=4, int=8>, cutlass::layout::RowMajorInterleaved<int=2>, cutlass::gemm::GemmShape<int=4, int=4, int=1>>, int=1, bool>, int=1, cutlass::epilogue::threadblock::PredicatedTileIterator<cutlass::epilogue::threadblock::OutputTileOptimalThreadMap<cutlass::epilogue::threadblock::OutputTileShape<int=128, int=1, int=4, int=4, int=1>, cutlass::epilogue::threadblock::OutputTileShape<int=1, int=4, int=2, int=1, int=8>, int=256, int=1, int=32>, float>, cutlass::epilogue::warp::FragmentIteratorSimt<cutlass::gemm::GemmShape<int=32, int=64, int=8>, cutlass::gemm::thread::Mma<cutlass::gemm::GemmShape<int=8, int=8, int=1>, float, cutlass::layout::ColumnMajor, float, cutlass::layout::RowMajor, float, cutlass::layout::RowMajor, cutlass::arch::OpMultiplyAdd, bool>, cutlass::layout::RowMajor, cutlass::gemm::warp::MmaSimtPolicy<cutlass::MatrixShape<int=4, int=8>, cutlass::layout::RowMajorInterleaved<int=2>, cutlass::gemm::GemmShape<int=4, int=4, int=1>>>, cutlass::epilogue::warp::TileIteratorSimt<cutlass::gemm::GemmShape<int=32, int=64, int=8>, cutlass::gemm::thread::Mma<cutlass::gemm::GemmShape<int=8, int=8, int=1>, float, cutlass::layout::ColumnMajor, float, cutlass::layout::RowMajor, float, cutlass::layout::RowMajor, cutlass::arch::OpMultiplyAdd, bool>, float, cutlass::layout::RowMajor, cutlass::gemm::warp::MmaSimtPolicy<cutlass::MatrixShape<int=4, int=8>, cutlass::layout::RowMajorInterleaved<int=2>, cutlass::gemm::GemmShape<int=4, int=4, int=1>>>, cutlass::epilogue::threadblock::SharedLoadIterator<cutlass::epilogue::threadblock::OutputTileOptimalThreadMap<cutlass::epilogue::threadblock::OutputTileShape<int=128, int=1, int=4, int=4, int=1>::CompactedThreadMap, cutlass::epilogue::threadblock::OutputTileShape<int=1, int=4, int=2, int=1, int=8>, int=256, int=1, int=32>, float, int=4>, cutlass::epilogue::thread::LinearCombination<float",30801
8.252267,0.001504,,,,,,,,,,112,71.018300,"Pageable","Device","Tesla V100-PCIE-32GB (0)","1","7","[CUDA memcpy HtoD]",30821
8.252906,0.020224,2048,1,1,384,1,1,16,0.000000,0.000000,,,,,"Tesla V100-PCIE-32GB (0)","1","7","void scal_kernel_val<double, double>(cublasScalParamsVal<double, double>)",30935
8.253332,8.075958,4,1597,1,256,1,1,124,0.000000,16.250000,,,,,"Tesla V100-PCIE-32GB (0)","1","7","void cutlass::Kernel<cutlass::gemm::kernel::Gemm<cutlass::gemm::threadblock::MmaPipelined<cutlass::gemm::GemmShape<int=128, int=128, int=8>, cutlass::transform::threadblock::PredicatedTileIterator<cutlass::MatrixShape<int=128, int=8>, float, cutlass::layout::RowMajor, int=1, cutlass::transform::PitchLinearStripminedThreadMap<cutlass::layout::PitchLinearShape<int=8, int=128>, int=256, int=1>, int=1>, cutlass::transform::threadblock::RegularTileIterator<cutlass::MatrixShape<int=128, int=8>, float, cutlass::layout::ColumnMajor, int=1, cutlass::transform::TransposePitchLinearThreadMapSimt<cutlass::transform::PitchLinearStripminedThreadMap<cutlass::layout::PitchLinearShape<int=8, int=128>, int=256, int=1>>, int=4>, cutlass::transform::threadblock::PredicatedTileIterator<cutlass::MatrixShape<int=8, int=128>, float, cutlass::layout::RowMajor, int=0, cutlass::transform::PitchLinearStripminedThreadMap<cutlass::layout::PitchLinearShape<int=128, int=8>, int=256, int=1>, int=1>, cutlass::transform::threadblock::RegularTileIterator<cutlass::MatrixShape<int=8, int=128>, float, cutlass::layout::RowMajor, int=0, cutlass::transform::PitchLinearStripminedThreadMap<cutlass::layout::PitchLinearShape<int=128, int=8>, int=256, int=1>, int=4>, float, cutlass::layout::RowMajor, cutlass::gemm::threadblock::MmaPolicy<cutlass::gemm::warp::MmaSimt<cutlass::gemm::GemmShape<int=32, int=64, int=8>, float, cutlass::layout::ColumnMajor, float, cutlass::layout::RowMajor, float, cutlass::layout::RowMajor, cutlass::gemm::warp::MmaSimtPolicy<cutlass::MatrixShape<int=4, int=8>, cutlass::layout::RowMajorInterleaved<int=2>, cutlass::gemm::GemmShape<int=4, int=4, int=1>>, int=1, bool>, cutlass::MatrixShape<int=4, int=0>, cutlass::MatrixShape<int=0, int=0>, int=1>, cutlass::NumericArrayConverter<float, float, int=4, cutlass::FloatRoundStyle>, cutlass::NumericArrayConverter<float, float, int=4, cutlass::FloatRoundStyle>, bool>, cutlass::epilogue::threadblock::Epilogue<cutlass::gemm::GemmShape<int=128, int=128, int=8>, cutlass::gemm::warp::MmaSimt<cutlass::gemm::GemmShape<int=32, int=64, int=8>, float, cutlass::layout::ColumnMajor, float, cutlass::layout::RowMajor, float, cutlass::layout::RowMajor, cutlass::gemm::warp::MmaSimtPolicy<cutlass::MatrixShape<int=4, int=8>, cutlass::layout::RowMajorInterleaved<int=2>, cutlass::gemm::GemmShape<int=4, int=4, int=1>>, int=1, bool>, int=1, cutlass::epilogue::threadblock::PredicatedTileIterator<cutlass::epilogue::threadblock::OutputTileOptimalThreadMap<cutlass::epilogue::threadblock::OutputTileShape<int=128, int=1, int=4, int=4, int=1>, cutlass::epilogue::threadblock::OutputTileShape<int=1, int=4, int=2, int=1, int=8>, int=256, int=1, int=32>, float>, cutlass::epilogue::warp::FragmentIteratorSimt<cutlass::gemm::GemmShape<int=32, int=64, int=8>, cutlass::gemm::thread::Mma<cutlass::gemm::GemmShape<int=8, int=8, int=1>, float, cutlass::layout::ColumnMajor, float, cutlass::layout::RowMajor, float, cutlass::layout::RowMajor, cutlass::arch::OpMultiplyAdd, bool>, cutlass::layout::RowMajor, cutlass::gemm::warp::MmaSimtPolicy<cutlass::MatrixShape<int=4, int=8>, cutlass::layout::RowMajorInterleaved<int=2>, cutlass::gemm::GemmShape<int=4, int=4, int=1>>>, cutlass::epilogue::warp::TileIteratorSimt<cutlass::gemm::GemmShape<int=32, int=64, int=8>, cutlass::gemm::thread::Mma<cutlass::gemm::GemmShape<int=8, int=8, int=1>, float, cutlass::layout::ColumnMajor, float, cutlass::layout::RowMajor, float, cutlass::layout::RowMajor, cutlass::arch::OpMultiplyAdd, bool>, float, cutlass::layout::RowMajor, cutlass::gemm::warp::MmaSimtPolicy<cutlass::MatrixShape<int=4, int=8>, cutlass::layout::RowMajorInterleaved<int=2>, cutlass::gemm::GemmShape<int=4, int=4, int=1>>>, cutlass::epilogue::threadblock::SharedLoadIterator<cutlass::epilogue::threadblock::OutputTileOptimalThreadMap<cutlass::epilogue::threadblock::OutputTileShape<int=128, int=1, int=4, int=4, int=1>::CompactedThreadMap, cutlass::epilogue::threadblock::OutputTileShape<int=1, int=4, int=2, int=1, int=8>, int=256, int=1, int=32>, float, int=4>, cutlass::epilogue::thread::LinearCombination<float",30964
8.261417,0.001472,,,,,,,,,,112,72.562176,"Pageable","Device","Tesla V100-PCIE-32GB (0)","1","7","[CUDA memcpy HtoD]",30984
8.262059,0.020128,2048,1,1,384,1,1,16,0.000000,0.000000,,,,,"Tesla V100-PCIE-32GB (0)","1","7","void scal_kernel_val<double, double>(cublasScalParamsVal<double, double>)",31098
8.262485,8.085815,4,1597,1,256,1,1,124,0.000000,16.250000,,,,,"Tesla V100-PCIE-32GB (0)","1","7","void cutlass::Kernel<cutlass::gemm::kernel::Gemm<cutlass::gemm::threadblock::MmaPipelined<cutlass::gemm::GemmShape<int=128, int=128, int=8>, cutlass::transform::threadblock::PredicatedTileIterator<cutlass::MatrixShape<int=128, int=8>, float, cutlass::layout::RowMajor, int=1, cutlass::transform::PitchLinearStripminedThreadMap<cutlass::layout::PitchLinearShape<int=8, int=128>, int=256, int=1>, int=1>, cutlass::transform::threadblock::RegularTileIterator<cutlass::MatrixShape<int=128, int=8>, float, cutlass::layout::ColumnMajor, int=1, cutlass::transform::TransposePitchLinearThreadMapSimt<cutlass::transform::PitchLinearStripminedThreadMap<cutlass::layout::PitchLinearShape<int=8, int=128>, int=256, int=1>>, int=4>, cutlass::transform::threadblock::PredicatedTileIterator<cutlass::MatrixShape<int=8, int=128>, float, cutlass::layout::RowMajor, int=0, cutlass::transform::PitchLinearStripminedThreadMap<cutlass::layout::PitchLinearShape<int=128, int=8>, int=256, int=1>, int=1>, cutlass::transform::threadblock::RegularTileIterator<cutlass::MatrixShape<int=8, int=128>, float, cutlass::layout::RowMajor, int=0, cutlass::transform::PitchLinearStripminedThreadMap<cutlass::layout::PitchLinearShape<int=128, int=8>, int=256, int=1>, int=4>, float, cutlass::layout::RowMajor, cutlass::gemm::threadblock::MmaPolicy<cutlass::gemm::warp::MmaSimt<cutlass::gemm::GemmShape<int=32, int=64, int=8>, float, cutlass::layout::ColumnMajor, float, cutlass::layout::RowMajor, float, cutlass::layout::RowMajor, cutlass::gemm::warp::MmaSimtPolicy<cutlass::MatrixShape<int=4, int=8>, cutlass::layout::RowMajorInterleaved<int=2>, cutlass::gemm::GemmShape<int=4, int=4, int=1>>, int=1, bool>, cutlass::MatrixShape<int=4, int=0>, cutlass::MatrixShape<int=0, int=0>, int=1>, cutlass::NumericArrayConverter<float, float, int=4, cutlass::FloatRoundStyle>, cutlass::NumericArrayConverter<float, float, int=4, cutlass::FloatRoundStyle>, bool>, cutlass::epilogue::threadblock::Epilogue<cutlass::gemm::GemmShape<int=128, int=128, int=8>, cutlass::gemm::warp::MmaSimt<cutlass::gemm::GemmShape<int=32, int=64, int=8>, float, cutlass::layout::ColumnMajor, float, cutlass::layout::RowMajor, float, cutlass::layout::RowMajor, cutlass::gemm::warp::MmaSimtPolicy<cutlass::MatrixShape<int=4, int=8>, cutlass::layout::RowMajorInterleaved<int=2>, cutlass::gemm::GemmShape<int=4, int=4, int=1>>, int=1, bool>, int=1, cutlass::epilogue::threadblock::PredicatedTileIterator<cutlass::epilogue::threadblock::OutputTileOptimalThreadMap<cutlass::epilogue::threadblock::OutputTileShape<int=128, int=1, int=4, int=4, int=1>, cutlass::epilogue::threadblock::OutputTileShape<int=1, int=4, int=2, int=1, int=8>, int=256, int=1, int=32>, float>, cutlass::epilogue::warp::FragmentIteratorSimt<cutlass::gemm::GemmShape<int=32, int=64, int=8>, cutlass::gemm::thread::Mma<cutlass::gemm::GemmShape<int=8, int=8, int=1>, float, cutlass::layout::ColumnMajor, float, cutlass::layout::RowMajor, float, cutlass::layout::RowMajor, cutlass::arch::OpMultiplyAdd, bool>, cutlass::layout::RowMajor, cutlass::gemm::warp::MmaSimtPolicy<cutlass::MatrixShape<int=4, int=8>, cutlass::layout::RowMajorInterleaved<int=2>, cutlass::gemm::GemmShape<int=4, int=4, int=1>>>, cutlass::epilogue::warp::TileIteratorSimt<cutlass::gemm::GemmShape<int=32, int=64, int=8>, cutlass::gemm::thread::Mma<cutlass::gemm::GemmShape<int=8, int=8, int=1>, float, cutlass::layout::ColumnMajor, float, cutlass::layout::RowMajor, float, cutlass::layout::RowMajor, cutlass::arch::OpMultiplyAdd, bool>, float, cutlass::layout::RowMajor, cutlass::gemm::warp::MmaSimtPolicy<cutlass::MatrixShape<int=4, int=8>, cutlass::layout::RowMajorInterleaved<int=2>, cutlass::gemm::GemmShape<int=4, int=4, int=1>>>, cutlass::epilogue::threadblock::SharedLoadIterator<cutlass::epilogue::threadblock::OutputTileOptimalThreadMap<cutlass::epilogue::threadblock::OutputTileShape<int=128, int=1, int=4, int=4, int=1>::CompactedThreadMap, cutlass::epilogue::threadblock::OutputTileShape<int=1, int=4, int=2, int=1, int=8>, int=256, int=1, int=32>, float, int=4>, cutlass::epilogue::thread::LinearCombination<float",31127
8.270582,0.001472,,,,,,,,,,112,72.562176,"Pageable","Device","Tesla V100-PCIE-32GB (0)","1","7","[CUDA memcpy HtoD]",31147
8.271425,0.020128,2048,1,1,384,1,1,16,0.000000,0.000000,,,,,"Tesla V100-PCIE-32GB (0)","1","7","void scal_kernel_val<double, double>(cublasScalParamsVal<double, double>)",31261
8.272073,8.078646,4,1597,1,256,1,1,124,0.000000,16.250000,,,,,"Tesla V100-PCIE-32GB (0)","1","7","void cutlass::Kernel<cutlass::gemm::kernel::Gemm<cutlass::gemm::threadblock::MmaPipelined<cutlass::gemm::GemmShape<int=128, int=128, int=8>, cutlass::transform::threadblock::PredicatedTileIterator<cutlass::MatrixShape<int=128, int=8>, float, cutlass::layout::RowMajor, int=1, cutlass::transform::PitchLinearStripminedThreadMap<cutlass::layout::PitchLinearShape<int=8, int=128>, int=256, int=1>, int=1>, cutlass::transform::threadblock::RegularTileIterator<cutlass::MatrixShape<int=128, int=8>, float, cutlass::layout::ColumnMajor, int=1, cutlass::transform::TransposePitchLinearThreadMapSimt<cutlass::transform::PitchLinearStripminedThreadMap<cutlass::layout::PitchLinearShape<int=8, int=128>, int=256, int=1>>, int=4>, cutlass::transform::threadblock::PredicatedTileIterator<cutlass::MatrixShape<int=8, int=128>, float, cutlass::layout::RowMajor, int=0, cutlass::transform::PitchLinearStripminedThreadMap<cutlass::layout::PitchLinearShape<int=128, int=8>, int=256, int=1>, int=1>, cutlass::transform::threadblock::RegularTileIterator<cutlass::MatrixShape<int=8, int=128>, float, cutlass::layout::RowMajor, int=0, cutlass::transform::PitchLinearStripminedThreadMap<cutlass::layout::PitchLinearShape<int=128, int=8>, int=256, int=1>, int=4>, float, cutlass::layout::RowMajor, cutlass::gemm::threadblock::MmaPolicy<cutlass::gemm::warp::MmaSimt<cutlass::gemm::GemmShape<int=32, int=64, int=8>, float, cutlass::layout::ColumnMajor, float, cutlass::layout::RowMajor, float, cutlass::layout::RowMajor, cutlass::gemm::warp::MmaSimtPolicy<cutlass::MatrixShape<int=4, int=8>, cutlass::layout::RowMajorInterleaved<int=2>, cutlass::gemm::GemmShape<int=4, int=4, int=1>>, int=1, bool>, cutlass::MatrixShape<int=4, int=0>, cutlass::MatrixShape<int=0, int=0>, int=1>, cutlass::NumericArrayConverter<float, float, int=4, cutlass::FloatRoundStyle>, cutlass::NumericArrayConverter<float, float, int=4, cutlass::FloatRoundStyle>, bool>, cutlass::epilogue::threadblock::Epilogue<cutlass::gemm::GemmShape<int=128, int=128, int=8>, cutlass::gemm::warp::MmaSimt<cutlass::gemm::GemmShape<int=32, int=64, int=8>, float, cutlass::layout::ColumnMajor, float, cutlass::layout::RowMajor, float, cutlass::layout::RowMajor, cutlass::gemm::warp::MmaSimtPolicy<cutlass::MatrixShape<int=4, int=8>, cutlass::layout::RowMajorInterleaved<int=2>, cutlass::gemm::GemmShape<int=4, int=4, int=1>>, int=1, bool>, int=1, cutlass::epilogue::threadblock::PredicatedTileIterator<cutlass::epilogue::threadblock::OutputTileOptimalThreadMap<cutlass::epilogue::threadblock::OutputTileShape<int=128, int=1, int=4, int=4, int=1>, cutlass::epilogue::threadblock::OutputTileShape<int=1, int=4, int=2, int=1, int=8>, int=256, int=1, int=32>, float>, cutlass::epilogue::warp::FragmentIteratorSimt<cutlass::gemm::GemmShape<int=32, int=64, int=8>, cutlass::gemm::thread::Mma<cutlass::gemm::GemmShape<int=8, int=8, int=1>, float, cutlass::layout::ColumnMajor, float, cutlass::layout::RowMajor, float, cutlass::layout::RowMajor, cutlass::arch::OpMultiplyAdd, bool>, cutlass::layout::RowMajor, cutlass::gemm::warp::MmaSimtPolicy<cutlass::MatrixShape<int=4, int=8>, cutlass::layout::RowMajorInterleaved<int=2>, cutlass::gemm::GemmShape<int=4, int=4, int=1>>>, cutlass::epilogue::warp::TileIteratorSimt<cutlass::gemm::GemmShape<int=32, int=64, int=8>, cutlass::gemm::thread::Mma<cutlass::gemm::GemmShape<int=8, int=8, int=1>, float, cutlass::layout::ColumnMajor, float, cutlass::layout::RowMajor, float, cutlass::layout::RowMajor, cutlass::arch::OpMultiplyAdd, bool>, float, cutlass::layout::RowMajor, cutlass::gemm::warp::MmaSimtPolicy<cutlass::MatrixShape<int=4, int=8>, cutlass::layout::RowMajorInterleaved<int=2>, cutlass::gemm::GemmShape<int=4, int=4, int=1>>>, cutlass::epilogue::threadblock::SharedLoadIterator<cutlass::epilogue::threadblock::OutputTileOptimalThreadMap<cutlass::epilogue::threadblock::OutputTileShape<int=128, int=1, int=4, int=4, int=1>::CompactedThreadMap, cutlass::epilogue::threadblock::OutputTileShape<int=1, int=4, int=2, int=1, int=8>, int=256, int=1, int=32>, float, int=4>, cutlass::epilogue::thread::LinearCombination<float",31290
8.280160,0.001504,,,,,,,,,,112,71.018300,"Pageable","Device","Tesla V100-PCIE-32GB (0)","1","7","[CUDA memcpy HtoD]",31310
8.280828,0.020352,2048,1,1,384,1,1,16,0.000000,0.000000,,,,,"Tesla V100-PCIE-32GB (0)","1","7","void scal_kernel_val<double, double>(cublasScalParamsVal<double, double>)",31424
8.281444,8.076822,4,1597,1,256,1,1,124,0.000000,16.250000,,,,,"Tesla V100-PCIE-32GB (0)","1","7","void cutlass::Kernel<cutlass::gemm::kernel::Gemm<cutlass::gemm::threadblock::MmaPipelined<cutlass::gemm::GemmShape<int=128, int=128, int=8>, cutlass::transform::threadblock::PredicatedTileIterator<cutlass::MatrixShape<int=128, int=8>, float, cutlass::layout::RowMajor, int=1, cutlass::transform::PitchLinearStripminedThreadMap<cutlass::layout::PitchLinearShape<int=8, int=128>, int=256, int=1>, int=1>, cutlass::transform::threadblock::RegularTileIterator<cutlass::MatrixShape<int=128, int=8>, float, cutlass::layout::ColumnMajor, int=1, cutlass::transform::TransposePitchLinearThreadMapSimt<cutlass::transform::PitchLinearStripminedThreadMap<cutlass::layout::PitchLinearShape<int=8, int=128>, int=256, int=1>>, int=4>, cutlass::transform::threadblock::PredicatedTileIterator<cutlass::MatrixShape<int=8, int=128>, float, cutlass::layout::RowMajor, int=0, cutlass::transform::PitchLinearStripminedThreadMap<cutlass::layout::PitchLinearShape<int=128, int=8>, int=256, int=1>, int=1>, cutlass::transform::threadblock::RegularTileIterator<cutlass::MatrixShape<int=8, int=128>, float, cutlass::layout::RowMajor, int=0, cutlass::transform::PitchLinearStripminedThreadMap<cutlass::layout::PitchLinearShape<int=128, int=8>, int=256, int=1>, int=4>, float, cutlass::layout::RowMajor, cutlass::gemm::threadblock::MmaPolicy<cutlass::gemm::warp::MmaSimt<cutlass::gemm::GemmShape<int=32, int=64, int=8>, float, cutlass::layout::ColumnMajor, float, cutlass::layout::RowMajor, float, cutlass::layout::RowMajor, cutlass::gemm::warp::MmaSimtPolicy<cutlass::MatrixShape<int=4, int=8>, cutlass::layout::RowMajorInterleaved<int=2>, cutlass::gemm::GemmShape<int=4, int=4, int=1>>, int=1, bool>, cutlass::MatrixShape<int=4, int=0>, cutlass::MatrixShape<int=0, int=0>, int=1>, cutlass::NumericArrayConverter<float, float, int=4, cutlass::FloatRoundStyle>, cutlass::NumericArrayConverter<float, float, int=4, cutlass::FloatRoundStyle>, bool>, cutlass::epilogue::threadblock::Epilogue<cutlass::gemm::GemmShape<int=128, int=128, int=8>, cutlass::gemm::warp::MmaSimt<cutlass::gemm::GemmShape<int=32, int=64, int=8>, float, cutlass::layout::ColumnMajor, float, cutlass::layout::RowMajor, float, cutlass::layout::RowMajor, cutlass::gemm::warp::MmaSimtPolicy<cutlass::MatrixShape<int=4, int=8>, cutlass::layout::RowMajorInterleaved<int=2>, cutlass::gemm::GemmShape<int=4, int=4, int=1>>, int=1, bool>, int=1, cutlass::epilogue::threadblock::PredicatedTileIterator<cutlass::epilogue::threadblock::OutputTileOptimalThreadMap<cutlass::epilogue::threadblock::OutputTileShape<int=128, int=1, int=4, int=4, int=1>, cutlass::epilogue::threadblock::OutputTileShape<int=1, int=4, int=2, int=1, int=8>, int=256, int=1, int=32>, float>, cutlass::epilogue::warp::FragmentIteratorSimt<cutlass::gemm::GemmShape<int=32, int=64, int=8>, cutlass::gemm::thread::Mma<cutlass::gemm::GemmShape<int=8, int=8, int=1>, float, cutlass::layout::ColumnMajor, float, cutlass::layout::RowMajor, float, cutlass::layout::RowMajor, cutlass::arch::OpMultiplyAdd, bool>, cutlass::layout::RowMajor, cutlass::gemm::warp::MmaSimtPolicy<cutlass::MatrixShape<int=4, int=8>, cutlass::layout::RowMajorInterleaved<int=2>, cutlass::gemm::GemmShape<int=4, int=4, int=1>>>, cutlass::epilogue::warp::TileIteratorSimt<cutlass::gemm::GemmShape<int=32, int=64, int=8>, cutlass::gemm::thread::Mma<cutlass::gemm::GemmShape<int=8, int=8, int=1>, float, cutlass::layout::ColumnMajor, float, cutlass::layout::RowMajor, float, cutlass::layout::RowMajor, cutlass::arch::OpMultiplyAdd, bool>, float, cutlass::layout::RowMajor, cutlass::gemm::warp::MmaSimtPolicy<cutlass::MatrixShape<int=4, int=8>, cutlass::layout::RowMajorInterleaved<int=2>, cutlass::gemm::GemmShape<int=4, int=4, int=1>>>, cutlass::epilogue::threadblock::SharedLoadIterator<cutlass::epilogue::threadblock::OutputTileOptimalThreadMap<cutlass::epilogue::threadblock::OutputTileShape<int=128, int=1, int=4, int=4, int=1>::CompactedThreadMap, cutlass::epilogue::threadblock::OutputTileShape<int=1, int=4, int=2, int=1, int=8>, int=256, int=1, int=32>, float, int=4>, cutlass::epilogue::thread::LinearCombination<float",31453
8.289530,0.001504,,,,,,,,,,112,71.018300,"Pageable","Device","Tesla V100-PCIE-32GB (0)","1","7","[CUDA memcpy HtoD]",31473
8.290301,0.020480,2048,1,1,384,1,1,16,0.000000,0.000000,,,,,"Tesla V100-PCIE-32GB (0)","1","7","void scal_kernel_val<double, double>(cublasScalParamsVal<double, double>)",31587
8.290766,8.078838,4,1597,1,256,1,1,124,0.000000,16.250000,,,,,"Tesla V100-PCIE-32GB (0)","1","7","void cutlass::Kernel<cutlass::gemm::kernel::Gemm<cutlass::gemm::threadblock::MmaPipelined<cutlass::gemm::GemmShape<int=128, int=128, int=8>, cutlass::transform::threadblock::PredicatedTileIterator<cutlass::MatrixShape<int=128, int=8>, float, cutlass::layout::RowMajor, int=1, cutlass::transform::PitchLinearStripminedThreadMap<cutlass::layout::PitchLinearShape<int=8, int=128>, int=256, int=1>, int=1>, cutlass::transform::threadblock::RegularTileIterator<cutlass::MatrixShape<int=128, int=8>, float, cutlass::layout::ColumnMajor, int=1, cutlass::transform::TransposePitchLinearThreadMapSimt<cutlass::transform::PitchLinearStripminedThreadMap<cutlass::layout::PitchLinearShape<int=8, int=128>, int=256, int=1>>, int=4>, cutlass::transform::threadblock::PredicatedTileIterator<cutlass::MatrixShape<int=8, int=128>, float, cutlass::layout::RowMajor, int=0, cutlass::transform::PitchLinearStripminedThreadMap<cutlass::layout::PitchLinearShape<int=128, int=8>, int=256, int=1>, int=1>, cutlass::transform::threadblock::RegularTileIterator<cutlass::MatrixShape<int=8, int=128>, float, cutlass::layout::RowMajor, int=0, cutlass::transform::PitchLinearStripminedThreadMap<cutlass::layout::PitchLinearShape<int=128, int=8>, int=256, int=1>, int=4>, float, cutlass::layout::RowMajor, cutlass::gemm::threadblock::MmaPolicy<cutlass::gemm::warp::MmaSimt<cutlass::gemm::GemmShape<int=32, int=64, int=8>, float, cutlass::layout::ColumnMajor, float, cutlass::layout::RowMajor, float, cutlass::layout::RowMajor, cutlass::gemm::warp::MmaSimtPolicy<cutlass::MatrixShape<int=4, int=8>, cutlass::layout::RowMajorInterleaved<int=2>, cutlass::gemm::GemmShape<int=4, int=4, int=1>>, int=1, bool>, cutlass::MatrixShape<int=4, int=0>, cutlass::MatrixShape<int=0, int=0>, int=1>, cutlass::NumericArrayConverter<float, float, int=4, cutlass::FloatRoundStyle>, cutlass::NumericArrayConverter<float, float, int=4, cutlass::FloatRoundStyle>, bool>, cutlass::epilogue::threadblock::Epilogue<cutlass::gemm::GemmShape<int=128, int=128, int=8>, cutlass::gemm::warp::MmaSimt<cutlass::gemm::GemmShape<int=32, int=64, int=8>, float, cutlass::layout::ColumnMajor, float, cutlass::layout::RowMajor, float, cutlass::layout::RowMajor, cutlass::gemm::warp::MmaSimtPolicy<cutlass::MatrixShape<int=4, int=8>, cutlass::layout::RowMajorInterleaved<int=2>, cutlass::gemm::GemmShape<int=4, int=4, int=1>>, int=1, bool>, int=1, cutlass::epilogue::threadblock::PredicatedTileIterator<cutlass::epilogue::threadblock::OutputTileOptimalThreadMap<cutlass::epilogue::threadblock::OutputTileShape<int=128, int=1, int=4, int=4, int=1>, cutlass::epilogue::threadblock::OutputTileShape<int=1, int=4, int=2, int=1, int=8>, int=256, int=1, int=32>, float>, cutlass::epilogue::warp::FragmentIteratorSimt<cutlass::gemm::GemmShape<int=32, int=64, int=8>, cutlass::gemm::thread::Mma<cutlass::gemm::GemmShape<int=8, int=8, int=1>, float, cutlass::layout::ColumnMajor, float, cutlass::layout::RowMajor, float, cutlass::layout::RowMajor, cutlass::arch::OpMultiplyAdd, bool>, cutlass::layout::RowMajor, cutlass::gemm::warp::MmaSimtPolicy<cutlass::MatrixShape<int=4, int=8>, cutlass::layout::RowMajorInterleaved<int=2>, cutlass::gemm::GemmShape<int=4, int=4, int=1>>>, cutlass::epilogue::warp::TileIteratorSimt<cutlass::gemm::GemmShape<int=32, int=64, int=8>, cutlass::gemm::thread::Mma<cutlass::gemm::GemmShape<int=8, int=8, int=1>, float, cutlass::layout::ColumnMajor, float, cutlass::layout::RowMajor, float, cutlass::layout::RowMajor, cutlass::arch::OpMultiplyAdd, bool>, float, cutlass::layout::RowMajor, cutlass::gemm::warp::MmaSimtPolicy<cutlass::MatrixShape<int=4, int=8>, cutlass::layout::RowMajorInterleaved<int=2>, cutlass::gemm::GemmShape<int=4, int=4, int=1>>>, cutlass::epilogue::threadblock::SharedLoadIterator<cutlass::epilogue::threadblock::OutputTileOptimalThreadMap<cutlass::epilogue::threadblock::OutputTileShape<int=128, int=1, int=4, int=4, int=1>::CompactedThreadMap, cutlass::epilogue::threadblock::OutputTileShape<int=1, int=4, int=2, int=1, int=8>, int=256, int=1, int=32>, float, int=4>, cutlass::epilogue::thread::LinearCombination<float",31616
8.298854,0.001504,,,,,,,,,,112,71.018300,"Pageable","Device","Tesla V100-PCIE-32GB (0)","1","7","[CUDA memcpy HtoD]",31636
8.299523,0.020032,2048,1,1,384,1,1,16,0.000000,0.000000,,,,,"Tesla V100-PCIE-32GB (0)","1","7","void scal_kernel_val<double, double>(cublasScalParamsVal<double, double>)",31750
8.300210,8.078806,4,1597,1,256,1,1,124,0.000000,16.250000,,,,,"Tesla V100-PCIE-32GB (0)","1","7","void cutlass::Kernel<cutlass::gemm::kernel::Gemm<cutlass::gemm::threadblock::MmaPipelined<cutlass::gemm::GemmShape<int=128, int=128, int=8>, cutlass::transform::threadblock::PredicatedTileIterator<cutlass::MatrixShape<int=128, int=8>, float, cutlass::layout::RowMajor, int=1, cutlass::transform::PitchLinearStripminedThreadMap<cutlass::layout::PitchLinearShape<int=8, int=128>, int=256, int=1>, int=1>, cutlass::transform::threadblock::RegularTileIterator<cutlass::MatrixShape<int=128, int=8>, float, cutlass::layout::ColumnMajor, int=1, cutlass::transform::TransposePitchLinearThreadMapSimt<cutlass::transform::PitchLinearStripminedThreadMap<cutlass::layout::PitchLinearShape<int=8, int=128>, int=256, int=1>>, int=4>, cutlass::transform::threadblock::PredicatedTileIterator<cutlass::MatrixShape<int=8, int=128>, float, cutlass::layout::RowMajor, int=0, cutlass::transform::PitchLinearStripminedThreadMap<cutlass::layout::PitchLinearShape<int=128, int=8>, int=256, int=1>, int=1>, cutlass::transform::threadblock::RegularTileIterator<cutlass::MatrixShape<int=8, int=128>, float, cutlass::layout::RowMajor, int=0, cutlass::transform::PitchLinearStripminedThreadMap<cutlass::layout::PitchLinearShape<int=128, int=8>, int=256, int=1>, int=4>, float, cutlass::layout::RowMajor, cutlass::gemm::threadblock::MmaPolicy<cutlass::gemm::warp::MmaSimt<cutlass::gemm::GemmShape<int=32, int=64, int=8>, float, cutlass::layout::ColumnMajor, float, cutlass::layout::RowMajor, float, cutlass::layout::RowMajor, cutlass::gemm::warp::MmaSimtPolicy<cutlass::MatrixShape<int=4, int=8>, cutlass::layout::RowMajorInterleaved<int=2>, cutlass::gemm::GemmShape<int=4, int=4, int=1>>, int=1, bool>, cutlass::MatrixShape<int=4, int=0>, cutlass::MatrixShape<int=0, int=0>, int=1>, cutlass::NumericArrayConverter<float, float, int=4, cutlass::FloatRoundStyle>, cutlass::NumericArrayConverter<float, float, int=4, cutlass::FloatRoundStyle>, bool>, cutlass::epilogue::threadblock::Epilogue<cutlass::gemm::GemmShape<int=128, int=128, int=8>, cutlass::gemm::warp::MmaSimt<cutlass::gemm::GemmShape<int=32, int=64, int=8>, float, cutlass::layout::ColumnMajor, float, cutlass::layout::RowMajor, float, cutlass::layout::RowMajor, cutlass::gemm::warp::MmaSimtPolicy<cutlass::MatrixShape<int=4, int=8>, cutlass::layout::RowMajorInterleaved<int=2>, cutlass::gemm::GemmShape<int=4, int=4, int=1>>, int=1, bool>, int=1, cutlass::epilogue::threadblock::PredicatedTileIterator<cutlass::epilogue::threadblock::OutputTileOptimalThreadMap<cutlass::epilogue::threadblock::OutputTileShape<int=128, int=1, int=4, int=4, int=1>, cutlass::epilogue::threadblock::OutputTileShape<int=1, int=4, int=2, int=1, int=8>, int=256, int=1, int=32>, float>, cutlass::epilogue::warp::FragmentIteratorSimt<cutlass::gemm::GemmShape<int=32, int=64, int=8>, cutlass::gemm::thread::Mma<cutlass::gemm::GemmShape<int=8, int=8, int=1>, float, cutlass::layout::ColumnMajor, float, cutlass::layout::RowMajor, float, cutlass::layout::RowMajor, cutlass::arch::OpMultiplyAdd, bool>, cutlass::layout::RowMajor, cutlass::gemm::warp::MmaSimtPolicy<cutlass::MatrixShape<int=4, int=8>, cutlass::layout::RowMajorInterleaved<int=2>, cutlass::gemm::GemmShape<int=4, int=4, int=1>>>, cutlass::epilogue::warp::TileIteratorSimt<cutlass::gemm::GemmShape<int=32, int=64, int=8>, cutlass::gemm::thread::Mma<cutlass::gemm::GemmShape<int=8, int=8, int=1>, float, cutlass::layout::ColumnMajor, float, cutlass::layout::RowMajor, float, cutlass::layout::RowMajor, cutlass::arch::OpMultiplyAdd, bool>, float, cutlass::layout::RowMajor, cutlass::gemm::warp::MmaSimtPolicy<cutlass::MatrixShape<int=4, int=8>, cutlass::layout::RowMajorInterleaved<int=2>, cutlass::gemm::GemmShape<int=4, int=4, int=1>>>, cutlass::epilogue::threadblock::SharedLoadIterator<cutlass::epilogue::threadblock::OutputTileOptimalThreadMap<cutlass::epilogue::threadblock::OutputTileShape<int=128, int=1, int=4, int=4, int=1>::CompactedThreadMap, cutlass::epilogue::threadblock::OutputTileShape<int=1, int=4, int=2, int=1, int=8>, int=256, int=1, int=32>, float, int=4>, cutlass::epilogue::thread::LinearCombination<float",31779
8.308299,0.001504,,,,,,,,,,112,71.018300,"Pageable","Device","Tesla V100-PCIE-32GB (0)","1","7","[CUDA memcpy HtoD]",31799
8.309126,0.019839,2048,1,1,384,1,1,16,0.000000,0.000000,,,,,"Tesla V100-PCIE-32GB (0)","1","7","void scal_kernel_val<double, double>(cublasScalParamsVal<double, double>)",31913
8.309796,8.077975,4,1597,1,256,1,1,124,0.000000,16.250000,,,,,"Tesla V100-PCIE-32GB (0)","1","7","void cutlass::Kernel<cutlass::gemm::kernel::Gemm<cutlass::gemm::threadblock::MmaPipelined<cutlass::gemm::GemmShape<int=128, int=128, int=8>, cutlass::transform::threadblock::PredicatedTileIterator<cutlass::MatrixShape<int=128, int=8>, float, cutlass::layout::RowMajor, int=1, cutlass::transform::PitchLinearStripminedThreadMap<cutlass::layout::PitchLinearShape<int=8, int=128>, int=256, int=1>, int=1>, cutlass::transform::threadblock::RegularTileIterator<cutlass::MatrixShape<int=128, int=8>, float, cutlass::layout::ColumnMajor, int=1, cutlass::transform::TransposePitchLinearThreadMapSimt<cutlass::transform::PitchLinearStripminedThreadMap<cutlass::layout::PitchLinearShape<int=8, int=128>, int=256, int=1>>, int=4>, cutlass::transform::threadblock::PredicatedTileIterator<cutlass::MatrixShape<int=8, int=128>, float, cutlass::layout::RowMajor, int=0, cutlass::transform::PitchLinearStripminedThreadMap<cutlass::layout::PitchLinearShape<int=128, int=8>, int=256, int=1>, int=1>, cutlass::transform::threadblock::RegularTileIterator<cutlass::MatrixShape<int=8, int=128>, float, cutlass::layout::RowMajor, int=0, cutlass::transform::PitchLinearStripminedThreadMap<cutlass::layout::PitchLinearShape<int=128, int=8>, int=256, int=1>, int=4>, float, cutlass::layout::RowMajor, cutlass::gemm::threadblock::MmaPolicy<cutlass::gemm::warp::MmaSimt<cutlass::gemm::GemmShape<int=32, int=64, int=8>, float, cutlass::layout::ColumnMajor, float, cutlass::layout::RowMajor, float, cutlass::layout::RowMajor, cutlass::gemm::warp::MmaSimtPolicy<cutlass::MatrixShape<int=4, int=8>, cutlass::layout::RowMajorInterleaved<int=2>, cutlass::gemm::GemmShape<int=4, int=4, int=1>>, int=1, bool>, cutlass::MatrixShape<int=4, int=0>, cutlass::MatrixShape<int=0, int=0>, int=1>, cutlass::NumericArrayConverter<float, float, int=4, cutlass::FloatRoundStyle>, cutlass::NumericArrayConverter<float, float, int=4, cutlass::FloatRoundStyle>, bool>, cutlass::epilogue::threadblock::Epilogue<cutlass::gemm::GemmShape<int=128, int=128, int=8>, cutlass::gemm::warp::MmaSimt<cutlass::gemm::GemmShape<int=32, int=64, int=8>, float, cutlass::layout::ColumnMajor, float, cutlass::layout::RowMajor, float, cutlass::layout::RowMajor, cutlass::gemm::warp::MmaSimtPolicy<cutlass::MatrixShape<int=4, int=8>, cutlass::layout::RowMajorInterleaved<int=2>, cutlass::gemm::GemmShape<int=4, int=4, int=1>>, int=1, bool>, int=1, cutlass::epilogue::threadblock::PredicatedTileIterator<cutlass::epilogue::threadblock::OutputTileOptimalThreadMap<cutlass::epilogue::threadblock::OutputTileShape<int=128, int=1, int=4, int=4, int=1>, cutlass::epilogue::threadblock::OutputTileShape<int=1, int=4, int=2, int=1, int=8>, int=256, int=1, int=32>, float>, cutlass::epilogue::warp::FragmentIteratorSimt<cutlass::gemm::GemmShape<int=32, int=64, int=8>, cutlass::gemm::thread::Mma<cutlass::gemm::GemmShape<int=8, int=8, int=1>, float, cutlass::layout::ColumnMajor, float, cutlass::layout::RowMajor, float, cutlass::layout::RowMajor, cutlass::arch::OpMultiplyAdd, bool>, cutlass::layout::RowMajor, cutlass::gemm::warp::MmaSimtPolicy<cutlass::MatrixShape<int=4, int=8>, cutlass::layout::RowMajorInterleaved<int=2>, cutlass::gemm::GemmShape<int=4, int=4, int=1>>>, cutlass::epilogue::warp::TileIteratorSimt<cutlass::gemm::GemmShape<int=32, int=64, int=8>, cutlass::gemm::thread::Mma<cutlass::gemm::GemmShape<int=8, int=8, int=1>, float, cutlass::layout::ColumnMajor, float, cutlass::layout::RowMajor, float, cutlass::layout::RowMajor, cutlass::arch::OpMultiplyAdd, bool>, float, cutlass::layout::RowMajor, cutlass::gemm::warp::MmaSimtPolicy<cutlass::MatrixShape<int=4, int=8>, cutlass::layout::RowMajorInterleaved<int=2>, cutlass::gemm::GemmShape<int=4, int=4, int=1>>>, cutlass::epilogue::threadblock::SharedLoadIterator<cutlass::epilogue::threadblock::OutputTileOptimalThreadMap<cutlass::epilogue::threadblock::OutputTileShape<int=128, int=1, int=4, int=4, int=1>::CompactedThreadMap, cutlass::epilogue::threadblock::OutputTileShape<int=1, int=4, int=2, int=1, int=8>, int=256, int=1, int=32>, float, int=4>, cutlass::epilogue::thread::LinearCombination<float",31942
8.317883,0.001504,,,,,,,,,,112,71.018300,"Pageable","Device","Tesla V100-PCIE-32GB (0)","1","7","[CUDA memcpy HtoD]",31962
8.318738,0.020128,2048,1,1,384,1,1,16,0.000000,0.000000,,,,,"Tesla V100-PCIE-32GB (0)","1","7","void scal_kernel_val<double, double>(cublasScalParamsVal<double, double>)",32076
8.320326,8.075702,4,1597,1,256,1,1,124,0.000000,16.250000,,,,,"Tesla V100-PCIE-32GB (0)","1","7","void cutlass::Kernel<cutlass::gemm::kernel::Gemm<cutlass::gemm::threadblock::MmaPipelined<cutlass::gemm::GemmShape<int=128, int=128, int=8>, cutlass::transform::threadblock::PredicatedTileIterator<cutlass::MatrixShape<int=128, int=8>, float, cutlass::layout::RowMajor, int=1, cutlass::transform::PitchLinearStripminedThreadMap<cutlass::layout::PitchLinearShape<int=8, int=128>, int=256, int=1>, int=1>, cutlass::transform::threadblock::RegularTileIterator<cutlass::MatrixShape<int=128, int=8>, float, cutlass::layout::ColumnMajor, int=1, cutlass::transform::TransposePitchLinearThreadMapSimt<cutlass::transform::PitchLinearStripminedThreadMap<cutlass::layout::PitchLinearShape<int=8, int=128>, int=256, int=1>>, int=4>, cutlass::transform::threadblock::PredicatedTileIterator<cutlass::MatrixShape<int=8, int=128>, float, cutlass::layout::RowMajor, int=0, cutlass::transform::PitchLinearStripminedThreadMap<cutlass::layout::PitchLinearShape<int=128, int=8>, int=256, int=1>, int=1>, cutlass::transform::threadblock::RegularTileIterator<cutlass::MatrixShape<int=8, int=128>, float, cutlass::layout::RowMajor, int=0, cutlass::transform::PitchLinearStripminedThreadMap<cutlass::layout::PitchLinearShape<int=128, int=8>, int=256, int=1>, int=4>, float, cutlass::layout::RowMajor, cutlass::gemm::threadblock::MmaPolicy<cutlass::gemm::warp::MmaSimt<cutlass::gemm::GemmShape<int=32, int=64, int=8>, float, cutlass::layout::ColumnMajor, float, cutlass::layout::RowMajor, float, cutlass::layout::RowMajor, cutlass::gemm::warp::MmaSimtPolicy<cutlass::MatrixShape<int=4, int=8>, cutlass::layout::RowMajorInterleaved<int=2>, cutlass::gemm::GemmShape<int=4, int=4, int=1>>, int=1, bool>, cutlass::MatrixShape<int=4, int=0>, cutlass::MatrixShape<int=0, int=0>, int=1>, cutlass::NumericArrayConverter<float, float, int=4, cutlass::FloatRoundStyle>, cutlass::NumericArrayConverter<float, float, int=4, cutlass::FloatRoundStyle>, bool>, cutlass::epilogue::threadblock::Epilogue<cutlass::gemm::GemmShape<int=128, int=128, int=8>, cutlass::gemm::warp::MmaSimt<cutlass::gemm::GemmShape<int=32, int=64, int=8>, float, cutlass::layout::ColumnMajor, float, cutlass::layout::RowMajor, float, cutlass::layout::RowMajor, cutlass::gemm::warp::MmaSimtPolicy<cutlass::MatrixShape<int=4, int=8>, cutlass::layout::RowMajorInterleaved<int=2>, cutlass::gemm::GemmShape<int=4, int=4, int=1>>, int=1, bool>, int=1, cutlass::epilogue::threadblock::PredicatedTileIterator<cutlass::epilogue::threadblock::OutputTileOptimalThreadMap<cutlass::epilogue::threadblock::OutputTileShape<int=128, int=1, int=4, int=4, int=1>, cutlass::epilogue::threadblock::OutputTileShape<int=1, int=4, int=2, int=1, int=8>, int=256, int=1, int=32>, float>, cutlass::epilogue::warp::FragmentIteratorSimt<cutlass::gemm::GemmShape<int=32, int=64, int=8>, cutlass::gemm::thread::Mma<cutlass::gemm::GemmShape<int=8, int=8, int=1>, float, cutlass::layout::ColumnMajor, float, cutlass::layout::RowMajor, float, cutlass::layout::RowMajor, cutlass::arch::OpMultiplyAdd, bool>, cutlass::layout::RowMajor, cutlass::gemm::warp::MmaSimtPolicy<cutlass::MatrixShape<int=4, int=8>, cutlass::layout::RowMajorInterleaved<int=2>, cutlass::gemm::GemmShape<int=4, int=4, int=1>>>, cutlass::epilogue::warp::TileIteratorSimt<cutlass::gemm::GemmShape<int=32, int=64, int=8>, cutlass::gemm::thread::Mma<cutlass::gemm::GemmShape<int=8, int=8, int=1>, float, cutlass::layout::ColumnMajor, float, cutlass::layout::RowMajor, float, cutlass::layout::RowMajor, cutlass::arch::OpMultiplyAdd, bool>, float, cutlass::layout::RowMajor, cutlass::gemm::warp::MmaSimtPolicy<cutlass::MatrixShape<int=4, int=8>, cutlass::layout::RowMajorInterleaved<int=2>, cutlass::gemm::GemmShape<int=4, int=4, int=1>>>, cutlass::epilogue::threadblock::SharedLoadIterator<cutlass::epilogue::threadblock::OutputTileOptimalThreadMap<cutlass::epilogue::threadblock::OutputTileShape<int=128, int=1, int=4, int=4, int=1>::CompactedThreadMap, cutlass::epilogue::threadblock::OutputTileShape<int=1, int=4, int=2, int=1, int=8>, int=256, int=1, int=32>, float, int=4>, cutlass::epilogue::thread::LinearCombination<float",32105
8.328411,0.001504,,,,,,,,,,112,71.018300,"Pageable","Device","Tesla V100-PCIE-32GB (0)","1","7","[CUDA memcpy HtoD]",32125
8.329197,0.019616,2048,1,1,384,1,1,16,0.000000,0.000000,,,,,"Tesla V100-PCIE-32GB (0)","1","7","void scal_kernel_val<double, double>(cublasScalParamsVal<double, double>)",32239
8.329767,8.077430,4,1597,1,256,1,1,124,0.000000,16.250000,,,,,"Tesla V100-PCIE-32GB (0)","1","7","void cutlass::Kernel<cutlass::gemm::kernel::Gemm<cutlass::gemm::threadblock::MmaPipelined<cutlass::gemm::GemmShape<int=128, int=128, int=8>, cutlass::transform::threadblock::PredicatedTileIterator<cutlass::MatrixShape<int=128, int=8>, float, cutlass::layout::RowMajor, int=1, cutlass::transform::PitchLinearStripminedThreadMap<cutlass::layout::PitchLinearShape<int=8, int=128>, int=256, int=1>, int=1>, cutlass::transform::threadblock::RegularTileIterator<cutlass::MatrixShape<int=128, int=8>, float, cutlass::layout::ColumnMajor, int=1, cutlass::transform::TransposePitchLinearThreadMapSimt<cutlass::transform::PitchLinearStripminedThreadMap<cutlass::layout::PitchLinearShape<int=8, int=128>, int=256, int=1>>, int=4>, cutlass::transform::threadblock::PredicatedTileIterator<cutlass::MatrixShape<int=8, int=128>, float, cutlass::layout::RowMajor, int=0, cutlass::transform::PitchLinearStripminedThreadMap<cutlass::layout::PitchLinearShape<int=128, int=8>, int=256, int=1>, int=1>, cutlass::transform::threadblock::RegularTileIterator<cutlass::MatrixShape<int=8, int=128>, float, cutlass::layout::RowMajor, int=0, cutlass::transform::PitchLinearStripminedThreadMap<cutlass::layout::PitchLinearShape<int=128, int=8>, int=256, int=1>, int=4>, float, cutlass::layout::RowMajor, cutlass::gemm::threadblock::MmaPolicy<cutlass::gemm::warp::MmaSimt<cutlass::gemm::GemmShape<int=32, int=64, int=8>, float, cutlass::layout::ColumnMajor, float, cutlass::layout::RowMajor, float, cutlass::layout::RowMajor, cutlass::gemm::warp::MmaSimtPolicy<cutlass::MatrixShape<int=4, int=8>, cutlass::layout::RowMajorInterleaved<int=2>, cutlass::gemm::GemmShape<int=4, int=4, int=1>>, int=1, bool>, cutlass::MatrixShape<int=4, int=0>, cutlass::MatrixShape<int=0, int=0>, int=1>, cutlass::NumericArrayConverter<float, float, int=4, cutlass::FloatRoundStyle>, cutlass::NumericArrayConverter<float, float, int=4, cutlass::FloatRoundStyle>, bool>, cutlass::epilogue::threadblock::Epilogue<cutlass::gemm::GemmShape<int=128, int=128, int=8>, cutlass::gemm::warp::MmaSimt<cutlass::gemm::GemmShape<int=32, int=64, int=8>, float, cutlass::layout::ColumnMajor, float, cutlass::layout::RowMajor, float, cutlass::layout::RowMajor, cutlass::gemm::warp::MmaSimtPolicy<cutlass::MatrixShape<int=4, int=8>, cutlass::layout::RowMajorInterleaved<int=2>, cutlass::gemm::GemmShape<int=4, int=4, int=1>>, int=1, bool>, int=1, cutlass::epilogue::threadblock::PredicatedTileIterator<cutlass::epilogue::threadblock::OutputTileOptimalThreadMap<cutlass::epilogue::threadblock::OutputTileShape<int=128, int=1, int=4, int=4, int=1>, cutlass::epilogue::threadblock::OutputTileShape<int=1, int=4, int=2, int=1, int=8>, int=256, int=1, int=32>, float>, cutlass::epilogue::warp::FragmentIteratorSimt<cutlass::gemm::GemmShape<int=32, int=64, int=8>, cutlass::gemm::thread::Mma<cutlass::gemm::GemmShape<int=8, int=8, int=1>, float, cutlass::layout::ColumnMajor, float, cutlass::layout::RowMajor, float, cutlass::layout::RowMajor, cutlass::arch::OpMultiplyAdd, bool>, cutlass::layout::RowMajor, cutlass::gemm::warp::MmaSimtPolicy<cutlass::MatrixShape<int=4, int=8>, cutlass::layout::RowMajorInterleaved<int=2>, cutlass::gemm::GemmShape<int=4, int=4, int=1>>>, cutlass::epilogue::warp::TileIteratorSimt<cutlass::gemm::GemmShape<int=32, int=64, int=8>, cutlass::gemm::thread::Mma<cutlass::gemm::GemmShape<int=8, int=8, int=1>, float, cutlass::layout::ColumnMajor, float, cutlass::layout::RowMajor, float, cutlass::layout::RowMajor, cutlass::arch::OpMultiplyAdd, bool>, float, cutlass::layout::RowMajor, cutlass::gemm::warp::MmaSimtPolicy<cutlass::MatrixShape<int=4, int=8>, cutlass::layout::RowMajorInterleaved<int=2>, cutlass::gemm::GemmShape<int=4, int=4, int=1>>>, cutlass::epilogue::threadblock::SharedLoadIterator<cutlass::epilogue::threadblock::OutputTileOptimalThreadMap<cutlass::epilogue::threadblock::OutputTileShape<int=128, int=1, int=4, int=4, int=1>::CompactedThreadMap, cutlass::epilogue::threadblock::OutputTileShape<int=1, int=4, int=2, int=1, int=8>, int=256, int=1, int=32>, float, int=4>, cutlass::epilogue::thread::LinearCombination<float",32268
8.337856,0.001504,,,,,,,,,,112,71.018300,"Pageable","Device","Tesla V100-PCIE-32GB (0)","1","7","[CUDA memcpy HtoD]",32288
8.338493,0.019648,2048,1,1,384,1,1,16,0.000000,0.000000,,,,,"Tesla V100-PCIE-32GB (0)","1","7","void scal_kernel_val<double, double>(cublasScalParamsVal<double, double>)",32402
8.339091,8.080726,4,1597,1,256,1,1,124,0.000000,16.250000,,,,,"Tesla V100-PCIE-32GB (0)","1","7","void cutlass::Kernel<cutlass::gemm::kernel::Gemm<cutlass::gemm::threadblock::MmaPipelined<cutlass::gemm::GemmShape<int=128, int=128, int=8>, cutlass::transform::threadblock::PredicatedTileIterator<cutlass::MatrixShape<int=128, int=8>, float, cutlass::layout::RowMajor, int=1, cutlass::transform::PitchLinearStripminedThreadMap<cutlass::layout::PitchLinearShape<int=8, int=128>, int=256, int=1>, int=1>, cutlass::transform::threadblock::RegularTileIterator<cutlass::MatrixShape<int=128, int=8>, float, cutlass::layout::ColumnMajor, int=1, cutlass::transform::TransposePitchLinearThreadMapSimt<cutlass::transform::PitchLinearStripminedThreadMap<cutlass::layout::PitchLinearShape<int=8, int=128>, int=256, int=1>>, int=4>, cutlass::transform::threadblock::PredicatedTileIterator<cutlass::MatrixShape<int=8, int=128>, float, cutlass::layout::RowMajor, int=0, cutlass::transform::PitchLinearStripminedThreadMap<cutlass::layout::PitchLinearShape<int=128, int=8>, int=256, int=1>, int=1>, cutlass::transform::threadblock::RegularTileIterator<cutlass::MatrixShape<int=8, int=128>, float, cutlass::layout::RowMajor, int=0, cutlass::transform::PitchLinearStripminedThreadMap<cutlass::layout::PitchLinearShape<int=128, int=8>, int=256, int=1>, int=4>, float, cutlass::layout::RowMajor, cutlass::gemm::threadblock::MmaPolicy<cutlass::gemm::warp::MmaSimt<cutlass::gemm::GemmShape<int=32, int=64, int=8>, float, cutlass::layout::ColumnMajor, float, cutlass::layout::RowMajor, float, cutlass::layout::RowMajor, cutlass::gemm::warp::MmaSimtPolicy<cutlass::MatrixShape<int=4, int=8>, cutlass::layout::RowMajorInterleaved<int=2>, cutlass::gemm::GemmShape<int=4, int=4, int=1>>, int=1, bool>, cutlass::MatrixShape<int=4, int=0>, cutlass::MatrixShape<int=0, int=0>, int=1>, cutlass::NumericArrayConverter<float, float, int=4, cutlass::FloatRoundStyle>, cutlass::NumericArrayConverter<float, float, int=4, cutlass::FloatRoundStyle>, bool>, cutlass::epilogue::threadblock::Epilogue<cutlass::gemm::GemmShape<int=128, int=128, int=8>, cutlass::gemm::warp::MmaSimt<cutlass::gemm::GemmShape<int=32, int=64, int=8>, float, cutlass::layout::ColumnMajor, float, cutlass::layout::RowMajor, float, cutlass::layout::RowMajor, cutlass::gemm::warp::MmaSimtPolicy<cutlass::MatrixShape<int=4, int=8>, cutlass::layout::RowMajorInterleaved<int=2>, cutlass::gemm::GemmShape<int=4, int=4, int=1>>, int=1, bool>, int=1, cutlass::epilogue::threadblock::PredicatedTileIterator<cutlass::epilogue::threadblock::OutputTileOptimalThreadMap<cutlass::epilogue::threadblock::OutputTileShape<int=128, int=1, int=4, int=4, int=1>, cutlass::epilogue::threadblock::OutputTileShape<int=1, int=4, int=2, int=1, int=8>, int=256, int=1, int=32>, float>, cutlass::epilogue::warp::FragmentIteratorSimt<cutlass::gemm::GemmShape<int=32, int=64, int=8>, cutlass::gemm::thread::Mma<cutlass::gemm::GemmShape<int=8, int=8, int=1>, float, cutlass::layout::ColumnMajor, float, cutlass::layout::RowMajor, float, cutlass::layout::RowMajor, cutlass::arch::OpMultiplyAdd, bool>, cutlass::layout::RowMajor, cutlass::gemm::warp::MmaSimtPolicy<cutlass::MatrixShape<int=4, int=8>, cutlass::layout::RowMajorInterleaved<int=2>, cutlass::gemm::GemmShape<int=4, int=4, int=1>>>, cutlass::epilogue::warp::TileIteratorSimt<cutlass::gemm::GemmShape<int=32, int=64, int=8>, cutlass::gemm::thread::Mma<cutlass::gemm::GemmShape<int=8, int=8, int=1>, float, cutlass::layout::ColumnMajor, float, cutlass::layout::RowMajor, float, cutlass::layout::RowMajor, cutlass::arch::OpMultiplyAdd, bool>, float, cutlass::layout::RowMajor, cutlass::gemm::warp::MmaSimtPolicy<cutlass::MatrixShape<int=4, int=8>, cutlass::layout::RowMajorInterleaved<int=2>, cutlass::gemm::GemmShape<int=4, int=4, int=1>>>, cutlass::epilogue::threadblock::SharedLoadIterator<cutlass::epilogue::threadblock::OutputTileOptimalThreadMap<cutlass::epilogue::threadblock::OutputTileShape<int=128, int=1, int=4, int=4, int=1>::CompactedThreadMap, cutlass::epilogue::threadblock::OutputTileShape<int=1, int=4, int=2, int=1, int=8>, int=256, int=1, int=32>, float, int=4>, cutlass::epilogue::thread::LinearCombination<float",32431
8.347180,0.001472,,,,,,,,,,112,72.562176,"Pageable","Device","Tesla V100-PCIE-32GB (0)","1","7","[CUDA memcpy HtoD]",32451
8.348029,0.019712,2048,1,1,384,1,1,16,0.000000,0.000000,,,,,"Tesla V100-PCIE-32GB (0)","1","7","void scal_kernel_val<double, double>(cublasScalParamsVal<double, double>)",32565
8.348477,8.076439,4,1597,1,256,1,1,124,0.000000,16.250000,,,,,"Tesla V100-PCIE-32GB (0)","1","7","void cutlass::Kernel<cutlass::gemm::kernel::Gemm<cutlass::gemm::threadblock::MmaPipelined<cutlass::gemm::GemmShape<int=128, int=128, int=8>, cutlass::transform::threadblock::PredicatedTileIterator<cutlass::MatrixShape<int=128, int=8>, float, cutlass::layout::RowMajor, int=1, cutlass::transform::PitchLinearStripminedThreadMap<cutlass::layout::PitchLinearShape<int=8, int=128>, int=256, int=1>, int=1>, cutlass::transform::threadblock::RegularTileIterator<cutlass::MatrixShape<int=128, int=8>, float, cutlass::layout::ColumnMajor, int=1, cutlass::transform::TransposePitchLinearThreadMapSimt<cutlass::transform::PitchLinearStripminedThreadMap<cutlass::layout::PitchLinearShape<int=8, int=128>, int=256, int=1>>, int=4>, cutlass::transform::threadblock::PredicatedTileIterator<cutlass::MatrixShape<int=8, int=128>, float, cutlass::layout::RowMajor, int=0, cutlass::transform::PitchLinearStripminedThreadMap<cutlass::layout::PitchLinearShape<int=128, int=8>, int=256, int=1>, int=1>, cutlass::transform::threadblock::RegularTileIterator<cutlass::MatrixShape<int=8, int=128>, float, cutlass::layout::RowMajor, int=0, cutlass::transform::PitchLinearStripminedThreadMap<cutlass::layout::PitchLinearShape<int=128, int=8>, int=256, int=1>, int=4>, float, cutlass::layout::RowMajor, cutlass::gemm::threadblock::MmaPolicy<cutlass::gemm::warp::MmaSimt<cutlass::gemm::GemmShape<int=32, int=64, int=8>, float, cutlass::layout::ColumnMajor, float, cutlass::layout::RowMajor, float, cutlass::layout::RowMajor, cutlass::gemm::warp::MmaSimtPolicy<cutlass::MatrixShape<int=4, int=8>, cutlass::layout::RowMajorInterleaved<int=2>, cutlass::gemm::GemmShape<int=4, int=4, int=1>>, int=1, bool>, cutlass::MatrixShape<int=4, int=0>, cutlass::MatrixShape<int=0, int=0>, int=1>, cutlass::NumericArrayConverter<float, float, int=4, cutlass::FloatRoundStyle>, cutlass::NumericArrayConverter<float, float, int=4, cutlass::FloatRoundStyle>, bool>, cutlass::epilogue::threadblock::Epilogue<cutlass::gemm::GemmShape<int=128, int=128, int=8>, cutlass::gemm::warp::MmaSimt<cutlass::gemm::GemmShape<int=32, int=64, int=8>, float, cutlass::layout::ColumnMajor, float, cutlass::layout::RowMajor, float, cutlass::layout::RowMajor, cutlass::gemm::warp::MmaSimtPolicy<cutlass::MatrixShape<int=4, int=8>, cutlass::layout::RowMajorInterleaved<int=2>, cutlass::gemm::GemmShape<int=4, int=4, int=1>>, int=1, bool>, int=1, cutlass::epilogue::threadblock::PredicatedTileIterator<cutlass::epilogue::threadblock::OutputTileOptimalThreadMap<cutlass::epilogue::threadblock::OutputTileShape<int=128, int=1, int=4, int=4, int=1>, cutlass::epilogue::threadblock::OutputTileShape<int=1, int=4, int=2, int=1, int=8>, int=256, int=1, int=32>, float>, cutlass::epilogue::warp::FragmentIteratorSimt<cutlass::gemm::GemmShape<int=32, int=64, int=8>, cutlass::gemm::thread::Mma<cutlass::gemm::GemmShape<int=8, int=8, int=1>, float, cutlass::layout::ColumnMajor, float, cutlass::layout::RowMajor, float, cutlass::layout::RowMajor, cutlass::arch::OpMultiplyAdd, bool>, cutlass::layout::RowMajor, cutlass::gemm::warp::MmaSimtPolicy<cutlass::MatrixShape<int=4, int=8>, cutlass::layout::RowMajorInterleaved<int=2>, cutlass::gemm::GemmShape<int=4, int=4, int=1>>>, cutlass::epilogue::warp::TileIteratorSimt<cutlass::gemm::GemmShape<int=32, int=64, int=8>, cutlass::gemm::thread::Mma<cutlass::gemm::GemmShape<int=8, int=8, int=1>, float, cutlass::layout::ColumnMajor, float, cutlass::layout::RowMajor, float, cutlass::layout::RowMajor, cutlass::arch::OpMultiplyAdd, bool>, float, cutlass::layout::RowMajor, cutlass::gemm::warp::MmaSimtPolicy<cutlass::MatrixShape<int=4, int=8>, cutlass::layout::RowMajorInterleaved<int=2>, cutlass::gemm::GemmShape<int=4, int=4, int=1>>>, cutlass::epilogue::threadblock::SharedLoadIterator<cutlass::epilogue::threadblock::OutputTileOptimalThreadMap<cutlass::epilogue::threadblock::OutputTileShape<int=128, int=1, int=4, int=4, int=1>::CompactedThreadMap, cutlass::epilogue::threadblock::OutputTileShape<int=1, int=4, int=2, int=1, int=8>, int=256, int=1, int=32>, float, int=4>, cutlass::epilogue::thread::LinearCombination<float",32594
8.356563,0.001472,,,,,,,,,,112,72.562176,"Pageable","Device","Tesla V100-PCIE-32GB (0)","1","7","[CUDA memcpy HtoD]",32614
8.357366,0.019488,2048,1,1,384,1,1,16,0.000000,0.000000,,,,,"Tesla V100-PCIE-32GB (0)","1","7","void scal_kernel_val<double, double>(cublasScalParamsVal<double, double>)",32728
10.450696,7.961207,1597,4,1,256,1,1,122,16.250000,0.000000,,,,,"Tesla V100-PCIE-32GB (0)","1","7","cosmaSgemm_kernel(float const *, int, float const *, int, float*, int)",32789
10.458668,0.001504,,,,,,,,,,112,71.018300,"Pageable","Device","Tesla V100-PCIE-32GB (0)","1","7","[CUDA memcpy HtoD]",32808
10.459389,0.019008,2048,1,1,384,1,1,16,0.000000,0.000000,,,,,"Tesla V100-PCIE-32GB (0)","1","7","void scal_kernel_val<double, double>(cublasScalParamsVal<double, double>)",32922
10.459850,7.961878,1597,4,1,256,1,1,122,16.250000,0.000000,,,,,"Tesla V100-PCIE-32GB (0)","1","7","cosmaSgemm_kernel(float const *, int, float const *, int, float*, int)",32951
10.467821,0.001504,,,,,,,,,,112,71.018300,"Pageable","Device","Tesla V100-PCIE-32GB (0)","1","7","[CUDA memcpy HtoD]",32970
10.468473,0.019520,2048,1,1,384,1,1,16,0.000000,0.000000,,,,,"Tesla V100-PCIE-32GB (0)","1","7","void scal_kernel_val<double, double>(cublasScalParamsVal<double, double>)",33084
10.468905,7.964791,1597,4,1,256,1,1,122,16.250000,0.000000,,,,,"Tesla V100-PCIE-32GB (0)","1","7","cosmaSgemm_kernel(float const *, int, float const *, int, float*, int)",33113
10.476879,0.001472,,,,,,,,,,112,72.562176,"Pageable","Device","Tesla V100-PCIE-32GB (0)","1","7","[CUDA memcpy HtoD]",33132
10.477507,0.019776,2048,1,1,384,1,1,16,0.000000,0.000000,,,,,"Tesla V100-PCIE-32GB (0)","1","7","void scal_kernel_val<double, double>(cublasScalParamsVal<double, double>)",33246
10.477938,7.958903,1597,4,1,256,1,1,122,16.250000,0.000000,,,,,"Tesla V100-PCIE-32GB (0)","1","7","cosmaSgemm_kernel(float const *, int, float const *, int, float*, int)",33275
10.485905,0.001472,,,,,,,,,,112,72.562176,"Pageable","Device","Tesla V100-PCIE-32GB (0)","1","7","[CUDA memcpy HtoD]",33294
10.488682,0.019360,2048,1,1,384,1,1,16,0.000000,0.000000,,,,,"Tesla V100-PCIE-32GB (0)","1","7","void scal_kernel_val<double, double>(cublasScalParamsVal<double, double>)",33408
10.489283,7.958775,1597,4,1,256,1,1,122,16.250000,0.000000,,,,,"Tesla V100-PCIE-32GB (0)","1","7","cosmaSgemm_kernel(float const *, int, float const *, int, float*, int)",33437
10.497251,0.001504,,,,,,,,,,112,71.018300,"Pageable","Device","Tesla V100-PCIE-32GB (0)","1","7","[CUDA memcpy HtoD]",33456
10.497893,0.019072,2048,1,1,384,1,1,16,0.000000,0.000000,,,,,"Tesla V100-PCIE-32GB (0)","1","7","void scal_kernel_val<double, double>(cublasScalParamsVal<double, double>)",33570
10.498318,7.963735,1597,4,1,256,1,1,122,16.250000,0.000000,,,,,"Tesla V100-PCIE-32GB (0)","1","7","cosmaSgemm_kernel(float const *, int, float const *, int, float*, int)",33599
10.506290,0.001472,,,,,,,,,,112,72.562176,"Pageable","Device","Tesla V100-PCIE-32GB (0)","1","7","[CUDA memcpy HtoD]",33618
10.507617,0.019487,2048,1,1,384,1,1,16,0.000000,0.000000,,,,,"Tesla V100-PCIE-32GB (0)","1","7","void scal_kernel_val<double, double>(cublasScalParamsVal<double, double>)",33732
10.508049,7.961591,1597,4,1,256,1,1,122,16.250000,0.000000,,,,,"Tesla V100-PCIE-32GB (0)","1","7","cosmaSgemm_kernel(float const *, int, float const *, int, float*, int)",33761
10.516019,0.001472,,,,,,,,,,112,72.562176,"Pageable","Device","Tesla V100-PCIE-32GB (0)","1","7","[CUDA memcpy HtoD]",33780
10.516650,0.019743,2048,1,1,384,1,1,16,0.000000,0.000000,,,,,"Tesla V100-PCIE-32GB (0)","1","7","void scal_kernel_val<double, double>(cublasScalParamsVal<double, double>)",33894
10.517084,7.959510,1597,4,1,256,1,1,122,16.250000,0.000000,,,,,"Tesla V100-PCIE-32GB (0)","1","7","cosmaSgemm_kernel(float const *, int, float const *, int, float*, int)",33923
10.525055,0.001504,,,,,,,,,,112,71.018300,"Pageable","Device","Tesla V100-PCIE-32GB (0)","1","7","[CUDA memcpy HtoD]",33942
10.526398,0.018912,2048,1,1,384,1,1,16,0.000000,0.000000,,,,,"Tesla V100-PCIE-32GB (0)","1","7","void scal_kernel_val<double, double>(cublasScalParamsVal<double, double>)",34056
10.526828,7.966295,1597,4,1,256,1,1,122,16.250000,0.000000,,,,,"Tesla V100-PCIE-32GB (0)","1","7","cosmaSgemm_kernel(float const *, int, float const *, int, float*, int)",34085
10.534803,0.001472,,,,,,,,,,112,72.562176,"Pageable","Device","Tesla V100-PCIE-32GB (0)","1","7","[CUDA memcpy HtoD]",34104
10.535435,0.019136,2048,1,1,384,1,1,16,0.000000,0.000000,,,,,"Tesla V100-PCIE-32GB (0)","1","7","void scal_kernel_val<double, double>(cublasScalParamsVal<double, double>)",34218
10.535876,7.958007,1597,4,1,256,1,1,122,16.250000,0.000000,,,,,"Tesla V100-PCIE-32GB (0)","1","7","cosmaSgemm_kernel(float const *, int, float const *, int, float*, int)",34247
10.543843,0.001504,,,,,,,,,,112,71.018300,"Pageable","Device","Tesla V100-PCIE-32GB (0)","1","7","[CUDA memcpy HtoD]",34266
10.544784,0.019072,2048,1,1,384,1,1,16,0.000000,0.000000,,,,,"Tesla V100-PCIE-32GB (0)","1","7","void scal_kernel_val<double, double>(cublasScalParamsVal<double, double>)",34380
10.546289,7.959703,1597,4,1,256,1,1,122,16.250000,0.000000,,,,,"Tesla V100-PCIE-32GB (0)","1","7","cosmaSgemm_kernel(float const *, int, float const *, int, float*, int)",34409
10.554257,0.001504,,,,,,,,,,112,71.018300,"Pageable","Device","Tesla V100-PCIE-32GB (0)","1","7","[CUDA memcpy HtoD]",34428
10.554899,0.019392,2048,1,1,384,1,1,16,0.000000,0.000000,,,,,"Tesla V100-PCIE-32GB (0)","1","7","void scal_kernel_val<double, double>(cublasScalParamsVal<double, double>)",34542
10.555334,7.961303,1597,4,1,256,1,1,122,16.250000,0.000000,,,,,"Tesla V100-PCIE-32GB (0)","1","7","cosmaSgemm_kernel(float const *, int, float const *, int, float*, int)",34571
10.563304,0.001504,,,,,,,,,,112,71.018300,"Pageable","Device","Tesla V100-PCIE-32GB (0)","1","7","[CUDA memcpy HtoD]",34590
10.564479,0.019584,2048,1,1,384,1,1,16,0.000000,0.000000,,,,,"Tesla V100-PCIE-32GB (0)","1","7","void scal_kernel_val<double, double>(cublasScalParamsVal<double, double>)",34704
10.564912,7.960119,1597,4,1,256,1,1,122,16.250000,0.000000,,,,,"Tesla V100-PCIE-32GB (0)","1","7","cosmaSgemm_kernel(float const *, int, float const *, int, float*, int)",34733
10.572881,0.001472,,,,,,,,,,112,72.562176,"Pageable","Device","Tesla V100-PCIE-32GB (0)","1","7","[CUDA memcpy HtoD]",34752
10.573518,0.019328,2048,1,1,384,1,1,16,0.000000,0.000000,,,,,"Tesla V100-PCIE-32GB (0)","1","7","void scal_kernel_val<double, double>(cublasScalParamsVal<double, double>)",34866
10.573952,7.961815,1597,4,1,256,1,1,122,16.250000,0.000000,,,,,"Tesla V100-PCIE-32GB (0)","1","7","cosmaSgemm_kernel(float const *, int, float const *, int, float*, int)",34895
10.581922,0.001504,,,,,,,,,,112,71.018300,"Pageable","Device","Tesla V100-PCIE-32GB (0)","1","7","[CUDA memcpy HtoD]",34914
10.582554,0.019200,2048,1,1,384,1,1,16,0.000000,0.000000,,,,,"Tesla V100-PCIE-32GB (0)","1","7","void scal_kernel_val<double, double>(cublasScalParamsVal<double, double>)",35028
10.582985,7.962871,1597,4,1,256,1,1,122,16.250000,0.000000,,,,,"Tesla V100-PCIE-32GB (0)","1","7","cosmaSgemm_kernel(float const *, int, float const *, int, float*, int)",35057
10.590957,0.001472,,,,,,,,,,112,72.562176,"Pageable","Device","Tesla V100-PCIE-32GB (0)","1","7","[CUDA memcpy HtoD]",35076
10.591595,0.018816,2048,1,1,384,1,1,16,0.000000,0.000000,,,,,"Tesla V100-PCIE-32GB (0)","1","7","void scal_kernel_val<double, double>(cublasScalParamsVal<double, double>)",35190
10.592035,7.963639,1597,4,1,256,1,1,122,16.250000,0.000000,,,,,"Tesla V100-PCIE-32GB (0)","1","7","cosmaSgemm_kernel(float const *, int, float const *, int, float*, int)",35219
10.600008,0.001503,,,,,,,,,,112,71.065551,"Pageable","Device","Tesla V100-PCIE-32GB (0)","1","7","[CUDA memcpy HtoD]",35238
10.600648,0.019007,2048,1,1,384,1,1,16,0.000000,0.000000,,,,,"Tesla V100-PCIE-32GB (0)","1","7","void scal_kernel_val<double, double>(cublasScalParamsVal<double, double>)",35352
10.601095,7.964790,1597,4,1,256,1,1,122,16.250000,0.000000,,,,,"Tesla V100-PCIE-32GB (0)","1","7","cosmaSgemm_kernel(float const *, int, float const *, int, float*, int)",35381
10.609069,0.001504,,,,,,,,,,112,71.018300,"Pageable","Device","Tesla V100-PCIE-32GB (0)","1","7","[CUDA memcpy HtoD]",35400
10.609750,0.019360,2048,1,1,384,1,1,16,0.000000,0.000000,,,,,"Tesla V100-PCIE-32GB (0)","1","7","void scal_kernel_val<double, double>(cublasScalParamsVal<double, double>)",35514
10.610200,7.960023,1597,4,1,256,1,1,122,16.250000,0.000000,,,,,"Tesla V100-PCIE-32GB (0)","1","7","cosmaSgemm_kernel(float const *, int, float const *, int, float*, int)",35543
10.618170,0.001504,,,,,,,,,,112,71.018300,"Pageable","Device","Tesla V100-PCIE-32GB (0)","1","7","[CUDA memcpy HtoD]",35562
10.618849,0.019200,2048,1,1,384,1,1,16,0.000000,0.000000,,,,,"Tesla V100-PCIE-32GB (0)","1","7","void scal_kernel_val<double, double>(cublasScalParamsVal<double, double>)",35676
10.619303,7.962711,1597,4,1,256,1,1,122,16.250000,0.000000,,,,,"Tesla V100-PCIE-32GB (0)","1","7","cosmaSgemm_kernel(float const *, int, float const *, int, float*, int)",35705
10.627275,0.001504,,,,,,,,,,112,71.018300,"Pageable","Device","Tesla V100-PCIE-32GB (0)","1","7","[CUDA memcpy HtoD]",35724
10.627963,0.019455,2048,1,1,384,1,1,16,0.000000,0.000000,,,,,"Tesla V100-PCIE-32GB (0)","1","7","void scal_kernel_val<double, double>(cublasScalParamsVal<double, double>)",35838
10.628408,7.958871,1597,4,1,256,1,1,122,16.250000,0.000000,,,,,"Tesla V100-PCIE-32GB (0)","1","7","cosmaSgemm_kernel(float const *, int, float const *, int, float*, int)",35867
10.636377,0.001536,,,,,,,,,,112,69.538752,"Pageable","Device","Tesla V100-PCIE-32GB (0)","1","7","[CUDA memcpy HtoD]",35886
10.658417,0.018624,2048,1,1,384,1,1,16,0.000000,0.000000,,,,,"Tesla V100-PCIE-32GB (0)","1","7","void scal_kernel_val<double, double>(cublasScalParamsVal<double, double>)",36000
10.660315,7.963511,1597,4,1,256,1,1,122,16.250000,0.000000,,,,,"Tesla V100-PCIE-32GB (0)","1","7","cosmaSgemm_kernel(float const *, int, float const *, int, float*, int)",36029
10.670126,0.001472,,,,,,,,,,112,72.562176,"Pageable","Device","Tesla V100-PCIE-32GB (0)","1","7","[CUDA memcpy HtoD]",36048
10.671689,0.019072,2048,1,1,384,1,1,16,0.000000,0.000000,,,,,"Tesla V100-PCIE-32GB (0)","1","7","void scal_kernel_val<double, double>(cublasScalParamsVal<double, double>)",36162
10.673308,7.959575,1597,4,1,256,1,1,122,16.250000,0.000000,,,,,"Tesla V100-PCIE-32GB (0)","1","7","cosmaSgemm_kernel(float const *, int, float const *, int, float*, int)",36191
10.681279,0.001504,,,,,,,,,,112,71.018300,"Pageable","Device","Tesla V100-PCIE-32GB (0)","1","7","[CUDA memcpy HtoD]",36210
10.691823,0.019359,2048,1,1,384,1,1,16,0.000000,0.000000,,,,,"Tesla V100-PCIE-32GB (0)","1","7","void scal_kernel_val<double, double>(cublasScalParamsVal<double, double>)",36324
10.693078,7.960215,1597,4,1,256,1,1,122,16.250000,0.000000,,,,,"Tesla V100-PCIE-32GB (0)","1","7","cosmaSgemm_kernel(float const *, int, float const *, int, float*, int)",36353
10.701049,0.001504,,,,,,,,,,112,71.018300,"Pageable","Device","Tesla V100-PCIE-32GB (0)","1","7","[CUDA memcpy HtoD]",36372
10.702370,0.019744,2048,1,1,384,1,1,16,0.000000,0.000000,,,,,"Tesla V100-PCIE-32GB (0)","1","7","void scal_kernel_val<double, double>(cublasScalParamsVal<double, double>)",36486
10.703105,7.959639,1597,4,1,256,1,1,122,16.250000,0.000000,,,,,"Tesla V100-PCIE-32GB (0)","1","7","cosmaSgemm_kernel(float const *, int, float const *, int, float*, int)",36515
10.711074,0.001472,,,,,,,,,,112,72.562176,"Pageable","Device","Tesla V100-PCIE-32GB (0)","1","7","[CUDA memcpy HtoD]",36534
10.711764,0.018944,2048,1,1,384,1,1,16,0.000000,0.000000,,,,,"Tesla V100-PCIE-32GB (0)","1","7","void scal_kernel_val<double, double>(cublasScalParamsVal<double, double>)",36648
10.712228,7.960503,1597,4,1,256,1,1,122,16.250000,0.000000,,,,,"Tesla V100-PCIE-32GB (0)","1","7","cosmaSgemm_kernel(float const *, int, float const *, int, float*, int)",36677
10.720197,0.001504,,,,,,,,,,112,71.018300,"Pageable","Device","Tesla V100-PCIE-32GB (0)","1","7","[CUDA memcpy HtoD]",36696
10.720868,0.019744,2048,1,1,384,1,1,16,0.000000,0.000000,,,,,"Tesla V100-PCIE-32GB (0)","1","7","void scal_kernel_val<double, double>(cublasScalParamsVal<double, double>)",36810
10.721321,7.958966,1597,4,1,256,1,1,122,16.250000,0.000000,,,,,"Tesla V100-PCIE-32GB (0)","1","7","cosmaSgemm_kernel(float const *, int, float const *, int, float*, int)",36839
10.729288,0.001472,,,,,,,,,,112,72.562176,"Pageable","Device","Tesla V100-PCIE-32GB (0)","1","7","[CUDA memcpy HtoD]",36858
10.729953,0.019296,2048,1,1,384,1,1,16,0.000000,0.000000,,,,,"Tesla V100-PCIE-32GB (0)","1","7","void scal_kernel_val<double, double>(cublasScalParamsVal<double, double>)",36972
10.730393,7.961143,1597,4,1,256,1,1,122,16.250000,0.000000,,,,,"Tesla V100-PCIE-32GB (0)","1","7","cosmaSgemm_kernel(float const *, int, float const *, int, float*, int)",37001
10.738363,0.001504,,,,,,,,,,112,71.018300,"Pageable","Device","Tesla V100-PCIE-32GB (0)","1","7","[CUDA memcpy HtoD]",37020
10.739041,0.019456,2048,1,1,384,1,1,16,0.000000,0.000000,,,,,"Tesla V100-PCIE-32GB (0)","1","7","void scal_kernel_val<double, double>(cublasScalParamsVal<double, double>)",37134
10.739501,7.958295,1597,4,1,256,1,1,122,16.250000,0.000000,,,,,"Tesla V100-PCIE-32GB (0)","1","7","cosmaSgemm_kernel(float const *, int, float const *, int, float*, int)",37163
10.747468,0.001504,,,,,,,,,,112,71.018300,"Pageable","Device","Tesla V100-PCIE-32GB (0)","1","7","[CUDA memcpy HtoD]",37182
10.749769,0.018944,2048,1,1,384,1,1,16,0.000000,0.000000,,,,,"Tesla V100-PCIE-32GB (0)","1","7","void scal_kernel_val<double, double>(cublasScalParamsVal<double, double>)",37296
10.750209,7.962295,1597,4,1,256,1,1,122,16.250000,0.000000,,,,,"Tesla V100-PCIE-32GB (0)","1","7","cosmaSgemm_kernel(float const *, int, float const *, int, float*, int)",37325
10.758180,0.001504,,,,,,,,,,112,71.018300,"Pageable","Device","Tesla V100-PCIE-32GB (0)","1","7","[CUDA memcpy HtoD]",37344
10.758844,0.019295,2048,1,1,384,1,1,16,0.000000,0.000000,,,,,"Tesla V100-PCIE-32GB (0)","1","7","void scal_kernel_val<double, double>(cublasScalParamsVal<double, double>)",37458
10.759280,7.963510,1597,4,1,256,1,1,122,16.250000,0.000000,,,,,"Tesla V100-PCIE-32GB (0)","1","7","cosmaSgemm_kernel(float const *, int, float const *, int, float*, int)",37487
10.767253,0.001504,,,,,,,,,,112,71.018300,"Pageable","Device","Tesla V100-PCIE-32GB (0)","1","7","[CUDA memcpy HtoD]",37506
10.770326,0.018816,2048,1,1,384,1,1,16,0.000000,0.000000,,,,,"Tesla V100-PCIE-32GB (0)","1","7","void scal_kernel_val<double, double>(cublasScalParamsVal<double, double>)",37620
10.770773,7.960663,1597,4,1,256,1,1,122,16.250000,0.000000,,,,,"Tesla V100-PCIE-32GB (0)","1","7","cosmaSgemm_kernel(float const *, int, float const *, int, float*, int)",37649
10.778745,0.001504,,,,,,,,,,112,71.018300,"Pageable","Device","Tesla V100-PCIE-32GB (0)","1","7","[CUDA memcpy HtoD]",37668
10.779403,0.019168,2048,1,1,384,1,1,16,0.000000,0.000000,,,,,"Tesla V100-PCIE-32GB (0)","1","7","void scal_kernel_val<double, double>(cublasScalParamsVal<double, double>)",37782
10.779848,7.961110,1597,4,1,256,1,1,122,16.250000,0.000000,,,,,"Tesla V100-PCIE-32GB (0)","1","7","cosmaSgemm_kernel(float const *, int, float const *, int, float*, int)",37811
10.787818,0.001472,,,,,,,,,,112,72.562176,"Pageable","Device","Tesla V100-PCIE-32GB (0)","1","7","[CUDA memcpy HtoD]",37830
10.790898,0.018944,2048,1,1,384,1,1,16,0.000000,0.000000,,,,,"Tesla V100-PCIE-32GB (0)","1","7","void scal_kernel_val<double, double>(cublasScalParamsVal<double, double>)",37944
10.791338,7.961079,1597,4,1,256,1,1,122,16.250000,0.000000,,,,,"Tesla V100-PCIE-32GB (0)","1","7","cosmaSgemm_kernel(float const *, int, float const *, int, float*, int)",37973
10.799308,0.001472,,,,,,,,,,112,72.562176,"Pageable","Device","Tesla V100-PCIE-32GB (0)","1","7","[CUDA memcpy HtoD]",37992
10.799973,0.019615,2048,1,1,384,1,1,16,0.000000,0.000000,,,,,"Tesla V100-PCIE-32GB (0)","1","7","void scal_kernel_val<double, double>(cublasScalParamsVal<double, double>)",38106
10.800415,7.962198,1597,4,1,256,1,1,122,16.250000,0.000000,,,,,"Tesla V100-PCIE-32GB (0)","1","7","cosmaSgemm_kernel(float const *, int, float const *, int, float*, int)",38135
10.808386,0.001504,,,,,,,,,,112,71.018300,"Pageable","Device","Tesla V100-PCIE-32GB (0)","1","7","[CUDA memcpy HtoD]",38154
10.809054,0.019264,2048,1,1,384,1,1,16,0.000000,0.000000,,,,,"Tesla V100-PCIE-32GB (0)","1","7","void scal_kernel_val<double, double>(cublasScalParamsVal<double, double>)",38268
10.809493,7.961367,1597,4,1,256,1,1,122,16.250000,0.000000,,,,,"Tesla V100-PCIE-32GB (0)","1","7","cosmaSgemm_kernel(float const *, int, float const *, int, float*, int)",38297
10.817463,0.001504,,,,,,,,,,112,71.018300,"Pageable","Device","Tesla V100-PCIE-32GB (0)","1","7","[CUDA memcpy HtoD]",38316
10.818130,0.019104,2048,1,1,384,1,1,16,0.000000,0.000000,,,,,"Tesla V100-PCIE-32GB (0)","1","7","void scal_kernel_val<double, double>(cublasScalParamsVal<double, double>)",38430
10.818567,7.955767,1597,4,1,256,1,1,122,16.250000,0.000000,,,,,"Tesla V100-PCIE-32GB (0)","1","7","cosmaSgemm_kernel(float const *, int, float const *, int, float*, int)",38459
10.826532,0.001472,,,,,,,,,,112,72.562176,"Pageable","Device","Tesla V100-PCIE-32GB (0)","1","7","[CUDA memcpy HtoD]",38478
10.827200,0.019136,2048,1,1,384,1,1,16,0.000000,0.000000,,,,,"Tesla V100-PCIE-32GB (0)","1","7","void scal_kernel_val<double, double>(cublasScalParamsVal<double, double>)",38592
10.827637,7.956439,1597,4,1,256,1,1,122,16.250000,0.000000,,,,,"Tesla V100-PCIE-32GB (0)","1","7","cosmaSgemm_kernel(float const *, int, float const *, int, float*, int)",38621
10.835602,0.001504,,,,,,,,,,112,71.018300,"Pageable","Device","Tesla V100-PCIE-32GB (0)","1","7","[CUDA memcpy HtoD]",38640
10.836278,0.019680,2048,1,1,384,1,1,16,0.000000,0.000000,,,,,"Tesla V100-PCIE-32GB (0)","1","7","void scal_kernel_val<double, double>(cublasScalParamsVal<double, double>)",38754
10.836733,7.960599,1597,4,1,256,1,1,122,16.250000,0.000000,,,,,"Tesla V100-PCIE-32GB (0)","1","7","cosmaSgemm_kernel(float const *, int, float const *, int, float*, int)",38783
10.844706,0.001504,,,,,,,,,,112,71.018300,"Pageable","Device","Tesla V100-PCIE-32GB (0)","1","7","[CUDA memcpy HtoD]",38802
10.845366,0.018816,2048,1,1,384,1,1,16,0.000000,0.000000,,,,,"Tesla V100-PCIE-32GB (0)","1","7","void scal_kernel_val<double, double>(cublasScalParamsVal<double, double>)",38916
10.849415,7.964663,1597,4,1,256,1,1,122,16.250000,0.000000,,,,,"Tesla V100-PCIE-32GB (0)","1","7","cosmaSgemm_kernel(float const *, int, float const *, int, float*, int)",38945
10.857388,0.001472,,,,,,,,,,112,72.562176,"Pageable","Device","Tesla V100-PCIE-32GB (0)","1","7","[CUDA memcpy HtoD]",38964
10.858058,0.019264,2048,1,1,384,1,1,16,0.000000,0.000000,,,,,"Tesla V100-PCIE-32GB (0)","1","7","void scal_kernel_val<double, double>(cublasScalParamsVal<double, double>)",39078
10.858494,7.957847,1597,4,1,256,1,1,122,16.250000,0.000000,,,,,"Tesla V100-PCIE-32GB (0)","1","7","cosmaSgemm_kernel(float const *, int, float const *, int, float*, int)",39107
10.866460,0.001504,,,,,,,,,,112,71.018300,"Pageable","Device","Tesla V100-PCIE-32GB (0)","1","7","[CUDA memcpy HtoD]",39126
10.867960,0.019040,2048,1,1,384,1,1,16,0.000000,0.000000,,,,,"Tesla V100-PCIE-32GB (0)","1","7","void scal_kernel_val<double, double>(cublasScalParamsVal<double, double>)",39240
10.868400,7.953623,1597,4,1,256,1,1,122,16.250000,0.000000,,,,,"Tesla V100-PCIE-32GB (0)","1","7","cosmaSgemm_kernel(float const *, int, float const *, int, float*, int)",39269
10.876362,0.001504,,,,,,,,,,112,71.018300,"Pageable","Device","Tesla V100-PCIE-32GB (0)","1","7","[CUDA memcpy HtoD]",39288
10.877032,0.019040,2048,1,1,384,1,1,16,0.000000,0.000000,,,,,"Tesla V100-PCIE-32GB (0)","1","7","void scal_kernel_val<double, double>(cublasScalParamsVal<double, double>)",39402
10.877478,7.965303,1597,4,1,256,1,1,122,16.250000,0.000000,,,,,"Tesla V100-PCIE-32GB (0)","1","7","cosmaSgemm_kernel(float const *, int, float const *, int, float*, int)",39431
10.885452,0.001504,,,,,,,,,,112,71.018300,"Pageable","Device","Tesla V100-PCIE-32GB (0)","1","7","[CUDA memcpy HtoD]",39450
10.886120,0.019232,2048,1,1,384,1,1,16,0.000000,0.000000,,,,,"Tesla V100-PCIE-32GB (0)","1","7","void scal_kernel_val<double, double>(cublasScalParamsVal<double, double>)",39564
10.886559,7.961687,1597,4,1,256,1,1,122,16.250000,0.000000,,,,,"Tesla V100-PCIE-32GB (0)","1","7","cosmaSgemm_kernel(float const *, int, float const *, int, float*, int)",39593
10.894529,0.001504,,,,,,,,,,112,71.018300,"Pageable","Device","Tesla V100-PCIE-32GB (0)","1","7","[CUDA memcpy HtoD]",39612
10.895196,0.018944,2048,1,1,384,1,1,16,0.000000,0.000000,,,,,"Tesla V100-PCIE-32GB (0)","1","7","void scal_kernel_val<double, double>(cublasScalParamsVal<double, double>)",39726
10.895637,7.965879,1597,4,1,256,1,1,122,16.250000,0.000000,,,,,"Tesla V100-PCIE-32GB (0)","1","7","cosmaSgemm_kernel(float const *, int, float const *, int, float*, int)",39755
10.903614,0.001504,,,,,,,,,,112,71.018300,"Pageable","Device","Tesla V100-PCIE-32GB (0)","1","7","[CUDA memcpy HtoD]",39774
10.905088,0.018943,2048,1,1,384,1,1,16,0.000000,0.000000,,,,,"Tesla V100-PCIE-32GB (0)","1","7","void scal_kernel_val<double, double>(cublasScalParamsVal<double, double>)",39888
10.905532,7.958134,1597,4,1,256,1,1,122,16.250000,0.000000,,,,,"Tesla V100-PCIE-32GB (0)","1","7","cosmaSgemm_kernel(float const *, int, float const *, int, float*, int)",39917
10.913499,0.001472,,,,,,,,,,112,72.562176,"Pageable","Device","Tesla V100-PCIE-32GB (0)","1","7","[CUDA memcpy HtoD]",39936
10.914174,0.019488,2048,1,1,384,1,1,16,0.000000,0.000000,,,,,"Tesla V100-PCIE-32GB (0)","1","7","void scal_kernel_val<double, double>(cublasScalParamsVal<double, double>)",40050
10.914612,7.961239,1597,4,1,256,1,1,122,16.250000,0.000000,,,,,"Tesla V100-PCIE-32GB (0)","1","7","cosmaSgemm_kernel(float const *, int, float const *, int, float*, int)",40079
10.922582,0.001472,,,,,,,,,,112,72.562176,"Pageable","Device","Tesla V100-PCIE-32GB (0)","1","7","[CUDA memcpy HtoD]",40098
10.923249,0.019391,2048,1,1,384,1,1,16,0.000000,0.000000,,,,,"Tesla V100-PCIE-32GB (0)","1","7","void scal_kernel_val<double, double>(cublasScalParamsVal<double, double>)",40212
10.923686,7.960662,1597,4,1,256,1,1,122,16.250000,0.000000,,,,,"Tesla V100-PCIE-32GB (0)","1","7","cosmaSgemm_kernel(float const *, int, float const *, int, float*, int)",40241
10.931656,0.001536,,,,,,,,,,112,69.538752,"Pageable","Device","Tesla V100-PCIE-32GB (0)","1","7","[CUDA memcpy HtoD]",40260
10.932331,0.019104,2048,1,1,384,1,1,16,0.000000,0.000000,,,,,"Tesla V100-PCIE-32GB (0)","1","7","void scal_kernel_val<double, double>(cublasScalParamsVal<double, double>)",40374
10.932791,7.957111,1597,4,1,256,1,1,122,16.250000,0.000000,,,,,"Tesla V100-PCIE-32GB (0)","1","7","cosmaSgemm_kernel(float const *, int, float const *, int, float*, int)",40403
10.940757,0.001504,,,,,,,,,,112,71.018300,"Pageable","Device","Tesla V100-PCIE-32GB (0)","1","7","[CUDA memcpy HtoD]",40422
10.941420,0.019455,2048,1,1,384,1,1,16,0.000000,0.000000,,,,,"Tesla V100-PCIE-32GB (0)","1","7","void scal_kernel_val<double, double>(cublasScalParamsVal<double, double>)",40536
10.941875,7.958167,1597,4,1,256,1,1,122,16.250000,0.000000,,,,,"Tesla V100-PCIE-32GB (0)","1","7","cosmaSgemm_kernel(float const *, int, float const *, int, float*, int)",40565
10.949843,0.001504,,,,,,,,,,112,71.018300,"Pageable","Device","Tesla V100-PCIE-32GB (0)","1","7","[CUDA memcpy HtoD]",40584
10.951223,0.019199,2048,1,1,384,1,1,16,0.000000,0.000000,,,,,"Tesla V100-PCIE-32GB (0)","1","7","void scal_kernel_val<double, double>(cublasScalParamsVal<double, double>)",40698
10.951662,7.957110,1597,4,1,256,1,1,122,16.250000,0.000000,,,,,"Tesla V100-PCIE-32GB (0)","1","7","cosmaSgemm_kernel(float const *, int, float const *, int, float*, int)",40727
10.959628,0.001504,,,,,,,,,,112,71.018300,"Pageable","Device","Tesla V100-PCIE-32GB (0)","1","7","[CUDA memcpy HtoD]",40746
10.960265,0.019456,2048,1,1,384,1,1,16,0.000000,0.000000,,,,,"Tesla V100-PCIE-32GB (0)","1","7","void scal_kernel_val<double, double>(cublasScalParamsVal<double, double>)",40860
10.960692,7.960790,1597,4,1,256,1,1,122,16.250000,0.000000,,,,,"Tesla V100-PCIE-32GB (0)","1","7","cosmaSgemm_kernel(float const *, int, float const *, int, float*, int)",40889
10.968661,0.001472,,,,,,,,,,112,72.562176,"Pageable","Device","Tesla V100-PCIE-32GB (0)","1","7","[CUDA memcpy HtoD]",40908
10.971850,0.019808,2048,1,1,384,1,1,16,0.000000,0.000000,,,,,"Tesla V100-PCIE-32GB (0)","1","7","void scal_kernel_val<double, double>(cublasScalParamsVal<double, double>)",41022
10.972285,7.957335,1597,4,1,256,1,1,122,16.250000,0.000000,,,,,"Tesla V100-PCIE-32GB (0)","1","7","cosmaSgemm_kernel(float const *, int, float const *, int, float*, int)",41051
10.980251,0.001504,,,,,,,,,,112,71.018300,"Pageable","Device","Tesla V100-PCIE-32GB (0)","1","7","[CUDA memcpy HtoD]",41070
10.980905,0.019840,2048,1,1,384,1,1,16,0.000000,0.000000,,,,,"Tesla V100-PCIE-32GB (0)","1","7","void scal_kernel_val<double, double>(cublasScalParamsVal<double, double>)",41184
10.981337,7.959767,1597,4,1,256,1,1,122,16.250000,0.000000,,,,,"Tesla V100-PCIE-32GB (0)","1","7","cosmaSgemm_kernel(float const *, int, float const *, int, float*, int)",41213
10.989305,0.001504,,,,,,,,,,112,71.018300,"Pageable","Device","Tesla V100-PCIE-32GB (0)","1","7","[CUDA memcpy HtoD]",41232
10.989944,0.019360,2048,1,1,384,1,1,16,0.000000,0.000000,,,,,"Tesla V100-PCIE-32GB (0)","1","7","void scal_kernel_val<double, double>(cublasScalParamsVal<double, double>)",41346
10.990368,7.961079,1597,4,1,256,1,1,122,16.250000,0.000000,,,,,"Tesla V100-PCIE-32GB (0)","1","7","cosmaSgemm_kernel(float const *, int, float const *, int, float*, int)",41375
10.998340,0.001472,,,,,,,,,,112,72.562176,"Pageable","Device","Tesla V100-PCIE-32GB (0)","1","7","[CUDA memcpy HtoD]",41394
10.998979,0.019519,2048,1,1,384,1,1,16,0.000000,0.000000,,,,,"Tesla V100-PCIE-32GB (0)","1","7","void scal_kernel_val<double, double>(cublasScalParamsVal<double, double>)",41508
10.999404,7.959095,1597,4,1,256,1,1,122,16.250000,0.000000,,,,,"Tesla V100-PCIE-32GB (0)","1","7","cosmaSgemm_kernel(float const *, int, float const *, int, float*, int)",41537
11.007372,0.001472,,,,,,,,,,112,72.562176,"Pageable","Device","Tesla V100-PCIE-32GB (0)","1","7","[CUDA memcpy HtoD]",41556
11.009229,0.018944,2048,1,1,384,1,1,16,0.000000,0.000000,,,,,"Tesla V100-PCIE-32GB (0)","1","7","void scal_kernel_val<double, double>(cublasScalParamsVal<double, double>)",41670
11.009655,7.959830,1597,4,1,256,1,1,122,16.250000,0.000000,,,,,"Tesla V100-PCIE-32GB (0)","1","7","cosmaSgemm_kernel(float const *, int, float const *, int, float*, int)",41699
11.017623,0.001504,,,,,,,,,,112,71.018300,"Pageable","Device","Tesla V100-PCIE-32GB (0)","1","7","[CUDA memcpy HtoD]",41718
11.018266,0.019712,2048,1,1,384,1,1,16,0.000000,0.000000,,,,,"Tesla V100-PCIE-32GB (0)","1","7","void scal_kernel_val<double, double>(cublasScalParamsVal<double, double>)",41832
11.018692,7.955831,1597,4,1,256,1,1,122,16.250000,0.000000,,,,,"Tesla V100-PCIE-32GB (0)","1","7","cosmaSgemm_kernel(float const *, int, float const *, int, float*, int)",41861
11.026660,0.001504,,,,,,,,,,112,71.018300,"Pageable","Device","Tesla V100-PCIE-32GB (0)","1","7","[CUDA memcpy HtoD]",41880
11.028637,0.018880,2048,1,1,384,1,1,16,0.000000,0.000000,,,,,"Tesla V100-PCIE-32GB (0)","1","7","void scal_kernel_val<double, double>(cublasScalParamsVal<double, double>)",41994
11.041579,7.960311,1597,4,1,256,1,1,122,16.250000,0.000000,,,,,"Tesla V100-PCIE-32GB (0)","1","7","cosmaSgemm_kernel(float const *, int, float const *, int, float*, int)",42023
11.049548,0.001504,,,,,,,,,,112,71.018300,"Pageable","Device","Tesla V100-PCIE-32GB (0)","1","7","[CUDA memcpy HtoD]",42042
11.050235,0.018943,2048,1,1,384,1,1,16,0.000000,0.000000,,,,,"Tesla V100-PCIE-32GB (0)","1","7","void scal_kernel_val<double, double>(cublasScalParamsVal<double, double>)",42156
11.050681,7.960535,1597,4,1,256,1,1,122,16.250000,0.000000,,,,,"Tesla V100-PCIE-32GB (0)","1","7","cosmaSgemm_kernel(float const *, int, float const *, int, float*, int)",42185
11.058650,0.001504,,,,,,,,,,112,71.018300,"Pageable","Device","Tesla V100-PCIE-32GB (0)","1","7","[CUDA memcpy HtoD]",42204
11.059333,0.019040,2048,1,1,384,1,1,16,0.000000,0.000000,,,,,"Tesla V100-PCIE-32GB (0)","1","7","void scal_kernel_val<double, double>(cublasScalParamsVal<double, double>)",42318
11.059786,7.960695,1597,4,1,256,1,1,122,16.250000,0.000000,,,,,"Tesla V100-PCIE-32GB (0)","1","7","cosmaSgemm_kernel(float const *, int, float const *, int, float*, int)",42347
11.067756,0.001472,,,,,,,,,,112,72.562176,"Pageable","Device","Tesla V100-PCIE-32GB (0)","1","7","[CUDA memcpy HtoD]",42366
11.069179,0.019168,2048,1,1,384,1,1,16,0.000000,0.000000,,,,,"Tesla V100-PCIE-32GB (0)","1","7","void scal_kernel_val<double, double>(cublasScalParamsVal<double, double>)",42480
11.069619,7.959127,1597,4,1,256,1,1,122,16.250000,0.000000,,,,,"Tesla V100-PCIE-32GB (0)","1","7","cosmaSgemm_kernel(float const *, int, float const *, int, float*, int)",42509
11.077587,0.001600,,,,,,,,,,112,66.757202,"Pageable","Device","Tesla V100-PCIE-32GB (0)","1","7","[CUDA memcpy HtoD]",42528
11.078255,0.019648,2048,1,1,384,1,1,16,0.000000,0.000000,,,,,"Tesla V100-PCIE-32GB (0)","1","7","void scal_kernel_val<double, double>(cublasScalParamsVal<double, double>)",42642
11.078693,7.959959,1597,4,1,256,1,1,122,16.250000,0.000000,,,,,"Tesla V100-PCIE-32GB (0)","1","7","cosmaSgemm_kernel(float const *, int, float const *, int, float*, int)",42671
11.086663,0.001472,,,,,,,,,,112,72.562176,"Pageable","Device","Tesla V100-PCIE-32GB (0)","1","7","[CUDA memcpy HtoD]",42690
11.087334,0.019583,2048,1,1,384,1,1,16,0.000000,0.000000,,,,,"Tesla V100-PCIE-32GB (0)","1","7","void scal_kernel_val<double, double>(cublasScalParamsVal<double, double>)",42804
11.091083,7.957847,1597,4,1,256,1,1,122,16.250000,0.000000,,,,,"Tesla V100-PCIE-32GB (0)","1","7","cosmaSgemm_kernel(float const *, int, float const *, int, float*, int)",42833
11.099051,0.001472,,,,,,,,,,112,72.562176,"Pageable","Device","Tesla V100-PCIE-32GB (0)","1","7","[CUDA memcpy HtoD]",42852
11.099727,0.019840,2048,1,1,384,1,1,16,0.000000,0.000000,,,,,"Tesla V100-PCIE-32GB (0)","1","7","void scal_kernel_val<double, double>(cublasScalParamsVal<double, double>)",42966
11.100175,7.963094,1597,4,1,256,1,1,122,16.250000,0.000000,,,,,"Tesla V100-PCIE-32GB (0)","1","7","cosmaSgemm_kernel(float const *, int, float const *, int, float*, int)",42995
11.108147,0.001472,,,,,,,,,,112,72.562176,"Pageable","Device","Tesla V100-PCIE-32GB (0)","1","7","[CUDA memcpy HtoD]",43014
11.111922,0.019167,2048,1,1,384,1,1,16,0.000000,0.000000,,,,,"Tesla V100-PCIE-32GB (0)","1","7","void scal_kernel_val<double, double>(cublasScalParamsVal<double, double>)",43128
11.112374,7.959159,1597,4,1,256,1,1,122,16.250000,0.000000,,,,,"Tesla V100-PCIE-32GB (0)","1","7","cosmaSgemm_kernel(float const *, int, float const *, int, float*, int)",43157
11.120342,0.001504,,,,,,,,,,112,71.018300,"Pageable","Device","Tesla V100-PCIE-32GB (0)","1","7","[CUDA memcpy HtoD]",43176
11.121039,0.019296,2048,1,1,384,1,1,16,0.000000,0.000000,,,,,"Tesla V100-PCIE-32GB (0)","1","7","void scal_kernel_val<double, double>(cublasScalParamsVal<double, double>)",43290
11.121478,7.960887,1597,4,1,256,1,1,122,16.250000,0.000000,,,,,"Tesla V100-PCIE-32GB (0)","1","7","cosmaSgemm_kernel(float const *, int, float const *, int, float*, int)",43319
11.129448,0.001504,,,,,,,,,,112,71.018300,"Pageable","Device","Tesla V100-PCIE-32GB (0)","1","7","[CUDA memcpy HtoD]",43338
11.132682,0.018784,2048,1,1,384,1,1,16,0.000000,0.000000,,,,,"Tesla V100-PCIE-32GB (0)","1","7","void scal_kernel_val<double, double>(cublasScalParamsVal<double, double>)",43452
11.133154,7.959543,1597,4,1,256,1,1,122,16.250000,0.000000,,,,,"Tesla V100-PCIE-32GB (0)","1","7","cosmaSgemm_kernel(float const *, int, float const *, int, float*, int)",43481
11.141125,0.001472,,,,,,,,,,112,72.562176,"Pageable","Device","Tesla V100-PCIE-32GB (0)","1","7","[CUDA memcpy HtoD]",43500
11.141817,0.018592,2048,1,1,384,1,1,16,0.000000,0.000000,,,,,"Tesla V100-PCIE-32GB (0)","1","7","void scal_kernel_val<double, double>(cublasScalParamsVal<double, double>)",43614
11.142273,7.962070,1597,4,1,256,1,1,122,16.250000,0.000000,,,,,"Tesla V100-PCIE-32GB (0)","1","7","cosmaSgemm_kernel(float const *, int, float const *, int, float*, int)",43643
11.150243,0.001504,,,,,,,,,,112,71.018300,"Pageable","Device","Tesla V100-PCIE-32GB (0)","1","7","[CUDA memcpy HtoD]",43662
11.150930,0.019424,2048,1,1,384,1,1,16,0.000000,0.000000,,,,,"Tesla V100-PCIE-32GB (0)","1","7","void scal_kernel_val<double, double>(cublasScalParamsVal<double, double>)",43776
11.151377,7.959415,1597,4,1,256,1,1,122,16.250000,0.000000,,,,,"Tesla V100-PCIE-32GB (0)","1","7","cosmaSgemm_kernel(float const *, int, float const *, int, float*, int)",43805
11.159345,0.001472,,,,,,,,,,112,72.562176,"Pageable","Device","Tesla V100-PCIE-32GB (0)","1","7","[CUDA memcpy HtoD]",43824
11.160030,0.019648,2048,1,1,384,1,1,16,0.000000,0.000000,,,,,"Tesla V100-PCIE-32GB (0)","1","7","void scal_kernel_val<double, double>(cublasScalParamsVal<double, double>)",43938
11.160480,7.960151,1597,4,1,256,1,1,122,16.250000,0.000000,,,,,"Tesla V100-PCIE-32GB (0)","1","7","cosmaSgemm_kernel(float const *, int, float const *, int, float*, int)",43967
11.168449,0.001504,,,,,,,,,,112,71.018300,"Pageable","Device","Tesla V100-PCIE-32GB (0)","1","7","[CUDA memcpy HtoD]",43986
11.169138,0.019520,2048,1,1,384,1,1,16,0.000000,0.000000,,,,,"Tesla V100-PCIE-32GB (0)","1","7","void scal_kernel_val<double, double>(cublasScalParamsVal<double, double>)",44100
11.169584,7.958103,1597,4,1,256,1,1,122,16.250000,0.000000,,,,,"Tesla V100-PCIE-32GB (0)","1","7","cosmaSgemm_kernel(float const *, int, float const *, int, float*, int)",44129
11.177552,0.001504,,,,,,,,,,112,71.018300,"Pageable","Device","Tesla V100-PCIE-32GB (0)","1","7","[CUDA memcpy HtoD]",44148
11.178252,0.019264,2048,1,1,384,1,1,16,0.000000,0.000000,,,,,"Tesla V100-PCIE-32GB (0)","1","7","void scal_kernel_val<double, double>(cublasScalParamsVal<double, double>)",44262
11.178708,7.958583,1597,4,1,256,1,1,122,16.250000,0.000000,,,,,"Tesla V100-PCIE-32GB (0)","1","7","cosmaSgemm_kernel(float const *, int, float const *, int, float*, int)",44291
11.186676,0.001472,,,,,,,,,,112,72.562176,"Pageable","Device","Tesla V100-PCIE-32GB (0)","1","7","[CUDA memcpy HtoD]",44310
11.191175,0.019584,2048,1,1,384,1,1,16,0.000000,0.000000,,,,,"Tesla V100-PCIE-32GB (0)","1","7","void scal_kernel_val<double, double>(cublasScalParamsVal<double, double>)",44424
11.191621,7.961431,1597,4,1,256,1,1,122,16.250000,0.000000,,,,,"Tesla V100-PCIE-32GB (0)","1","7","cosmaSgemm_kernel(float const *, int, float const *, int, float*, int)",44453
11.199591,0.001504,,,,,,,,,,112,71.018300,"Pageable","Device","Tesla V100-PCIE-32GB (0)","1","7","[CUDA memcpy HtoD]",44472
11.200265,0.019167,2048,1,1,384,1,1,16,0.000000,0.000000,,,,,"Tesla V100-PCIE-32GB (0)","1","7","void scal_kernel_val<double, double>(cublasScalParamsVal<double, double>)",44586
11.200714,7.958358,1597,4,1,256,1,1,122,16.250000,0.000000,,,,,"Tesla V100-PCIE-32GB (0)","1","7","cosmaSgemm_kernel(float const *, int, float const *, int, float*, int)",44615
11.208682,0.001472,,,,,,,,,,112,72.562176,"Pageable","Device","Tesla V100-PCIE-32GB (0)","1","7","[CUDA memcpy HtoD]",44634
11.209634,0.018847,2048,1,1,384,1,1,16,0.000000,0.000000,,,,,"Tesla V100-PCIE-32GB (0)","1","7","void scal_kernel_val<double, double>(cublasScalParamsVal<double, double>)",44748
11.210074,7.962614,1597,4,1,256,1,1,122,16.250000,0.000000,,,,,"Tesla V100-PCIE-32GB (0)","1","7","cosmaSgemm_kernel(float const *, int, float const *, int, float*, int)",44777
11.218045,0.001504,,,,,,,,,,112,71.018300,"Pageable","Device","Tesla V100-PCIE-32GB (0)","1","7","[CUDA memcpy HtoD]",44796
11.218716,0.019456,2048,1,1,384,1,1,16,0.000000,0.000000,,,,,"Tesla V100-PCIE-32GB (0)","1","7","void scal_kernel_val<double, double>(cublasScalParamsVal<double, double>)",44910
11.219156,7.960983,1597,4,1,256,1,1,122,16.250000,0.000000,,,,,"Tesla V100-PCIE-32GB (0)","1","7","cosmaSgemm_kernel(float const *, int, float const *, int, float*, int)",44939
11.227126,0.001504,,,,,,,,,,112,71.018300,"Pageable","Device","Tesla V100-PCIE-32GB (0)","1","7","[CUDA memcpy HtoD]",44958
11.227804,0.019199,2048,1,1,384,1,1,16,0.000000,0.000000,,,,,"Tesla V100-PCIE-32GB (0)","1","7","void scal_kernel_val<double, double>(cublasScalParamsVal<double, double>)",45072
11.228240,7.958678,1597,4,1,256,1,1,122,16.250000,0.000000,,,,,"Tesla V100-PCIE-32GB (0)","1","7","cosmaSgemm_kernel(float const *, int, float const *, int, float*, int)",45101
11.236210,0.001504,,,,,,,,,,112,71.018300,"Pageable","Device","Tesla V100-PCIE-32GB (0)","1","7","[CUDA memcpy HtoD]",45120
11.236890,0.019328,2048,1,1,384,1,1,16,0.000000,0.000000,,,,,"Tesla V100-PCIE-32GB (0)","1","7","void scal_kernel_val<double, double>(cublasScalParamsVal<double, double>)",45234
11.237322,7.958999,1597,4,1,256,1,1,122,16.250000,0.000000,,,,,"Tesla V100-PCIE-32GB (0)","1","7","cosmaSgemm_kernel(float const *, int, float const *, int, float*, int)",45263
11.245290,0.001472,,,,,,,,,,112,72.562176,"Pageable","Device","Tesla V100-PCIE-32GB (0)","1","7","[CUDA memcpy HtoD]",45282
11.245963,0.019296,2048,1,1,384,1,1,16,0.000000,0.000000,,,,,"Tesla V100-PCIE-32GB (0)","1","7","void scal_kernel_val<double, double>(cublasScalParamsVal<double, double>)",45396
11.246387,7.962071,1597,4,1,256,1,1,122,16.250000,0.000000,,,,,"Tesla V100-PCIE-32GB (0)","1","7","cosmaSgemm_kernel(float const *, int, float const *, int, float*, int)",45425
11.254359,0.001471,,,,,,,,,,112,72.611505,"Pageable","Device","Tesla V100-PCIE-32GB (0)","1","7","[CUDA memcpy HtoD]",45444
11.255030,0.018880,2048,1,1,384,1,1,16,0.000000,0.000000,,,,,"Tesla V100-PCIE-32GB (0)","1","7","void scal_kernel_val<double, double>(cublasScalParamsVal<double, double>)",45558
11.255454,7.961527,1597,4,1,256,1,1,122,16.250000,0.000000,,,,,"Tesla V100-PCIE-32GB (0)","1","7","cosmaSgemm_kernel(float const *, int, float const *, int, float*, int)",45587
11.263427,0.001504,,,,,,,,,,112,71.018300,"Pageable","Device","Tesla V100-PCIE-32GB (0)","1","7","[CUDA memcpy HtoD]",45606
11.264103,0.019584,2048,1,1,384,1,1,16,0.000000,0.000000,,,,,"Tesla V100-PCIE-32GB (0)","1","7","void scal_kernel_val<double, double>(cublasScalParamsVal<double, double>)",45720
11.264546,7.966103,1597,4,1,256,1,1,122,16.250000,0.000000,,,,,"Tesla V100-PCIE-32GB (0)","1","7","cosmaSgemm_kernel(float const *, int, float const *, int, float*, int)",45749
11.272521,0.001472,,,,,,,,,,112,72.562176,"Pageable","Device","Tesla V100-PCIE-32GB (0)","1","7","[CUDA memcpy HtoD]",45768
11.273200,0.019168,2048,1,1,384,1,1,16,0.000000,0.000000,,,,,"Tesla V100-PCIE-32GB (0)","1","7","void scal_kernel_val<double, double>(cublasScalParamsVal<double, double>)",45882
11.273637,7.962999,1597,4,1,256,1,1,122,16.250000,0.000000,,,,,"Tesla V100-PCIE-32GB (0)","1","7","cosmaSgemm_kernel(float const *, int, float const *, int, float*, int)",45911
11.281608,0.001504,,,,,,,,,,112,71.018300,"Pageable","Device","Tesla V100-PCIE-32GB (0)","1","7","[CUDA memcpy HtoD]",45930
11.282271,0.018816,2048,1,1,384,1,1,16,0.000000,0.000000,,,,,"Tesla V100-PCIE-32GB (0)","1","7","void scal_kernel_val<double, double>(cublasScalParamsVal<double, double>)",46044
11.282709,7.958423,1597,4,1,256,1,1,122,16.250000,0.000000,,,,,"Tesla V100-PCIE-32GB (0)","1","7","cosmaSgemm_kernel(float const *, int, float const *, int, float*, int)",46073
11.290676,0.001472,,,,,,,,,,112,72.562176,"Pageable","Device","Tesla V100-PCIE-32GB (0)","1","7","[CUDA memcpy HtoD]",46092
11.291354,0.019328,2048,1,1,384,1,1,16,0.000000,0.000000,,,,,"Tesla V100-PCIE-32GB (0)","1","7","void scal_kernel_val<double, double>(cublasScalParamsVal<double, double>)",46206
11.291805,7.961207,1597,4,1,256,1,1,122,16.250000,0.000000,,,,,"Tesla V100-PCIE-32GB (0)","1","7","cosmaSgemm_kernel(float const *, int, float const *, int, float*, int)",46235
11.299776,0.001504,,,,,,,,,,112,71.018300,"Pageable","Device","Tesla V100-PCIE-32GB (0)","1","7","[CUDA memcpy HtoD]",46254
11.300440,0.019232,2048,1,1,384,1,1,16,0.000000,0.000000,,,,,"Tesla V100-PCIE-32GB (0)","1","7","void scal_kernel_val<double, double>(cublasScalParamsVal<double, double>)",46368
11.300888,7.958743,1597,4,1,256,1,1,122,16.250000,0.000000,,,,,"Tesla V100-PCIE-32GB (0)","1","7","cosmaSgemm_kernel(float const *, int, float const *, int, float*, int)",46397
11.308856,0.001472,,,,,,,,,,112,72.562176,"Pageable","Device","Tesla V100-PCIE-32GB (0)","1","7","[CUDA memcpy HtoD]",46416
11.313547,0.019103,2048,1,1,384,1,1,16,0.000000,0.000000,,,,,"Tesla V100-PCIE-32GB (0)","1","7","void scal_kernel_val<double, double>(cublasScalParamsVal<double, double>)",46530
11.314016,7.961623,1597,4,1,256,1,1,122,16.250000,0.000000,,,,,"Tesla V100-PCIE-32GB (0)","1","7","cosmaSgemm_kernel(float const *, int, float const *, int, float*, int)",46559
11.321986,0.001760,,,,,,,,,,112,60.688365,"Pageable","Device","Tesla V100-PCIE-32GB (0)","1","7","[CUDA memcpy HtoD]",46578
11.322657,0.019552,2048,1,1,384,1,1,16,0.000000,0.000000,,,,,"Tesla V100-PCIE-32GB (0)","1","7","void scal_kernel_val<double, double>(cublasScalParamsVal<double, double>)",46692
11.323121,7.961782,1597,4,1,256,1,1,122,16.250000,0.000000,,,,,"Tesla V100-PCIE-32GB (0)","1","7","cosmaSgemm_kernel(float const *, int, float const *, int, float*, int)",46721
11.331093,0.001504,,,,,,,,,,112,71.018300,"Pageable","Device","Tesla V100-PCIE-32GB (0)","1","7","[CUDA memcpy HtoD]",46740
11.331774,0.019584,2048,1,1,384,1,1,16,0.000000,0.000000,,,,,"Tesla V100-PCIE-32GB (0)","1","7","void scal_kernel_val<double, double>(cublasScalParamsVal<double, double>)",46854
11.332216,7.963895,1597,4,1,256,1,1,122,16.250000,0.000000,,,,,"Tesla V100-PCIE-32GB (0)","1","7","cosmaSgemm_kernel(float const *, int, float const *, int, float*, int)",46883
11.340189,0.001504,,,,,,,,,,112,71.018300,"Pageable","Device","Tesla V100-PCIE-32GB (0)","1","7","[CUDA memcpy HtoD]",46902
11.341085,0.019008,2048,1,1,384,1,1,16,0.000000,0.000000,,,,,"Tesla V100-PCIE-32GB (0)","1","7","void scal_kernel_val<double, double>(cublasScalParamsVal<double, double>)",47016
11.341689,7.966231,1597,4,1,256,1,1,122,16.250000,0.000000,,,,,"Tesla V100-PCIE-32GB (0)","1","7","cosmaSgemm_kernel(float const *, int, float const *, int, float*, int)",47045
11.349664,0.001472,,,,,,,,,,112,72.562176,"Pageable","Device","Tesla V100-PCIE-32GB (0)","1","7","[CUDA memcpy HtoD]",47064
11.350584,0.019520,2048,1,1,384,1,1,16,0.000000,0.000000,,,,,"Tesla V100-PCIE-32GB (0)","1","7","void scal_kernel_val<double, double>(cublasScalParamsVal<double, double>)",47178
11.351044,7.958615,1597,4,1,256,1,1,122,16.250000,0.000000,,,,,"Tesla V100-PCIE-32GB (0)","1","7","cosmaSgemm_kernel(float const *, int, float const *, int, float*, int)",47207
11.359014,0.001472,,,,,,,,,,112,72.562176,"Pageable","Device","Tesla V100-PCIE-32GB (0)","1","7","[CUDA memcpy HtoD]",47226
11.359678,0.019711,2048,1,1,384,1,1,16,0.000000,0.000000,,,,,"Tesla V100-PCIE-32GB (0)","1","7","void scal_kernel_val<double, double>(cublasScalParamsVal<double, double>)",47340
11.360121,7.957527,1597,4,1,256,1,1,122,16.250000,0.000000,,,,,"Tesla V100-PCIE-32GB (0)","1","7","cosmaSgemm_kernel(float const *, int, float const *, int, float*, int)",47369
11.368087,0.001472,,,,,,,,,,112,72.562176,"Pageable","Device","Tesla V100-PCIE-32GB (0)","1","7","[CUDA memcpy HtoD]",47388
11.368761,0.019680,2048,1,1,384,1,1,16,0.000000,0.000000,,,,,"Tesla V100-PCIE-32GB (0)","1","7","void scal_kernel_val<double, double>(cublasScalParamsVal<double, double>)",47502
11.370549,7.957718,1597,4,1,256,1,1,122,16.250000,0.000000,,,,,"Tesla V100-PCIE-32GB (0)","1","7","cosmaSgemm_kernel(float const *, int, float const *, int, float*, int)",47531
11.378516,0.001504,,,,,,,,,,112,71.018300,"Pageable","Device","Tesla V100-PCIE-32GB (0)","1","7","[CUDA memcpy HtoD]",47550
11.379188,0.018560,2048,1,1,384,1,1,16,0.000000,0.000000,,,,,"Tesla V100-PCIE-32GB (0)","1","7","void scal_kernel_val<double, double>(cublasScalParamsVal<double, double>)",47664
11.379626,7.962327,1597,4,1,256,1,1,122,16.250000,0.000000,,,,,"Tesla V100-PCIE-32GB (0)","1","7","cosmaSgemm_kernel(float const *, int, float const *, int, float*, int)",47693
11.387598,0.001504,,,,,,,,,,112,71.018300,"Pageable","Device","Tesla V100-PCIE-32GB (0)","1","7","[CUDA memcpy HtoD]",47712
11.388270,0.019424,2048,1,1,384,1,1,16,0.000000,0.000000,,,,,"Tesla V100-PCIE-32GB (0)","1","7","void scal_kernel_val<double, double>(cublasScalParamsVal<double, double>)",47826
11.388716,7.963670,1597,4,1,256,1,1,122,16.250000,0.000000,,,,,"Tesla V100-PCIE-32GB (0)","1","7","cosmaSgemm_kernel(float const *, int, float const *, int, float*, int)",47855
11.396689,0.001472,,,,,,,,,,112,72.562176,"Pageable","Device","Tesla V100-PCIE-32GB (0)","1","7","[CUDA memcpy HtoD]",47874
11.397362,0.019008,2048,1,1,384,1,1,16,0.000000,0.000000,,,,,"Tesla V100-PCIE-32GB (0)","1","7","void scal_kernel_val<double, double>(cublasScalParamsVal<double, double>)",47988
11.397814,7.961495,1597,4,1,256,1,1,122,16.250000,0.000000,,,,,"Tesla V100-PCIE-32GB (0)","1","7","cosmaSgemm_kernel(float const *, int, float const *, int, float*, int)",48017
11.405785,0.001472,,,,,,,,,,112,72.562176,"Pageable","Device","Tesla V100-PCIE-32GB (0)","1","7","[CUDA memcpy HtoD]",48036
11.406459,0.019423,2048,1,1,384,1,1,16,0.000000,0.000000,,,,,"Tesla V100-PCIE-32GB (0)","1","7","void scal_kernel_val<double, double>(cublasScalParamsVal<double, double>)",48150
11.406907,7.963575,1597,4,1,256,1,1,122,16.250000,0.000000,,,,,"Tesla V100-PCIE-32GB (0)","1","7","cosmaSgemm_kernel(float const *, int, float const *, int, float*, int)",48179
11.414880,0.001504,,,,,,,,,,112,71.018300,"Pageable","Device","Tesla V100-PCIE-32GB (0)","1","7","[CUDA memcpy HtoD]",48198
11.415544,0.019008,2048,1,1,384,1,1,16,0.000000,0.000000,,,,,"Tesla V100-PCIE-32GB (0)","1","7","void scal_kernel_val<double, double>(cublasScalParamsVal<double, double>)",48312
11.415993,7.958967,1597,4,1,256,1,1,122,16.250000,0.000000,,,,,"Tesla V100-PCIE-32GB (0)","1","7","cosmaSgemm_kernel(float const *, int, float const *, int, float*, int)",48341
11.423961,0.001504,,,,,,,,,,112,71.018300,"Pageable","Device","Tesla V100-PCIE-32GB (0)","1","7","[CUDA memcpy HtoD]",48360
11.424632,0.019583,2048,1,1,384,1,1,16,0.000000,0.000000,,,,,"Tesla V100-PCIE-32GB (0)","1","7","void scal_kernel_val<double, double>(cublasScalParamsVal<double, double>)",48474
11.425079,7.962967,1597,4,1,256,1,1,122,16.250000,0.000000,,,,,"Tesla V100-PCIE-32GB (0)","1","7","cosmaSgemm_kernel(float const *, int, float const *, int, float*, int)",48503
11.433051,0.001504,,,,,,,,,,112,71.018300,"Pageable","Device","Tesla V100-PCIE-32GB (0)","1","7","[CUDA memcpy HtoD]",48522
11.433740,0.019584,2048,1,1,384,1,1,16,0.000000,0.000000,,,,,"Tesla V100-PCIE-32GB (0)","1","7","void scal_kernel_val<double, double>(cublasScalParamsVal<double, double>)",48636
11.434188,7.965015,1597,4,1,256,1,1,122,16.250000,0.000000,,,,,"Tesla V100-PCIE-32GB (0)","1","7","cosmaSgemm_kernel(float const *, int, float const *, int, float*, int)",48665
11.442162,0.001472,,,,,,,,,,112,72.562176,"Pageable","Device","Tesla V100-PCIE-32GB (0)","1","7","[CUDA memcpy HtoD]",48684
11.442830,0.019520,2048,1,1,384,1,1,16,0.000000,0.000000,,,,,"Tesla V100-PCIE-32GB (0)","1","7","void scal_kernel_val<double, double>(cublasScalParamsVal<double, double>)",48798
11.443277,7.958743,1597,4,1,256,1,1,122,16.250000,0.000000,,,,,"Tesla V100-PCIE-32GB (0)","1","7","cosmaSgemm_kernel(float const *, int, float const *, int, float*, int)",48827
11.451244,0.001472,,,,,,,,,,112,72.562176,"Pageable","Device","Tesla V100-PCIE-32GB (0)","1","7","[CUDA memcpy HtoD]",48846
11.453441,0.019040,2048,1,1,384,1,1,16,0.000000,0.000000,,,,,"Tesla V100-PCIE-32GB (0)","1","7","void scal_kernel_val<double, double>(cublasScalParamsVal<double, double>)",48960
